#GRAPH (#nodes #edges id uu vv ww xx yy zz):
#100 322 geo(0,{100,100,3,0.033,0.000,0.000}) 100 
#
VERTICES (index name u v w x y z):
0 0 33 50 
1 1 31 1 
2 2 79 13 
3 3 72 53 
4 4 98 21 
5 5 30 78 
6 6 69 90 
7 7 9 6 
8 8 7 56 
9 9 23 35 
10 10 77 68 
11 11 12 20 
12 12 30 87 
13 13 64 28 
14 14 52 19 
15 15 22 77 
16 16 62 89 
17 17 28 72 
18 18 55 59 
19 19 67 24 
20 20 66 10 
21 21 75 31 
22 22 10 4 
23 23 98 30 
24 24 83 62 
25 25 97 56 
26 26 59 3 
27 27 4 68 
28 28 49 18 
29 29 65 16 
30 30 39 42 
31 31 56 87 
32 32 62 37 
33 33 86 23 
34 34 85 34 
35 35 95 79 
36 36 3 10 
37 37 20 41 
38 38 79 33 
39 39 51 3 
40 40 48 2 
41 41 1 61 
42 42 76 38 
43 43 39 0 
44 44 87 43 
45 45 8 83 
46 46 39 40 
47 47 99 93 
48 48 53 61 
49 49 63 84 
50 50 89 27 
51 51 17 75 
52 52 39 10 
53 53 27 39 
54 54 91 84 
55 55 38 10 
56 56 2 85 
57 57 64 20 
58 58 20 27 
59 59 73 21 
60 60 57 62 
61 61 68 74 
62 62 15 71 
63 63 61 64 
64 64 3 90 
65 65 92 65 
66 66 78 50 
67 67 31 19 
68 68 12 63 
69 69 57 4 
70 70 38 87 
71 71 59 5 
72 72 87 9 
73 73 0 74 
74 74 59 87 
75 75 55 30 
76 76 49 14 
77 77 55 1 
78 78 72 77 
79 79 90 86 
80 80 60 6 
81 81 81 83 
82 82 62 48 
83 83 84 51 
84 84 44 30 
85 85 88 73 
86 86 34 14 
87 87 54 33 
88 88 35 75 
89 89 72 16 
90 90 80 45 
91 91 6 17 
92 92 74 21 
93 93 6 75 
94 94 45 64 
95 95 69 54 
96 96 90 26 
97 97 4 95 
98 98 99 90 
99 99 3 13 
#
EDGES (from-node to-node length a b):
0 96 62 0 
0 76 39 0 
0 72 68 0 
1 70 86 0 
1 56 89 0 
2 83 38 0 
2 69 24 0 
2 61 62 0 
2 58 61 0 
2 47 82 0 
3 89 37 0 
3 81 31 0 
3 53 47 0 
3 40 56 0 
4 56 115 0 
4 34 18 0 
4 24 44 0 
4 19 31 0 
5 88 6 0 
5 46 39 0 
5 31 28 0 
5 10 48 0 
6 87 59 0 
6 74 10 0 
6 65 34 0 
6 59 69 0 
7 40 39 0 
7 17 69 0 
8 50 87 0 
8 22 52 0 
8 10 71 0 
9 55 29 0 
9 47 96 0 
9 42 53 0 
9 36 32 0 
10 94 32 0 
10 85 12 0 
10 66 18 0 
10 50 43 0 
10 34 35 0 
10 27 73 0 
11 21 64 0 
12 83 65 0 
12 32 59 0 
13 84 20 0 
14 53 32 0 
14 40 17 0 
15 75 57 0 
15 39 79 0 
16 40 88 0 
16 37 64 0 
17 87 47 0 
17 35 67 0 
18 61 20 0 
18 20 50 0 
19 86 34 0 
19 53 43 0 
19 45 83 0 
20 86 32 0 
20 75 23 0 
21 97 96 0 
21 92 10 0 
21 91 70 0 
21 27 80 0 
22 85 104 0 
22 72 77 0 
22 37 38 0 
22 35 113 0 
23 28 50 0 
24 71 62 0 
24 41 82 0 
25 77 69 0 
25 64 100 0 
25 36 105 0 
26 59 23 0 
26 57 18 0 
26 53 48 0 
26 28 18 0 
27 57 77 0 
27 49 61 0 
29 99 62 0 
29 97 100 0 
29 79 74 0 
29 40 22 0 
30 61 43 0 
31 62 44 0 
31 54 35 0 
33 68 84 0 
33 66 28 0 
33 61 54 0 
34 92 17 0 
34 84 41 0 
34 45 91 0 
34 40 49 0 
35 45 87 0 
36 78 96 0 
37 95 51 0 
37 67 25 0 
38 90 12 0 
38 39 41 0 
39 74 84 0 
39 65 74 0 
39 47 102 0 
39 44 54 0 
40 58 38 0 
40 51 79 0 
41 71 81 0 
42 85 37 0 
42 84 33 0 
42 75 22 0 
42 73 84 0 
42 48 33 0 
43 92 41 0 
43 70 87 0 
44 65 23 0 
45 51 12 0 
46 75 19 0 
47 75 77 0 
47 58 103 0 
47 56 97 0 
47 53 90 0 
48 55 53 0 
49 58 71 0 
49 57 64 0 
50 94 57 0 
50 66 25 0 
50 59 17 0 
51 87 56 0 
51 76 69 0 
51 74 44 0 
52 80 21 0 
52 75 26 0 
52 74 80 0 
54 87 63 0 
54 56 89 0 
55 60 55 0 
57 73 84 0 
58 93 50 0 
60 88 26 0 
60 73 58 0 
60 63 4 0 
61 97 67 0 
61 87 43 0 
62 82 52 0 
62 78 57 0 
64 69 102 0 
67 83 62 0 
67 82 42 0 
68 74 53 0 
70 98 61 0 
70 76 74 0 
72 80 27 0 
74 96 68 0 
75 94 35 0 
75 84 11 0 
79 94 50 0 
81 94 41 0 
85 91 99 0 
87 94 32 0 
87 91 51 0 
88 90 54 0 
