#GRAPH (#nodes #edges id uu vv ww xx yy zz):
#100 370 geo(0,{100,100,3,0.033,0.000,0.000}) 100 
#
VERTICES (index name u v w x y z):
0 0 51 30 
1 1 60 47 
2 2 25 92 
3 3 4 90 
4 4 37 39 
5 5 69 66 
6 6 69 65 
7 7 72 63 
8 8 69 58 
9 9 68 24 
10 10 73 51 
11 11 93 27 
12 12 95 75 
13 13 40 48 
14 14 4 83 
15 15 54 75 
16 16 43 64 
17 17 32 92 
18 18 81 62 
19 19 74 91 
20 20 87 51 
21 21 10 64 
22 22 74 58 
23 23 60 10 
24 24 83 44 
25 25 54 15 
26 26 10 47 
27 27 73 81 
28 28 27 7 
29 29 30 48 
30 30 4 9 
31 31 66 24 
32 32 87 32 
33 33 99 32 
34 34 7 40 
35 35 9 69 
36 36 24 76 
37 37 29 64 
38 38 65 48 
39 39 86 70 
40 40 51 53 
41 41 65 25 
42 42 88 95 
43 43 24 13 
44 44 52 85 
45 45 67 37 
46 46 6 32 
47 47 2 48 
48 48 82 92 
49 49 43 57 
50 50 86 45 
51 51 41 25 
52 52 61 36 
53 53 1 91 
54 54 35 59 
55 55 12 72 
56 56 8 80 
57 57 33 15 
58 58 87 75 
59 59 38 42 
60 60 77 32 
61 61 47 10 
62 62 26 79 
63 63 8 26 
64 64 83 18 
65 65 14 19 
66 66 12 14 
67 67 69 55 
68 68 47 98 
69 69 15 89 
70 70 70 91 
71 71 34 93 
72 72 55 67 
73 73 33 97 
74 74 14 78 
75 75 9 98 
76 76 41 11 
77 77 50 94 
78 78 84 20 
79 79 49 87 
80 80 30 75 
81 81 40 28 
82 82 5 66 
83 83 26 97 
84 84 83 9 
85 85 61 76 
86 86 96 76 
87 87 5 54 
88 88 46 29 
89 89 0 87 
90 90 39 41 
91 91 5 74 
92 92 54 74 
93 93 99 7 
94 94 2 94 
95 95 94 11 
96 96 97 24 
97 97 2 11 
98 98 79 62 
99 99 85 23 
#
EDGES (from-node to-node length a b):
0 5 40 0 
1 86 46 0 
1 67 12 0 
1 59 23 0 
1 9 24 0 
2 51 69 0 
2 7 55 0 
3 82 24 0 
3 32 101 0 
4 95 64 0 
4 69 55 0 
4 52 24 0 
5 11 46 0 
6 92 17 0 
6 71 45 0 
7 93 62 0 
7 91 68 0 
7 78 45 0 
7 61 59 0 
7 23 54 0 
8 55 59 0 
8 50 21 0 
8 30 81 0 
8 29 40 0 
9 47 70 0 
9 41 3 0 
9 26 62 0 
10 81 40 0 
10 53 82 0 
11 78 11 0 
11 66 82 0 
11 30 91 0 
11 18 37 0 
11 14 105 0 
12 94 95 0 
12 81 72 0 
12 67 33 0 
12 25 73 0 
13 82 39 0 
13 77 47 0 
13 74 40 0 
13 58 54 0 
13 50 46 0 
13 40 12 0 
14 97 72 0 
14 70 66 0 
14 54 39 0 
15 98 28 0 
15 84 72 0 
15 53 55 0 
15 34 59 0 
16 40 14 0 
17 71 2 0 
17 70 38 0 
17 50 72 0 
17 36 18 0 
18 91 77 0 
18 65 80 0 
18 57 67 0 
18 46 81 0 
18 21 71 0 
19 73 41 0 
19 38 44 0 
19 26 78 0 
19 22 33 0 
20 99 28 0 
20 90 49 0 
20 71 68 0 
20 68 62 0 
20 64 33 0 
21 50 78 0 
21 35 5 0 
21 27 65 0 
22 94 80 0 
22 69 67 0 
22 30 85 0 
23 51 24 0 
23 50 44 0 
23 47 69 0 
23 25 8 0 
24 89 93 0 
24 88 40 0 
24 68 65 0 
24 30 86 0 
25 89 90 0 
25 68 83 0 
25 67 43 0 
25 53 93 0 
25 27 69 0 
26 92 52 0 
26 59 28 0 
27 96 62 0 
27 80 43 0 
27 47 78 0 
28 96 72 0 
28 39 86 0 
29 70 59 0 
29 66 38 0 
29 50 56 0 
30 87 45 0 
30 65 14 0 
30 64 80 0 
30 53 82 0 
30 39 102 0 
31 94 95 0 
31 82 74 0 
31 48 70 0 
31 40 33 0 
31 34 61 0 
32 67 29 0 
32 63 79 0 
32 56 92 0 
32 55 85 0 
32 50 13 0 
33 78 19 0 
33 60 22 0 
33 47 98 0 
33 36 87 0 
34 88 41 0 
34 60 70 0 
34 59 31 0 
35 94 26 0 
35 80 22 0 
35 44 46 0 
36 48 60 0 
37 96 79 0 
37 74 21 0 
37 69 29 0 
37 40 25 0 
37 39 57 0 
38 77 48 0 
38 72 21 0 
38 71 55 0 
40 80 30 0 
40 74 45 0 
40 63 51 0 
42 83 62 0 
42 74 76 0 
42 55 79 0 
42 53 87 0 
43 99 62 0 
43 84 59 0 
43 81 22 0 
45 95 37 0 
45 60 11 0 
46 84 80 0 
46 48 97 0 
47 90 38 0 
48 79 33 0 
49 93 75 0 
50 87 81 0 
50 80 64 0 
50 64 27 0 
51 79 63 0 
51 68 73 0 
52 82 64 0 
54 96 71 0 
56 89 11 0 
56 60 84 0 
57 90 27 0 
58 67 27 0 
59 99 51 0 
59 93 70 0 
61 92 64 0 
62 92 28 0 
62 82 25 0 
63 73 75 0 
66 84 71 0 
66 82 52 0 
66 75 84 0 
67 70 36 0 
69 87 36 0 
69 70 55 0 
70 83 44 0 
70 82 70 0 
73 82 42 0 
74 89 17 0 
74 79 36 0 
76 89 86 0 
76 79 76 0 
79 83 25 0 
82 88 55 0 
85 87 60 0 
86 90 67 0 
88 96 51 0 
