#GRAPH (#nodes #edges id uu vv ww xx yy zz):
#100 344 geo(0,{100,100,3,0.033,0.000,0.000}) 100 
#
VERTICES (index name u v w x y z):
0 0 7 13 
1 1 42 67 
2 2 51 3 
3 3 26 68 
4 4 81 42 
5 5 85 3 
6 6 69 78 
7 7 61 45 
8 8 92 93 
9 9 96 19 
10 10 64 75 
11 11 80 27 
12 12 28 62 
13 13 15 28 
14 14 55 11 
15 15 36 64 
16 16 46 85 
17 17 99 33 
18 18 50 57 
19 19 3 99 
20 20 73 9 
21 21 49 85 
22 22 93 47 
23 23 0 13 
24 24 0 12 
25 25 9 6 
26 26 57 5 
27 27 85 79 
28 28 39 66 
29 29 81 35 
30 30 35 53 
31 31 25 96 
32 32 8 39 
33 33 50 91 
34 34 38 67 
35 35 96 61 
36 36 69 50 
37 37 3 1 
38 38 37 25 
39 39 6 21 
40 40 98 25 
41 41 86 73 
42 42 86 78 
43 43 13 69 
44 44 34 94 
45 45 1 26 
46 46 40 42 
47 47 49 79 
48 48 72 46 
49 49 64 63 
50 50 86 55 
51 51 21 7 
52 52 64 90 
53 53 90 82 
54 54 73 6 
55 55 99 25 
56 56 99 53 
57 57 80 72 
58 58 17 61 
59 59 98 0 
60 60 60 4 
61 61 99 85 
62 62 21 76 
63 63 42 84 
64 64 54 78 
65 65 76 70 
66 66 66 46 
67 67 35 84 
68 68 86 45 
69 69 28 38 
70 70 78 87 
71 71 42 8 
72 72 79 94 
73 73 40 1 
74 74 46 68 
75 75 19 33 
76 76 96 73 
77 77 73 67 
78 78 7 8 
79 79 86 62 
80 80 87 89 
81 81 93 48 
82 82 0 26 
83 83 27 74 
84 84 15 55 
85 85 34 87 
86 86 96 29 
87 87 80 99 
88 88 85 55 
89 89 41 84 
90 90 43 71 
91 91 11 62 
92 92 56 88 
93 93 72 83 
94 94 28 33 
95 95 24 29 
96 96 32 53 
97 97 4 24 
98 98 96 47 
99 99 20 9 
#
EDGES (from-node to-node length a b):
0 45 14 0 
0 30 49 0 
1 37 77 0 
1 5 77 0 
2 99 32 0 
2 52 88 0 
2 42 83 0 
2 40 52 0 
3 10 39 0 
3 4 61 0 
4 69 53 0 
4 55 25 0 
4 50 14 0 
4 46 41 0 
4 33 58 0 
4 15 50 0 
5 60 25 0 
6 82 86 0 
6 27 16 0 
6 8 27 0 
7 96 30 0 
7 82 64 0 
7 72 52 0 
7 65 29 0 
7 22 32 0 
8 90 54 0 
8 59 93 0 
9 55 7 0 
9 40 6 0 
9 23 96 0 
10 70 18 0 
10 52 15 0 
10 29 43 0 
11 69 53 0 
12 63 26 0 
13 80 94 0 
13 43 41 0 
14 97 53 0 
14 55 46 0 
14 25 46 0 
14 24 55 0 
15 53 57 0 
15 24 63 0 
16 86 75 0 
16 68 57 0 
16 57 36 0 
16 18 28 0 
17 95 75 0 
17 91 93 0 
17 80 57 0 
17 78 95 0 
17 73 67 0 
17 26 50 0 
18 32 46 0 
18 25 65 0 
18 20 53 0 
19 71 99 0 
19 62 29 0 
20 99 53 0 
20 90 69 0 
20 81 44 0 
20 58 76 0 
20 55 31 0 
20 40 30 0 
21 80 38 0 
21 38 61 0 
21 30 35 0 
21 28 21 0 
22 77 28 0 
23 94 34 0 
23 93 100 0 
23 30 53 0 
25 81 94 0 
25 33 94 0 
26 68 49 0 
27 60 79 0 
27 59 80 0 
27 31 62 0 
28 96 15 0 
28 34 1 0 
29 77 33 0 
29 60 37 0 
30 86 66 0 
30 79 52 0 
30 75 26 0 
30 74 19 0 
30 69 17 0 
30 39 43 0 
31 94 63 0 
31 58 36 0 
32 89 56 0 
32 80 93 0 
32 68 78 0 
32 66 58 0 
32 54 73 0 
33 83 29 0 
33 80 37 0 
34 89 17 0 
34 77 35 0 
35 55 36 0 
36 72 45 0 
37 50 99 0 
38 90 46 0 
38 85 62 0 
38 71 18 0 
38 53 78 0 
39 77 81 0 
39 51 21 0 
39 41 95 0 
41 88 18 0 
41 78 102 0 
41 66 34 0 
42 76 11 0 
42 63 44 0 
42 60 78 0 
42 57 8 0 
43 98 86 0 
43 81 83 0 
43 44 33 0 
44 68 71 0 
44 60 94 0 
44 46 52 0 
46 76 64 0 
46 59 72 0 
47 94 51 0 
47 92 11 0 
48 83 53 0 
49 54 58 0 
50 73 71 0 
50 63 53 0 
51 88 80 0 
51 82 28 0 
51 76 100 0 
51 75 26 0 
51 73 20 0 
51 63 80 0 
51 53 102 0 
52 83 40 0 
52 77 25 0 
52 73 92 0 
53 66 43 0 
53 61 9 0 
54 97 71 0 
55 86 5 0 
55 68 24 0 
56 59 53 0 
59 70 89 0 
61 95 94 0 
63 93 30 0 
63 86 77 0 
63 85 9 0 
64 90 13 0 
65 82 88 0 
67 91 33 0 
67 76 62 0 
68 97 85 0 
68 90 50 0 
69 91 29 0 
71 78 35 0 
72 84 75 0 
73 78 34 0 
73 74 67 0 
75 94 9 0 
76 77 24 0 
78 91 54 0 
78 87 117 0 
79 92 40 0 
79 86 34 0 
81 84 78 0 
84 85 37 0 
85 91 34 0 
94 99 25 0 
