#GRAPH (#nodes #edges id uu vv ww xx yy zz):
#100 382 geo(0,{100,100,3,0.033,0.000,0.000}) 100 
#
VERTICES (index name u v w x y z):
0 0 8 59 
1 1 78 79 
2 2 61 11 
3 3 76 73 
4 4 48 60 
5 5 80 78 
6 6 90 20 
7 7 99 19 
8 8 53 96 
9 9 41 73 
10 10 81 39 
11 11 29 70 
12 12 17 67 
13 13 20 20 
14 14 87 26 
15 15 21 96 
16 16 33 69 
17 17 20 45 
18 18 6 78 
19 19 54 15 
20 20 29 93 
21 21 81 49 
22 22 21 5 
23 23 43 62 
24 24 70 6 
25 25 36 17 
26 26 64 37 
27 27 99 69 
28 28 34 70 
29 29 90 10 
30 30 93 32 
31 31 77 82 
32 32 41 78 
33 33 56 95 
34 34 66 18 
35 35 52 84 
36 36 83 86 
37 37 14 80 
38 38 85 53 
39 39 61 43 
40 40 2 57 
41 41 84 62 
42 42 66 92 
43 43 44 66 
44 44 19 50 
45 45 22 95 
46 46 2 81 
47 47 67 17 
48 48 13 3 
49 49 7 1 
50 50 54 24 
51 51 9 74 
52 52 65 63 
53 53 84 73 
54 54 8 77 
55 55 0 15 
56 56 50 18 
57 57 23 30 
58 58 56 90 
59 59 77 67 
60 60 62 43 
61 61 45 96 
62 62 14 15 
63 63 8 48 
64 64 91 2 
65 65 45 97 
66 66 81 36 
67 67 0 75 
68 68 56 80 
69 69 74 63 
70 70 24 87 
71 71 53 74 
72 72 16 61 
73 73 50 70 
74 74 4 85 
75 75 24 83 
76 76 95 12 
77 77 83 36 
78 78 72 73 
79 79 91 27 
80 80 49 4 
81 81 88 3 
82 82 16 57 
83 83 13 93 
84 84 82 9 
85 85 41 60 
86 86 8 62 
87 87 26 96 
88 88 65 25 
89 89 82 0 
90 90 59 51 
91 91 27 87 
92 92 35 6 
93 93 75 24 
94 94 23 9 
95 95 39 9 
96 96 21 83 
97 97 89 96 
98 98 30 15 
99 99 89 14 
#
EDGES (from-node to-node length a b):
0 25 50 0 
0 15 39 0 
1 87 55 0 
1 70 55 0 
1 48 100 0 
1 45 58 0 
1 7 64 0 
2 99 28 0 
2 72 67 0 
2 38 48 0 
2 28 65 0 
2 25 26 0 
2 22 40 0 
2 21 43 0 
3 69 10 0 
3 59 6 0 
3 27 23 0 
3 12 59 0 
4 77 42 0 
4 52 17 0 
4 51 41 0 
4 25 45 0 
4 22 61 0 
5 76 68 0 
5 35 29 0 
5 32 39 0 
5 31 5 0 
6 71 65 0 
6 51 97 0 
6 10 21 0 
7 71 72 0 
7 41 46 0 
8 96 35 0 
8 65 8 0 
8 54 49 0 
9 99 76 0 
9 70 22 0 
9 46 40 0 
9 38 48 0 
9 32 5 0 
10 61 67 0 
10 51 80 0 
10 41 23 0 
11 65 31 0 
11 37 18 0 
12 90 45 0 
12 73 33 0 
13 47 47 0 
13 27 93 0 
14 80 44 0 
14 79 4 0 
14 29 16 0 
14 20 89 0 
15 60 67 0 
15 59 63 0 
15 51 25 0 
15 19 87 0 
16 75 17 0 
16 38 54 0 
16 29 82 0 
17 22 40 0 
17 19 45 0 
18 92 78 0 
18 82 23 0 
18 74 7 0 
18 32 35 0 
18 23 40 0 
19 21 43 0 
20 90 52 0 
20 77 79 0 
20 68 30 0 
20 67 34 0 
21 25 55 0 
22 61 94 0 
22 23 61 0 
23 50 40 0 
24 79 30 0 
24 33 90 0 
24 31 76 0 
25 98 6 0 
25 94 15 0 
26 96 63 0 
26 73 36 0 
27 93 51 0 
27 77 37 0 
27 66 38 0 
28 96 18 0 
28 92 64 0 
28 71 19 0 
28 49 74 0 
29 95 51 0 
29 70 101 0 
29 64 8 0 
30 95 59 0 
30 69 36 0 
30 36 55 0 
31 80 83 0 
31 78 10 0 
31 72 65 0 
31 56 69 0 
31 36 7 0 
32 65 19 0 
33 98 84 0 
33 79 76 0 
33 70 33 0 
33 52 33 0 
34 88 7 0 
34 69 46 0 
34 36 70 0 
35 95 76 0 
35 86 49 0 
35 80 80 0 
35 48 90 0 
35 39 42 0 
35 37 38 0 
36 92 93 0 
36 66 50 0 
36 52 29 0 
37 77 82 0 
37 66 80 0 
37 46 12 0 
38 97 43 0 
38 71 38 0 
40 44 18 0 
41 95 70 0 
41 75 64 0 
41 47 48 0 
42 90 42 0 
43 70 29 0 
43 45 36 0 
44 73 37 0 
44 63 11 0 
44 50 44 0 
44 46 35 0 
45 95 88 0 
45 89 112 0 
46 83 16 0 
46 68 54 0 
46 55 66 0 
47 90 35 0 
47 61 82 0 
48 84 69 0 
48 54 74 0 
51 64 109 0 
51 54 3 0 
52 90 13 0 
53 73 34 0 
54 88 77 0 
56 95 14 0 
56 66 36 0 
57 69 61 0 
57 65 71 0 
57 63 23 0 
58 84 85 0 
59 60 28 0 
60 67 70 0 
61 99 93 0 
61 96 27 0 
61 64 105 0 
61 62 87 0 
62 83 78 0 
63 91 43 0 
64 68 85 0 
65 97 44 0 
65 85 37 0 
68 94 78 0 
68 84 76 0 
69 94 74 0 
69 81 62 0 
69 72 58 0 
69 70 55 0 
70 91 3 0 
70 79 90 0 
71 96 33 0 
71 91 29 0 
72 75 23 0 
73 75 29 0 
74 98 75 0 
74 89 115 0 
75 81 102 0 
76 82 91 0 
77 91 76 0 
77 84 27 0 
78 99 61 0 
78 87 51 0 
79 97 69 0 
87 89 111 0 
88 94 45 0 
90 97 54 0 
92 99 55 0 
95 99 50 0 
