#GRAPH (#nodes #edges id uu vv ww xx yy zz):
#100 362 geo(0,{100,100,3,0.033,0.000,0.000}) 100 
#
VERTICES (index name u v w x y z):
0 0 94 89 
1 1 68 5 
2 2 67 41 
3 3 94 45 
4 4 68 47 
5 5 23 6 
6 6 70 14 
7 7 6 47 
8 8 53 30 
9 9 89 51 
10 10 17 62 
11 11 91 63 
12 12 86 33 
13 13 2 17 
14 14 2 13 
15 15 44 29 
16 16 45 94 
17 17 92 80 
18 18 55 33 
19 19 14 5 
20 20 82 69 
21 21 71 76 
22 22 3 65 
23 23 65 66 
24 24 45 86 
25 25 8 93 
26 26 69 11 
27 27 28 78 
28 28 35 65 
29 29 39 1 
30 30 31 25 
31 31 10 12 
32 32 21 36 
33 33 73 80 
34 34 4 78 
35 35 30 46 
36 36 73 93 
37 37 43 6 
38 38 67 92 
39 39 47 16 
40 40 2 51 
41 41 66 66 
42 42 58 17 
43 43 83 56 
44 44 26 87 
45 45 24 19 
46 46 97 9 
47 47 62 70 
48 48 81 26 
49 49 51 32 
50 50 53 40 
51 51 2 93 
52 52 64 41 
53 53 90 19 
54 54 84 47 
55 55 7 71 
56 56 22 66 
57 57 4 36 
58 58 84 5 
59 59 91 12 
60 60 88 93 
61 61 73 71 
62 62 12 25 
63 63 12 52 
64 64 22 15 
65 65 3 50 
66 66 75 29 
67 67 19 64 
68 68 43 73 
69 69 45 95 
70 70 89 5 
71 71 69 9 
72 72 96 94 
73 73 94 55 
74 74 54 69 
75 75 93 75 
76 76 57 97 
77 77 58 98 
78 78 77 60 
79 79 22 68 
80 80 77 19 
81 81 22 97 
82 82 20 29 
83 83 19 20 
84 84 83 78 
85 85 73 42 
86 86 55 41 
87 87 25 6 
88 88 69 2 
89 89 22 3 
90 90 11 42 
91 91 19 44 
92 92 12 19 
93 93 97 35 
94 94 27 26 
95 95 0 50 
96 96 31 26 
97 97 98 98 
98 98 35 30 
99 99 20 83 
#
EDGES (from-node to-node length a b):
0 62 104 0 
0 8 72 0 
1 73 56 0 
1 70 21 0 
1 45 46 0 
1 35 56 0 
1 12 33 0 
2 57 63 0 
2 28 40 0 
3 67 77 0 
3 48 23 0 
4 63 56 0 
4 45 52 0 
4 38 45 0 
5 93 79 0 
5 81 91 0 
5 47 75 0 
5 46 74 0 
5 45 13 0 
5 11 89 0 
5 7 44 0 
6 79 72 0 
6 78 47 0 
6 58 17 0 
6 55 85 0 
6 52 28 0 
6 48 16 0 
6 19 57 0 
7 78 72 0 
7 77 73 0 
7 68 45 0 
7 46 99 0 
7 44 45 0 
7 42 60 0 
8 54 35 0 
8 11 50 0 
9 95 89 0 
9 69 62 0 
9 10 73 0 
10 76 53 0 
10 58 88 0 
10 38 58 0 
11 97 36 0 
11 74 37 0 
11 72 31 0 
11 37 75 0 
11 35 63 0 
11 19 96 0 
12 89 71 0 
12 76 70 0 
12 70 28 0 
12 65 85 0 
12 41 39 0 
12 33 49 0 
12 14 86 0 
13 88 69 0 
13 60 115 0 
14 76 100 0 
14 70 87 0 
15 68 44 0 
15 58 47 0 
16 97 53 0 
16 73 63 0 
17 99 72 0 
17 81 72 0 
18 75 57 0 
18 23 34 0 
20 99 64 0 
20 57 85 0 
20 51 84 0 
21 70 73 0 
21 50 40 0 
21 43 23 0 
22 93 99 0 
22 92 47 0 
22 49 58 0 
22 26 85 0 
23 44 44 0 
23 38 26 0 
23 36 28 0 
24 95 58 0 
24 93 73 0 
24 89 86 0 
24 66 64 0 
25 93 106 0 
26 65 77 0 
27 50 45 0 
27 39 65 0 
27 30 53 0 
28 71 66 0 
28 59 77 0 
29 48 49 0 
29 32 39 0 
30 88 44 0 
30 82 12 0 
30 69 71 0 
30 51 74 0 
31 91 33 0 
31 66 67 0 
32 49 30 0 
34 63 27 0 
34 43 82 0 
35 89 44 0 
35 54 54 0 
36 93 63 0 
36 66 64 0 
37 78 64 0 
37 65 59 0 
37 45 23 0 
38 75 31 0 
38 66 64 0 
38 64 89 0 
39 94 22 0 
39 75 75 0 
39 70 43 0 
40 45 39 0 
41 75 28 0 
42 64 36 0 
43 89 81 0 
43 88 56 0 
43 78 7 0 
43 73 11 0 
44 92 69 0 
45 93 75 0 
45 92 12 0 
45 86 38 0 
45 82 11 0 
45 72 104 0 
45 69 79 0 
46 86 53 0 
47 71 61 0 
48 83 62 0 
48 58 21 0 
49 97 81 0 
49 53 41 0 
50 98 21 0 
50 81 65 0 
51 65 43 0 
52 68 38 0 
52 64 49 0 
54 97 53 0 
54 64 70 0 
54 60 46 0 
56 83 46 0 
56 81 31 0 
57 85 69 0 
57 66 71 0 
57 59 90 0 
58 83 67 0 
58 75 71 0 
59 96 62 0 
59 73 43 0 
60 79 71 0 
61 86 35 0 
62 67 40 0 
63 95 12 0 
64 86 42 0 
66 87 55 0 
66 82 55 0 
67 90 23 0 
69 95 64 0 
70 87 64 0 
70 76 97 0 
71 72 89 0 
72 92 113 0 
73 76 56 0 
75 99 73 0 
77 86 57 0 
78 82 65 0 
80 86 31 0 
80 84 59 0 
82 98 15 0 
83 87 15 0 
83 86 42 0 
83 84 86 0 
84 98 68 0 
84 97 25 0 
84 86 46 0 
85 87 60 0 
92 97 117 0 
93 96 67 0 
