#GRAPH (#nodes #edges id uu vv ww xx yy zz):
#100 352 geo(0,{100,100,3,0.033,0.000,0.000}) 100 
#
VERTICES (index name u v w x y z):
0 0 6 1 
1 1 75 4 
2 2 31 88 
3 3 45 44 
4 4 49 84 
5 5 82 21 
6 6 24 40 
7 7 1 11 
8 8 23 0 
9 9 7 83 
10 10 79 89 
11 11 70 20 
12 12 22 10 
13 13 72 25 
14 14 28 1 
15 15 22 83 
16 16 18 67 
17 17 5 71 
18 18 25 64 
19 19 78 38 
20 20 6 51 
21 21 47 38 
22 22 44 41 
23 23 21 78 
24 24 15 61 
25 25 51 86 
26 26 15 85 
27 27 0 17 
28 28 78 0 
29 29 41 36 
30 30 50 3 
31 31 56 51 
32 32 45 89 
33 33 6 96 
34 34 21 67 
35 35 22 1 
36 36 79 81 
37 37 69 75 
38 38 1 60 
39 39 13 59 
40 40 56 4 
41 41 18 54 
42 42 86 42 
43 43 88 98 
44 44 87 41 
45 45 63 28 
46 46 67 34 
47 47 89 70 
48 48 69 74 
49 49 14 4 
50 50 88 10 
51 51 55 63 
52 52 2 68 
53 53 7 74 
54 54 15 28 
55 55 43 68 
56 56 28 64 
57 57 56 97 
58 58 24 52 
59 59 65 82 
60 60 42 45 
61 61 79 57 
62 62 89 32 
63 63 76 99 
64 64 13 51 
65 65 44 80 
66 66 72 59 
67 67 75 83 
68 68 5 38 
69 69 29 83 
70 70 27 52 
71 71 34 63 
72 72 95 61 
73 73 17 64 
74 74 73 28 
75 75 68 18 
76 76 31 69 
77 77 36 54 
78 78 32 21 
79 79 47 80 
80 80 73 3 
81 81 63 84 
82 82 12 24 
83 83 94 2 
84 84 59 1 
85 85 9 60 
86 86 90 3 
87 87 57 38 
88 88 17 63 
89 89 11 37 
90 90 13 90 
91 91 12 70 
92 92 48 68 
93 93 33 42 
94 94 75 9 
95 95 50 88 
96 96 52 23 
97 97 43 5 
98 98 92 39 
99 99 88 89 
#
EDGES (from-node to-node length a b):
0 84 53 0 
0 77 61 0 
0 2 91 0 
1 81 81 0 
1 72 60 0 
1 70 68 0 
1 47 67 0 
1 25 85 0 
1 17 97 0 
2 87 56 0 
2 76 19 0 
2 5 84 0 
3 63 63 0 
3 18 28 0 
3 11 35 0 
3 9 54 0 
4 85 47 0 
4 49 87 0 
4 38 54 0 
5 63 78 0 
5 37 56 0 
5 31 40 0 
5 25 72 0 
5 20 82 0 
5 16 79 0 
6 64 16 0 
6 43 86 0 
7 93 45 0 
7 43 123 0 
8 79 84 0 
8 63 112 0 
8 40 33 0 
9 54 56 0 
9 40 93 0 
10 16 65 0 
11 78 38 0 
12 88 53 0 
12 67 90 0 
12 62 71 0 
12 56 54 0 
13 99 66 0 
13 87 20 0 
14 91 71 0 
14 22 43 0 
14 21 42 0 
15 98 83 0 
15 76 17 0 
16 23 11 0 
17 87 62 0 
18 72 70 0 
18 67 53 0 
19 85 72 0 
20 63 85 0 
20 37 67 0 
20 31 50 0 
21 96 16 0 
21 79 42 0 
21 58 27 0 
21 38 51 0 
22 89 33 0 
22 50 54 0 
23 60 39 0 
23 26 9 0 
24 35 60 0 
25 90 38 0 
25 50 85 0 
25 36 28 0 
25 27 86 0 
26 95 35 0 
26 94 97 0 
26 86 111 0 
26 80 100 0 
26 76 23 0 
26 51 46 0 
27 83 95 0 
27 70 44 0 
27 66 83 0 
27 59 92 0 
28 53 103 0 
28 38 98 0 
29 84 39 0 
29 60 9 0 
29 51 30 0 
30 86 40 0 
31 92 19 0 
32 73 38 0 
32 60 44 0 
32 59 21 0 
32 56 30 0 
32 48 28 0 
32 35 91 0 
33 93 60 0 
33 45 89 0 
33 42 97 0 
33 38 36 0 
34 75 68 0 
34 52 19 0 
34 35 66 0 
35 93 42 0 
35 92 72 0 
35 78 22 0 
35 53 75 0 
35 41 53 0 
35 40 34 0 
36 88 65 0 
36 81 16 0 
36 71 48 0 
37 87 39 0 
37 78 65 0 
37 60 40 0 
38 97 69 0 
38 89 25 0 
38 86 106 0 
38 70 27 0 
39 64 8 0 
41 87 42 0 
41 45 52 0 
42 74 19 0 
42 72 21 0 
42 66 22 0 
43 94 90 0 
43 82 106 0 
43 66 42 0 
44 57 64 0 
45 91 66 0 
45 64 55 0 
46 84 34 0 
46 50 32 0 
47 74 45 0 
47 66 20 0 
47 65 46 0 
48 88 53 0 
48 69 41 0 
49 53 70 0 
50 95 87 0 
50 69 94 0 
50 67 74 0 
51 65 20 0 
52 53 8 0 
53 54 47 0 
54 61 70 0 
55 83 83 0 
55 66 30 0 
57 96 74 0 
57 91 52 0 
57 76 38 0 
58 83 86 0 
58 67 60 0 
59 94 74 0 
60 91 39 0 
62 76 69 0 
66 78 55 0 
67 74 55 0 
68 99 97 0 
68 74 69 0 
69 99 59 0 
69 90 17 0 
69 88 23 0 
70 85 20 0 
70 76 17 0 
70 75 53 0 
71 75 56 0 
74 92 47 0 
74 84 30 0 
75 93 42 0 
75 88 68 0 
75 87 23 0 
75 76 63 0 
76 98 68 0 
78 91 53 0 
78 90 72 0 
81 89 70 0 
83 88 98 0 
84 98 50 0 
86 99 86 0 
90 97 90 0 
