#GRAPH (#nodes #edges id uu vv ww xx yy zz):
#100 342 geo(0,{100,100,3,0.033,0.000,0.000}) 100 
#
VERTICES (index name u v w x y z):
0 0 83 59 
1 1 79 99 
2 2 37 4 
3 3 7 60 
4 4 58 10 
5 5 81 97 
6 6 50 76 
7 7 27 47 
8 8 89 38 
9 9 81 87 
10 10 43 64 
11 11 3 35 
12 12 88 16 
13 13 99 27 
14 14 39 19 
15 15 82 41 
16 16 74 68 
17 17 42 19 
18 18 7 23 
19 19 44 59 
20 20 75 85 
21 21 42 94 
22 22 33 64 
23 23 62 77 
24 24 74 6 
25 25 99 18 
26 26 45 90 
27 27 93 85 
28 28 63 76 
29 29 2 1 
30 30 43 80 
31 31 30 69 
32 32 14 85 
33 33 25 48 
34 34 21 49 
35 35 67 96 
36 36 16 62 
37 37 93 37 
38 38 99 22 
39 39 10 46 
40 40 96 3 
41 41 13 77 
42 42 89 70 
43 43 76 1 
44 44 44 67 
45 45 5 83 
46 46 25 55 
47 47 12 77 
48 48 90 36 
49 49 53 35 
50 50 11 2 
51 51 56 43 
52 52 86 0 
53 53 62 62 
54 54 30 60 
55 55 65 21 
56 56 72 75 
57 57 62 72 
58 58 46 89 
59 59 95 46 
60 60 43 6 
61 61 89 46 
62 62 53 8 
63 63 21 31 
64 64 20 99 
65 65 4 83 
66 66 60 81 
67 67 20 90 
68 68 52 20 
69 69 35 17 
70 70 83 88 
71 71 32 76 
72 72 5 72 
73 73 0 49 
74 74 94 66 
75 75 75 62 
76 76 35 47 
77 77 14 13 
78 78 6 12 
79 79 2 50 
80 80 54 93 
81 81 90 72 
82 82 35 36 
83 83 17 68 
84 84 10 33 
85 85 83 76 
86 86 61 94 
87 87 49 54 
88 88 69 46 
89 89 96 92 
90 90 89 84 
91 91 46 69 
92 92 20 6 
93 93 25 77 
94 94 4 52 
95 95 78 0 
96 96 93 9 
97 97 75 17 
98 98 54 15 
99 99 22 34 
#
EDGES (from-node to-node length a b):
0 84 77 0 
0 63 68 0 
0 59 18 0 
0 47 73 0 
0 40 57 0 
0 36 67 0 
0 24 54 0 
0 19 39 0 
1 98 88 0 
1 80 26 0 
1 57 32 0 
1 14 89 0 
2 90 95 0 
2 89 106 0 
2 83 67 0 
2 74 84 0 
2 69 13 0 
2 60 6 0 
2 51 43 0 
2 23 77 0 
2 12 52 0 
2 11 46 0 
3 24 86 0 
3 23 58 0 
4 40 39 0 
4 38 43 0 
5 66 26 0 
5 57 31 0 
5 33 74 0 
6 82 43 0 
6 71 18 0 
6 37 58 0 
7 78 41 0 
7 75 50 0 
7 58 46 0 
7 52 75 0 
7 40 82 0 
8 80 65 0 
8 63 68 0 
9 64 62 0 
9 36 70 0 
10 84 45 0 
10 78 64 0 
11 65 48 0 
11 60 49 0 
12 81 56 0 
12 55 24 0 
12 51 42 0 
12 32 101 0 
12 16 54 0 
13 64 107 0 
13 61 21 0 
13 42 44 0 
14 60 14 0 
14 44 48 0 
15 73 82 0 
15 62 44 0 
15 58 60 0 
15 52 41 0 
15 44 46 0 
17 83 55 0 
17 54 43 0 
17 26 71 0 
18 97 68 0 
18 68 45 0 
19 61 47 0 
19 22 12 0 
20 58 29 0 
20 24 79 0 
21 97 84 0 
21 71 21 0 
21 56 36 0 
21 51 53 0 
21 33 49 0 
22 85 51 0 
22 73 36 0 
22 49 35 0 
23 98 63 0 
23 85 21 0 
23 67 44 0 
23 54 36 0 
23 52 81 0 
23 50 91 0 
24 75 56 0 
25 85 60 0 
25 83 96 0 
26 99 61 0 
26 64 27 0 
26 44 23 0 
27 39 92 0 
28 98 62 0 
28 51 34 0 
29 92 19 0 
29 59 103 0 
29 38 99 0 
30 93 18 0 
30 86 23 0 
31 52 89 0 
32 98 81 0 
33 83 22 0 
33 76 10 0 
34 62 52 0 
35 96 91 0 
35 84 85 0 
36 86 55 0 
36 78 51 0 
36 73 21 0 
36 72 15 0 
36 63 31 0 
37 95 40 0 
37 90 47 0 
37 71 72 0 
37 66 55 0 
37 43 40 0 
38 59 24 0 
39 79 9 0 
39 57 58 0 
40 87 69 0 
41 97 86 0 
43 86 94 0 
43 83 89 0 
43 76 62 0 
43 55 23 0 
44 97 59 0 
44 84 48 0 
44 47 34 0 
45 88 74 0 
45 50 81 0 
46 86 53 0 
46 69 39 0 
48 61 10 0 
48 59 11 0 
49 75 35 0 
52 97 20 0 
53 94 59 0 
53 62 55 0 
54 95 77 0 
55 70 69 0 
55 65 87 0 
56 81 18 0 
56 61 34 0 
57 64 50 0 
58 71 19 0 
58 69 73 0 
59 75 26 0 
59 74 20 0 
59 66 49 0 
60 95 36 0 
60 70 91 0 
63 96 75 0 
63 89 97 0 
64 74 81 0 
65 69 73 0 
68 79 58 0 
69 74 77 0 
70 98 79 0 
70 95 88 0 
70 81 17 0 
70 79 89 0 
71 76 29 0 
73 90 96 0 
73 75 76 0 
77 78 8 0 
79 96 100 0 
80 94 65 0 
83 87 35 0 
84 87 44 0 
87 90 50 0 
90 94 91 0 
91 94 45 0 
95 99 66 0 
