#GRAPH (#nodes #edges id uu vv ww xx yy zz):
#100 338 geo(0,{100,100,3,0.033,0.000,0.000}) 100 
#
VERTICES (index name u v w x y z):
0 0 94 32 
1 1 34 55 
2 2 91 59 
3 3 11 88 
4 4 17 90 
5 5 49 21 
6 6 84 58 
7 7 1 89 
8 8 67 2 
9 9 18 54 
10 10 39 55 
11 11 97 87 
12 12 73 4 
13 13 19 43 
14 14 38 46 
15 15 61 96 
16 16 88 37 
17 17 14 63 
18 18 62 11 
19 19 27 32 
20 20 55 71 
21 21 57 53 
22 22 49 14 
23 23 3 88 
24 24 7 7 
25 25 16 90 
26 26 11 56 
27 27 87 60 
28 28 65 16 
29 29 98 43 
30 30 89 34 
31 31 34 61 
32 32 35 90 
33 33 49 81 
34 34 58 62 
35 35 74 2 
36 36 80 30 
37 37 85 96 
38 38 27 68 
39 39 97 34 
40 40 15 66 
41 41 5 48 
42 42 18 77 
43 43 2 4 
44 44 3 7 
45 45 20 3 
46 46 48 39 
47 47 15 65 
48 48 70 36 
49 49 17 91 
50 50 5 31 
51 51 16 55 
52 52 12 67 
53 53 23 46 
54 54 91 78 
55 55 33 5 
56 56 18 83 
57 57 6 27 
58 58 44 92 
59 59 22 48 
60 60 81 72 
61 61 67 96 
62 62 57 20 
63 63 72 0 
64 64 43 49 
65 65 15 13 
66 66 65 57 
67 67 75 8 
68 68 98 15 
69 69 85 62 
70 70 90 42 
71 71 39 35 
72 72 57 77 
73 73 62 62 
74 74 53 2 
75 75 30 80 
76 76 35 36 
77 77 81 57 
78 78 91 74 
79 79 2 80 
80 80 87 93 
81 81 90 9 
82 82 37 13 
83 83 9 87 
84 84 91 67 
85 85 8 32 
86 86 83 88 
87 87 31 7 
88 88 53 32 
89 89 26 96 
90 90 88 90 
91 91 53 80 
92 92 56 82 
93 93 41 68 
94 94 96 79 
95 95 40 87 
96 96 19 60 
97 97 57 82 
98 98 17 74 
99 99 19 35 
#
EDGES (from-node to-node length a b):
0 69 31 0 
0 30 5 0 
0 28 33 0 
0 7 109 0 
1 97 35 0 
1 77 47 0 
1 42 27 0 
1 31 6 0 
2 62 52 0 
2 42 75 0 
2 33 47 0 
2 8 62 0 
3 8 103 0 
4 95 23 0 
4 92 40 0 
4 56 7 0 
4 43 87 0 
5 44 48 0 
5 31 43 0 
6 79 85 0 
6 60 14 0 
6 38 58 0 
6 26 73 0 
6 22 56 0 
7 73 67 0 
7 63 114 0 
7 59 46 0 
8 67 10 0 
8 51 74 0 
8 27 61 0 
8 24 60 0 
9 96 6 0 
9 84 74 0 
9 46 34 0 
9 36 66 0 
9 11 86 0 
10 72 28 0 
11 91 45 0 
12 59 67 0 
12 26 81 0 
13 27 70 0 
14 67 53 0 
14 44 52 0 
15 90 28 0 
15 87 94 0 
15 84 42 0 
16 72 51 0 
17 99 28 0 
17 52 4 0 
17 51 8 0 
17 41 17 0 
18 28 6 0 
19 55 28 0 
19 34 43 0 
20 82 61 0 
20 81 71 0 
20 75 27 0 
21 86 44 0 
21 79 61 0 
21 62 33 0 
21 46 17 0 
22 89 85 0 
22 88 18 0 
22 64 36 0 
23 81 118 0 
23 54 89 0 
23 50 57 0 
23 48 85 0 
23 29 105 0 
23 24 81 0 
24 89 91 0 
24 76 40 0 
24 61 107 0 
24 47 59 0 
25 60 67 0 
25 44 84 0 
25 35 105 0 
26 54 83 0 
27 89 71 0 
27 72 34 0 
27 49 77 0 
29 90 48 0 
29 58 73 0 
30 55 63 0 
30 42 83 0 
31 88 35 0 
31 78 58 0 
31 62 47 0 
31 43 65 0 
32 47 32 0 
33 56 31 0 
34 67 57 0 
34 62 42 0 
35 63 3 0 
35 62 25 0 
35 47 86 0 
36 97 57 0 
37 97 31 0 
37 96 75 0 
38 97 33 0 
38 76 33 0 
38 73 36 0 
38 72 31 0 
38 64 25 0 
38 63 82 0 
38 55 63 0 
39 73 45 0 
40 66 51 0 
40 54 77 0 
40 50 36 0 
41 88 51 0 
42 99 42 0 
42 90 71 0 
43 95 91 0 
43 52 64 0 
44 78 111 0 
44 66 80 0 
44 63 69 0 
45 56 80 0 
46 88 9 0 
46 83 62 0 
46 73 27 0 
46 68 55 0 
47 64 32 0 
48 84 37 0 
49 89 10 0 
49 77 72 0 
50 83 56 0 
50 71 34 0 
50 64 42 0 
50 60 86 0 
51 90 80 0 
51 78 77 0 
52 61 62 0 
53 94 80 0 
54 89 67 0 
55 94 97 0 
55 58 88 0 
57 87 32 0 
57 80 104 0 
58 88 61 0 
60 74 75 0 
60 70 31 0 
61 87 96 0 
61 79 67 0 
62 97 62 0 
62 96 55 0 
62 85 50 0 
62 75 66 0 
63 80 94 0 
63 69 63 0 
65 80 108 0 
65 67 60 0 
68 95 92 0 
69 84 8 0 
71 81 57 0 
72 93 18 0 
72 91 5 0 
72 76 47 0 
73 94 38 0 
73 76 37 0 
74 98 80 0 
74 97 80 0 
75 81 93 0 
76 87 29 0 
79 96 26 0 
83 87 83 0 
84 90 23 0 
86 96 70 0 
