#GRAPH (#nodes #edges id uu vv ww xx yy zz):
#100 306 geo(0,{100,100,3,0.033,0.000,0.000}) 100 
#
VERTICES (index name u v w x y z):
0 0 83 76 
1 1 14 91 
2 2 17 3 
3 3 56 43 
4 4 56 9 
5 5 49 23 
6 6 65 18 
7 7 50 15 
8 8 5 46 
9 9 3 7 
10 10 24 65 
11 11 84 66 
12 12 3 20 
13 13 56 27 
14 14 72 65 
15 15 42 93 
16 16 45 2 
17 17 27 39 
18 18 91 51 
19 19 21 8 
20 20 34 76 
21 21 53 99 
22 22 88 33 
23 23 11 53 
24 24 91 94 
25 25 33 85 
26 26 53 36 
27 27 21 76 
28 28 47 22 
29 29 64 34 
30 30 27 46 
31 31 33 87 
32 32 69 61 
33 33 1 25 
34 34 69 44 
35 35 68 50 
36 36 5 45 
37 37 31 63 
38 38 36 53 
39 39 11 7 
40 40 29 40 
41 41 27 31 
42 42 76 10 
43 43 10 17 
44 44 88 36 
45 45 70 88 
46 46 94 70 
47 47 87 31 
48 48 87 88 
49 49 83 22 
50 50 10 51 
51 51 37 62 
52 52 54 49 
53 53 10 2 
54 54 94 15 
55 55 8 64 
56 56 63 70 
57 57 8 35 
58 58 57 99 
59 59 69 51 
60 60 89 65 
61 61 64 66 
62 62 23 8 
63 63 16 77 
64 64 40 32 
65 65 23 51 
66 66 90 6 
67 67 16 83 
68 68 7 42 
69 69 26 40 
70 70 89 34 
71 71 18 66 
72 72 72 36 
73 73 61 11 
74 74 93 72 
75 75 31 96 
76 76 99 93 
77 77 50 57 
78 78 30 0 
79 79 72 50 
80 80 0 57 
81 81 61 3 
82 82 46 6 
83 83 35 5 
84 84 38 32 
85 85 41 31 
86 86 25 15 
87 87 48 39 
88 88 37 38 
89 89 20 53 
90 90 21 85 
91 91 90 52 
92 92 97 1 
93 93 41 39 
94 94 17 2 
95 95 29 6 
96 96 80 24 
97 97 94 74 
98 98 74 54 
99 99 51 50 
#
EDGES (from-node to-node length a b):
0 81 76 0 
0 27 62 0 
1 53 89 0 
2 78 13 0 
2 59 71 0 
2 46 102 0 
2 40 39 0 
3 71 44 0 
3 43 53 0 
3 17 29 0 
4 21 90 0 
4 9 53 0 
5 22 40 0 
6 98 37 0 
6 33 64 0 
6 28 18 0 
6 14 48 0 
6 13 13 0 
6 8 66 0 
7 29 24 0 
7 21 84 0 
8 76 105 0 
8 68 4 0 
8 39 39 0 
8 14 70 0 
8 11 81 0 
9 72 75 0 
9 24 124 0 
9 20 76 0 
9 15 94 0 
10 84 36 0 
11 86 78 0 
11 53 98 0 
11 46 11 0 
12 99 57 0 
12 67 64 0 
12 30 35 0 
12 27 59 0 
13 99 24 0 
13 95 34 0 
13 66 40 0 
13 63 64 0 
13 29 11 0 
13 26 9 0 
14 63 57 0 
14 60 17 0 
14 50 64 0 
15 75 11 0 
15 69 55 0 
15 34 56 0 
15 20 19 0 
16 92 52 0 
16 61 67 0 
17 65 13 0 
17 61 46 0 
17 45 65 0 
18 71 75 0 
18 52 37 0 
19 91 82 0 
19 60 89 0 
19 26 43 0 
20 78 76 0 
21 89 57 0 
21 74 48 0 
21 44 72 0 
22 48 55 0 
22 45 58 0 
22 33 87 0 
23 81 71 0 
25 58 28 0 
25 48 54 0 
26 31 55 0 
27 81 83 0 
27 72 65 0 
28 89 41 0 
28 73 18 0 
28 65 38 0 
30 63 33 0 
30 59 42 0 
31 93 49 0 
31 52 43 0 
32 95 68 0 
32 68 65 0 
32 35 11 0 
33 95 34 0 
33 34 71 0 
34 76 57 0 
35 92 57 0 
36 89 17 0 
36 70 85 0 
36 62 41 0 
36 47 83 0 
37 62 56 0 
37 43 51 0 
38 41 24 0 
39 99 59 0 
39 93 44 0 
39 73 50 0 
39 59 73 0 
39 56 82 0 
39 53 5 0 
40 65 13 0 
41 98 52 0 
42 75 97 0 
42 65 67 0 
43 54 84 0 
43 49 73 0 
46 74 2 0 
47 64 47 0 
48 67 71 0 
49 88 49 0 
49 79 30 0 
49 76 73 0 
49 61 48 0 
50 90 36 0 
51 76 69 0 
52 88 20 0 
53 99 63 0 
55 81 81 0 
56 60 26 0 
57 98 69 0 
57 70 81 0 
58 94 105 0 
58 85 70 0 
59 92 57 0 
59 75 59 0 
59 67 62 0 
60 75 66 0 
61 98 16 0 
61 71 46 0 
62 87 40 0 
62 82 23 0 
62 80 54 0 
62 78 11 0 
63 85 52 0 
63 79 62 0 
65 69 11 0 
65 68 18 0 
69 89 14 0 
69 83 36 0 
71 83 63 0 
74 80 94 0 
75 97 67 0 
75 89 44 0 
75 84 64 0 
76 80 105 0 
77 95 55 0 
78 81 31 0 
84 90 56 0 
84 86 21 0 
85 94 38 0 
89 97 77 0 
96 97 52 0 
