#GRAPH (#nodes #edges id uu vv ww xx yy zz):
#100 336 geo(0,{100,100,3,0.033,0.000,0.000}) 100 
#
VERTICES (index name u v w x y z):
0 0 43 98 
1 1 22 78 
2 2 92 73 
3 3 29 96 
4 4 55 98 
5 5 10 65 
6 6 81 23 
7 7 72 22 
8 8 76 64 
9 9 99 47 
10 10 45 25 
11 11 7 87 
12 12 8 31 
13 13 38 96 
14 14 2 97 
15 15 33 20 
16 16 44 24 
17 17 51 21 
18 18 35 28 
19 19 55 0 
20 20 90 53 
21 21 52 49 
22 22 59 36 
23 23 40 67 
24 24 64 81 
25 25 45 3 
26 26 54 1 
27 27 56 71 
28 28 82 87 
29 29 18 13 
30 30 87 14 
31 31 75 37 
32 32 84 19 
33 33 24 13 
34 34 77 84 
35 35 21 60 
36 36 79 9 
37 37 61 89 
38 38 44 8 
39 39 97 40 
40 40 38 73 
41 41 3 64 
42 42 9 41 
43 43 23 21 
44 44 29 62 
45 45 99 59 
46 46 93 40 
47 47 43 87 
48 48 68 84 
49 49 64 66 
50 50 91 48 
51 51 82 46 
52 52 58 77 
53 53 42 17 
54 54 11 51 
55 55 49 51 
56 56 62 16 
57 57 22 81 
58 58 23 61 
59 59 4 22 
60 60 75 38 
61 61 41 46 
62 62 19 15 
63 63 57 30 
64 64 97 10 
65 65 0 37 
66 66 29 75 
67 67 73 37 
68 68 5 50 
69 69 91 54 
70 70 39 62 
71 71 81 10 
72 72 92 34 
73 73 72 79 
74 74 65 6 
75 75 3 49 
76 76 60 99 
77 77 89 7 
78 78 27 70 
79 79 67 49 
80 80 16 53 
81 81 73 3 
82 82 2 9 
83 83 14 63 
84 84 67 15 
85 85 1 59 
86 86 83 74 
87 87 74 99 
88 88 26 2 
89 89 90 15 
90 90 13 76 
91 91 4 75 
92 92 4 9 
93 93 1 17 
94 94 62 36 
95 95 37 99 
96 96 97 55 
97 97 80 12 
98 98 26 78 
99 99 48 76 
#
EDGES (from-node to-node length a b):
0 62 86 0 
1 70 23 0 
1 33 65 0 
2 53 75 0 
2 46 33 0 
2 40 54 0 
2 21 47 0 
3 54 48 0 
3 44 34 0 
3 23 31 0 
4 41 62 0 
5 85 11 0 
5 72 88 0 
5 70 29 0 
5 60 70 0 
5 19 79 0 
6 98 78 0 
6 89 12 0 
6 58 69 0 
6 45 40 0 
6 31 15 0 
7 85 80 0 
7 54 68 0 
8 31 27 0 
8 23 36 0 
9 78 76 0 
10 67 30 0 
10 16 1 0 
11 69 90 0 
11 44 33 0 
12 77 84 0 
12 64 91 0 
12 50 85 0 
13 87 36 0 
13 31 70 0 
14 81 118 0 
14 75 48 0 
14 67 93 0 
14 48 67 0 
14 43 79 0 
14 40 43 0 
14 19 111 0 
15 42 32 0 
15 37 74 0 
16 96 61 0 
16 87 81 0 
16 83 49 0 
16 76 77 0 
16 67 32 0 
16 42 39 0 
17 59 47 0 
17 34 68 0 
18 88 28 0 
18 57 55 0 
18 49 48 0 
19 92 52 0 
19 88 29 0 
19 82 54 0 
19 60 43 0 
19 43 38 0 
20 82 98 0 
21 36 48 0 
22 96 42 0 
22 80 46 0 
22 67 14 0 
22 24 45 0 
23 86 44 0 
23 71 70 0 
23 28 47 0 
24 96 42 0 
24 54 61 0 
24 53 68 0 
24 37 9 0 
24 34 13 0 
25 79 51 0 
25 63 30 0 
26 60 43 0 
27 84 57 0 
27 75 57 0 
27 63 41 0 
28 36 78 0 
29 70 53 0 
30 98 88 0 
30 93 86 0 
30 64 11 0 
30 35 80 0 
32 36 11 0 
33 97 56 0 
33 91 65 0 
33 82 22 0 
33 52 72 0 
34 93 101 0 
34 90 64 0 
34 85 80 0 
34 57 55 0 
35 49 43 0 
35 43 39 0 
36 70 66 0 
36 38 35 0 
38 80 53 0 
39 85 98 0 
39 62 82 0 
39 51 16 0 
40 73 35 0 
41 80 17 0 
41 79 66 0 
41 53 61 0 
42 95 64 0 
42 55 41 0 
43 47 69 0 
43 44 41 0 
45 78 73 0 
45 76 56 0 
45 70 60 0 
45 55 51 0 
45 52 45 0 
47 67 58 0 
48 91 65 0 
49 67 30 0 
49 59 74 0 
49 56 50 0 
50 83 78 0 
50 76 60 0 
51 60 11 0 
51 59 82 0 
51 52 39 0 
52 84 63 0 
52 71 71 0 
52 60 43 0 
53 95 82 0 
55 63 22 0 
56 91 83 0 
58 73 52 0 
59 89 86 0 
59 81 72 0 
59 79 69 0 
59 66 59 0 
60 83 66 0 
61 85 42 0 
61 74 47 0 
62 72 75 0 
63 74 25 0 
63 68 56 0 
65 95 72 0 
66 92 71 0 
66 69 65 0 
67 76 63 0 
68 92 41 0 
70 82 65 0 
71 90 95 0 
71 73 70 0 
72 95 85 0 
72 90 89 0 
74 96 59 0 
75 93 32 0 
76 98 40 0 
78 95 31 0 
80 97 76 0 
82 95 97 0 
84 97 13 0 
84 85 79 0 
85 94 65 0 
86 96 24 0 
87 99 35 0 
88 96 89 0 
90 98 13 0 
94 98 55 0 
94 96 40 0 
