#GRAPH (#nodes #edges id uu vv ww xx yy zz):
#1000 5154 geo(0,{1000,100,3,0.005,0.000,0.000}) 100 
#
VERTICES (index name u v w x y z):
0 0 54 33 
1 1 48 5 
2 2 55 92 
3 3 98 54 
4 4 13 61 
5 5 31 90 
6 6 53 93 
7 7 40 46 
8 8 40 36 
9 9 26 25 
10 10 74 45 
11 11 85 29 
12 12 37 96 
13 13 14 34 
14 14 17 14 
15 15 24 24 
16 16 58 81 
17 17 89 6 
18 18 40 50 
19 19 31 80 
20 20 90 60 
21 21 57 91 
22 22 33 89 
23 23 65 29 
24 24 76 80 
25 25 15 82 
26 26 82 88 
27 27 8 44 
28 28 6 8 
29 29 13 4 
30 30 38 62 
31 31 86 97 
32 32 68 77 
33 33 80 23 
34 34 29 71 
35 35 69 30 
36 36 47 89 
37 37 59 60 
38 38 33 99 
39 39 18 10 
40 40 27 40 
41 41 40 79 
42 42 12 5 
43 43 62 47 
44 44 98 34 
45 45 19 68 
46 46 12 17 
47 47 41 3 
48 48 72 83 
49 49 60 54 
50 50 97 76 
51 51 89 89 
52 52 48 47 
53 53 3 38 
54 54 2 19 
55 55 10 59 
56 56 83 55 
57 57 35 72 
58 58 87 87 
59 59 36 74 
60 60 31 27 
61 61 40 89 
62 62 40 87 
63 63 80 16 
64 64 27 44 
65 65 34 89 
66 66 82 95 
67 67 73 58 
68 68 88 16 
69 69 86 45 
70 70 83 41 
71 71 30 63 
72 72 8 79 
73 73 69 49 
74 74 14 18 
75 75 28 97 
76 76 91 74 
77 77 28 52 
78 78 74 51 
79 79 39 82 
80 80 39 44 
81 81 19 17 
82 82 64 5 
83 83 52 56 
84 84 60 81 
85 85 48 40 
86 86 89 2 
87 87 3 11 
88 88 63 71 
89 89 48 85 
90 90 15 97 
91 91 56 21 
92 92 47 58 
93 93 0 93 
94 94 95 26 
95 95 3 70 
96 96 2 63 
97 97 47 11 
98 98 19 51 
99 99 47 16 
100 100 32 14 
101 101 44 66 
102 102 98 36 
103 103 94 7 
104 104 72 81 
105 105 29 29 
106 106 30 80 
107 107 0 18 
108 108 14 71 
109 109 98 20 
110 110 70 79 
111 111 16 92 
112 112 95 3 
113 113 5 96 
114 114 20 40 
115 115 3 84 
116 116 2 47 
117 117 71 45 
118 118 69 59 
119 119 30 21 
120 120 78 96 
121 121 19 44 
122 122 35 21 
123 123 49 85 
124 124 59 39 
125 125 53 4 
126 126 41 49 
127 127 26 0 
128 128 58 98 
129 129 89 77 
130 130 43 7 
131 131 55 84 
132 132 78 72 
133 133 82 97 
134 134 15 77 
135 135 69 65 
136 136 4 56 
137 137 6 15 
138 138 58 46 
139 139 90 32 
140 140 4 94 
141 141 77 69 
142 142 93 35 
143 143 0 36 
144 144 3 5 
145 145 95 81 
146 146 65 23 
147 147 97 97 
148 148 67 90 
149 149 62 55 
150 150 69 41 
151 151 87 98 
152 152 39 60 
153 153 77 75 
154 154 52 21 
155 155 27 93 
156 156 9 16 
157 157 49 99 
158 158 46 55 
159 159 58 25 
160 160 56 12 
161 161 59 57 
162 162 9 56 
163 163 46 9 
164 164 0 41 
165 165 75 14 
166 166 45 5 
167 167 21 65 
168 168 89 21 
169 169 28 92 
170 170 9 48 
171 171 26 53 
172 172 16 18 
173 173 38 58 
174 174 16 13 
175 175 19 43 
176 176 56 13 
177 177 88 92 
178 178 40 35 
179 179 24 83 
180 180 73 33 
181 181 44 48 
182 182 3 4 
183 183 67 32 
184 184 24 96 
185 185 59 6 
186 186 34 73 
187 187 81 56 
188 188 95 20 
189 189 45 48 
190 190 1 52 
191 191 22 56 
192 192 87 44 
193 193 31 4 
194 194 66 23 
195 195 26 77 
196 196 92 1 
197 197 88 88 
198 198 21 33 
199 199 92 48 
200 200 17 39 
201 201 12 9 
202 202 55 94 
203 203 35 92 
204 204 54 31 
205 205 83 69 
206 206 96 81 
207 207 24 72 
208 208 27 48 
209 209 84 24 
210 210 5 24 
211 211 28 65 
212 212 39 19 
213 213 21 69 
214 214 7 69 
215 215 80 74 
216 216 40 39 
217 217 73 19 
218 218 39 43 
219 219 7 1 
220 220 6 96 
221 221 12 79 
222 222 47 91 
223 223 52 7 
224 224 57 40 
225 225 85 65 
226 226 66 60 
227 227 24 69 
228 228 28 54 
229 229 23 30 
230 230 61 79 
231 231 97 34 
232 232 86 35 
233 233 21 49 
234 234 85 92 
235 235 65 16 
236 236 62 41 
237 237 41 39 
238 238 57 48 
239 239 33 30 
240 240 15 60 
241 241 9 65 
242 242 37 21 
243 243 92 31 
244 244 54 19 
245 245 96 32 
246 246 7 59 
247 247 34 43 
248 248 31 66 
249 249 67 80 
250 250 80 57 
251 251 4 9 
252 252 8 90 
253 253 32 59 
254 254 30 57 
255 255 33 54 
256 256 71 92 
257 257 47 23 
258 258 94 47 
259 259 10 27 
260 260 5 15 
261 261 39 17 
262 262 98 67 
263 263 67 59 
264 264 58 82 
265 265 81 69 
266 266 35 0 
267 267 40 40 
268 268 32 53 
269 269 95 44 
270 270 89 81 
271 271 74 42 
272 272 92 18 
273 273 1 96 
274 274 18 43 
275 275 22 82 
276 276 81 23 
277 277 15 12 
278 278 95 63 
279 279 68 69 
280 280 33 32 
281 281 26 48 
282 282 42 73 
283 283 93 54 
284 284 3 26 
285 285 79 11 
286 286 59 11 
287 287 76 25 
288 288 43 40 
289 289 37 24 
290 290 82 92 
291 291 50 35 
292 292 55 7 
293 293 56 31 
294 294 29 81 
295 295 2 38 
296 296 79 47 
297 297 0 73 
298 298 68 94 
299 299 87 14 
300 300 74 58 
301 301 78 43 
302 302 25 14 
303 303 32 46 
304 304 14 76 
305 305 44 9 
306 306 59 51 
307 307 51 5 
308 308 13 90 
309 309 81 1 
310 310 22 98 
311 311 31 35 
312 312 70 8 
313 313 13 32 
314 314 61 78 
315 315 15 92 
316 316 42 99 
317 317 40 68 
318 318 2 91 
319 319 32 81 
320 320 68 36 
321 321 56 62 
322 322 80 38 
323 323 88 73 
324 324 61 50 
325 325 49 75 
326 326 50 46 
327 327 58 99 
328 328 98 86 
329 329 38 7 
330 330 51 22 
331 331 87 68 
332 332 75 67 
333 333 49 64 
334 334 50 54 
335 335 34 98 
336 336 72 41 
337 337 44 41 
338 338 4 23 
339 339 8 40 
340 340 66 17 
341 341 85 36 
342 342 55 50 
343 343 4 40 
344 344 15 94 
345 345 99 73 
346 346 1 80 
347 347 8 49 
348 348 97 70 
349 349 54 71 
350 350 87 63 
351 351 56 91 
352 352 14 92 
353 353 93 27 
354 354 37 40 
355 355 95 0 
356 356 1 8 
357 357 92 59 
358 358 80 88 
359 359 76 55 
360 360 13 58 
361 361 32 17 
362 362 86 46 
363 363 42 58 
364 364 61 6 
365 365 1 31 
366 366 62 58 
367 367 91 91 
368 368 25 22 
369 369 1 13 
370 370 60 57 
371 371 58 31 
372 372 69 71 
373 373 96 72 
374 374 9 26 
375 375 11 95 
376 376 55 81 
377 377 25 63 
378 378 78 75 
379 379 40 63 
380 380 35 90 
381 381 38 95 
382 382 82 84 
383 383 23 4 
384 384 52 78 
385 385 84 36 
386 386 88 19 
387 387 64 6 
388 388 86 93 
389 389 61 39 
390 390 0 30 
391 391 92 47 
392 392 50 0 
393 393 44 90 
394 394 82 77 
395 395 93 57 
396 396 80 19 
397 397 24 18 
398 398 40 82 
399 399 5 69 
400 400 94 52 
401 401 26 47 
402 402 57 14 
403 403 71 11 
404 404 31 43 
405 405 47 35 
406 406 88 72 
407 407 20 3 
408 408 25 39 
409 409 51 87 
410 410 66 75 
411 411 26 5 
412 412 48 64 
413 413 38 41 
414 414 58 14 
415 415 32 83 
416 416 76 5 
417 417 23 11 
418 418 70 35 
419 419 70 74 
420 420 51 3 
421 421 93 32 
422 422 24 59 
423 423 51 66 
424 424 88 44 
425 425 74 35 
426 426 71 96 
427 427 75 1 
428 428 26 82 
429 429 91 3 
430 430 86 18 
431 431 87 79 
432 432 84 61 
433 433 99 98 
434 434 43 65 
435 435 67 74 
436 436 42 9 
437 437 95 7 
438 438 81 30 
439 439 72 56 
440 440 36 89 
441 441 68 28 
442 442 57 77 
443 443 96 9 
444 444 88 7 
445 445 4 75 
446 446 58 11 
447 447 55 63 
448 448 35 60 
449 449 73 3 
450 450 45 87 
451 451 85 26 
452 452 93 61 
453 453 0 49 
454 454 69 21 
455 455 33 34 
456 456 67 10 
457 457 46 77 
458 458 16 40 
459 459 96 78 
460 460 45 98 
461 461 9 69 
462 462 62 12 
463 463 81 10 
464 464 99 61 
465 465 83 22 
466 466 27 54 
467 467 63 81 
468 468 5 9 
469 469 2 95 
470 470 31 54 
471 471 64 1 
472 472 89 71 
473 473 72 44 
474 474 65 76 
475 475 44 42 
476 476 30 67 
477 477 51 54 
478 478 73 20 
479 479 24 29 
480 480 52 91 
481 481 87 65 
482 482 29 90 
483 483 85 35 
484 484 78 99 
485 485 43 45 
486 486 57 66 
487 487 75 39 
488 488 88 28 
489 489 25 88 
490 490 69 90 
491 491 47 50 
492 492 29 4 
493 493 40 29 
494 494 62 45 
495 495 87 54 
496 496 3 12 
497 497 61 74 
498 498 63 51 
499 499 78 35 
500 500 6 4 
501 501 73 68 
502 502 80 13 
503 503 84 41 
504 504 71 2 
505 505 52 94 
506 506 88 20 
507 507 58 74 
508 508 58 7 
509 509 41 69 
510 510 14 30 
511 511 70 88 
512 512 18 49 
513 513 94 31 
514 514 22 60 
515 515 84 31 
516 516 58 50 
517 517 39 93 
518 518 77 57 
519 519 80 11 
520 520 77 19 
521 521 58 70 
522 522 25 61 
523 523 75 78 
524 524 34 86 
525 525 60 69 
526 526 56 85 
527 527 29 80 
528 528 43 78 
529 529 67 41 
530 530 59 4 
531 531 82 42 
532 532 81 24 
533 533 47 19 
534 534 34 83 
535 535 40 77 
536 536 39 9 
537 537 27 69 
538 538 75 44 
539 539 86 43 
540 540 1 87 
541 541 54 80 
542 542 7 77 
543 543 61 12 
544 544 21 39 
545 545 40 75 
546 546 67 12 
547 547 30 5 
548 548 51 49 
549 549 45 28 
550 550 40 27 
551 551 18 9 
552 552 79 32 
553 553 70 91 
554 554 10 90 
555 555 53 55 
556 556 56 26 
557 557 29 61 
558 558 19 78 
559 559 62 88 
560 560 33 6 
561 561 46 33 
562 562 99 95 
563 563 54 45 
564 564 58 0 
565 565 31 17 
566 566 51 27 
567 567 34 47 
568 568 52 20 
569 569 53 17 
570 570 5 46 
571 571 50 34 
572 572 31 6 
573 573 58 32 
574 574 63 36 
575 575 75 64 
576 576 29 47 
577 577 84 0 
578 578 73 40 
579 579 52 82 
580 580 98 65 
581 581 26 64 
582 582 51 56 
583 583 14 12 
584 584 98 9 
585 585 1 24 
586 586 98 71 
587 587 25 79 
588 588 60 52 
589 589 10 70 
590 590 86 19 
591 591 48 65 
592 592 58 63 
593 593 64 50 
594 594 38 72 
595 595 53 70 
596 596 35 28 
597 597 18 75 
598 598 21 11 
599 599 7 10 
600 600 42 13 
601 601 98 16 
602 602 81 35 
603 603 72 10 
604 604 54 66 
605 605 95 29 
606 606 5 21 
607 607 20 33 
608 608 45 84 
609 609 60 25 
610 610 63 12 
611 611 57 19 
612 612 5 19 
613 613 50 64 
614 614 55 44 
615 615 86 86 
616 616 87 17 
617 617 8 53 
618 618 59 30 
619 619 94 89 
620 620 67 27 
621 621 14 6 
622 622 77 31 
623 623 16 84 
624 624 21 15 
625 625 88 0 
626 626 73 37 
627 627 98 59 
628 628 45 32 
629 629 88 38 
630 630 17 52 
631 631 97 89 
632 632 57 90 
633 633 95 71 
634 634 37 75 
635 635 73 98 
636 636 91 44 
637 637 37 61 
638 638 36 71 
639 639 84 73 
640 640 81 82 
641 641 64 93 
642 642 35 71 
643 643 16 73 
644 644 17 34 
645 645 30 30 
646 646 74 0 
647 647 78 10 
648 648 69 20 
649 649 45 13 
650 650 9 93 
651 651 19 83 
652 652 48 42 
653 653 74 98 
654 654 45 86 
655 655 37 86 
656 656 63 73 
657 657 5 64 
658 658 54 59 
659 659 94 68 
660 660 3 8 
661 661 28 53 
662 662 40 54 
663 663 81 36 
664 664 46 47 
665 665 23 22 
666 666 41 31 
667 667 63 11 
668 668 74 84 
669 669 33 79 
670 670 65 78 
671 671 81 5 
672 672 43 84 
673 673 18 51 
674 674 42 12 
675 675 79 81 
676 676 70 41 
677 677 98 87 
678 678 51 41 
679 679 8 27 
680 680 63 87 
681 681 3 16 
682 682 49 35 
683 683 46 38 
684 684 30 75 
685 685 26 33 
686 686 34 76 
687 687 23 78 
688 688 85 61 
689 689 39 33 
690 690 38 30 
691 691 51 58 
692 692 31 21 
693 693 85 76 
694 694 75 15 
695 695 34 79 
696 696 89 43 
697 697 90 70 
698 698 98 35 
699 699 0 47 
700 700 61 19 
701 701 51 81 
702 702 23 98 
703 703 55 31 
704 704 16 72 
705 705 39 3 
706 706 67 53 
707 707 27 59 
708 708 46 5 
709 709 19 98 
710 710 86 83 
711 711 51 93 
712 712 5 23 
713 713 9 98 
714 714 58 20 
715 715 34 15 
716 716 19 27 
717 717 2 5 
718 718 8 10 
719 719 18 92 
720 720 16 96 
721 721 52 95 
722 722 24 73 
723 723 94 3 
724 724 72 59 
725 725 68 62 
726 726 29 41 
727 727 80 64 
728 728 81 0 
729 729 78 68 
730 730 77 16 
731 731 96 18 
732 732 69 57 
733 733 46 2 
734 734 31 0 
735 735 52 54 
736 736 69 87 
737 737 15 38 
738 738 66 68 
739 739 48 71 
740 740 20 87 
741 741 54 0 
742 742 76 69 
743 743 82 58 
744 744 55 25 
745 745 76 46 
746 746 53 13 
747 747 29 99 
748 748 27 37 
749 749 84 22 
750 750 73 67 
751 751 54 38 
752 752 58 75 
753 753 30 92 
754 754 45 20 
755 755 62 64 
756 756 96 84 
757 757 82 35 
758 758 77 11 
759 759 2 71 
760 760 50 17 
761 761 58 49 
762 762 86 49 
763 763 83 5 
764 764 3 58 
765 765 6 61 
766 766 68 12 
767 767 36 82 
768 768 80 35 
769 769 48 60 
770 770 98 83 
771 771 44 20 
772 772 1 14 
773 773 85 30 
774 774 1 77 
775 775 78 57 
776 776 72 39 
777 777 90 48 
778 778 76 9 
779 779 61 3 
780 780 2 86 
781 781 7 36 
782 782 16 1 
783 783 37 97 
784 784 66 67 
785 785 64 36 
786 786 52 16 
787 787 3 93 
788 788 82 44 
789 789 85 8 
790 790 73 84 
791 791 12 14 
792 792 1 57 
793 793 91 90 
794 794 12 59 
795 795 73 16 
796 796 20 52 
797 797 33 35 
798 798 12 43 
799 799 72 24 
800 800 12 37 
801 801 51 73 
802 802 50 97 
803 803 0 68 
804 804 70 22 
805 805 77 7 
806 806 95 46 
807 807 24 1 
808 808 94 32 
809 809 92 43 
810 810 45 77 
811 811 67 14 
812 812 84 87 
813 813 6 43 
814 814 44 12 
815 815 51 82 
816 816 16 76 
817 817 23 9 
818 818 12 63 
819 819 7 74 
820 820 0 37 
821 821 48 19 
822 822 91 21 
823 823 27 52 
824 824 83 42 
825 825 35 80 
826 826 90 49 
827 827 57 25 
828 828 98 43 
829 829 45 58 
830 830 78 69 
831 831 89 80 
832 832 8 9 
833 833 83 95 
834 834 92 91 
835 835 16 20 
836 836 89 70 
837 837 31 49 
838 838 88 75 
839 839 18 27 
840 840 25 67 
841 841 77 74 
842 842 57 92 
843 843 93 85 
844 844 97 45 
845 845 99 2 
846 846 61 47 
847 847 73 14 
848 848 58 77 
849 849 43 92 
850 850 19 58 
851 851 51 19 
852 852 52 28 
853 853 27 21 
854 854 81 70 
855 855 99 0 
856 856 81 50 
857 857 52 57 
858 858 69 96 
859 859 28 14 
860 860 26 35 
861 861 81 25 
862 862 91 64 
863 863 28 10 
864 864 22 36 
865 865 92 76 
866 866 92 45 
867 867 77 76 
868 868 65 32 
869 869 42 50 
870 870 88 87 
871 871 67 78 
872 872 13 29 
873 873 87 64 
874 874 79 43 
875 875 48 15 
876 876 80 91 
877 877 61 1 
878 878 61 97 
879 879 4 99 
880 880 45 26 
881 881 7 84 
882 882 6 66 
883 883 59 81 
884 884 90 63 
885 885 88 70 
886 886 92 52 
887 887 78 8 
888 888 6 99 
889 889 65 82 
890 890 25 73 
891 891 93 97 
892 892 97 44 
893 893 99 20 
894 894 99 88 
895 895 6 65 
896 896 74 56 
897 897 91 77 
898 898 95 83 
899 899 92 67 
900 900 49 33 
901 901 81 64 
902 902 76 50 
903 903 39 15 
904 904 19 54 
905 905 97 11 
906 906 66 15 
907 907 48 1 
908 908 68 58 
909 909 39 86 
910 910 51 70 
911 911 72 15 
912 912 34 64 
913 913 15 11 
914 914 62 94 
915 915 78 98 
916 916 2 82 
917 917 60 40 
918 918 84 48 
919 919 88 48 
920 920 75 21 
921 921 29 70 
922 922 12 66 
923 923 98 25 
924 924 18 62 
925 925 41 52 
926 926 43 17 
927 927 52 27 
928 928 10 86 
929 929 83 92 
930 930 18 22 
931 931 37 59 
932 932 5 56 
933 933 62 27 
934 934 20 34 
935 935 55 27 
936 936 79 86 
937 937 94 40 
938 938 72 32 
939 939 29 2 
940 940 2 90 
941 941 67 95 
942 942 45 45 
943 943 17 86 
944 944 54 58 
945 945 1 69 
946 946 29 82 
947 947 51 12 
948 948 55 14 
949 949 22 59 
950 950 98 40 
951 951 34 80 
952 952 62 73 
953 953 99 35 
954 954 18 30 
955 955 26 32 
956 956 75 16 
957 957 92 90 
958 958 77 47 
959 959 83 37 
960 960 29 53 
961 961 76 13 
962 962 89 15 
963 963 20 80 
964 964 34 99 
965 965 47 22 
966 966 1 26 
967 967 11 15 
968 968 0 28 
969 969 93 38 
970 970 76 68 
971 971 75 57 
972 972 99 7 
973 973 45 40 
974 974 55 99 
975 975 0 43 
976 976 33 7 
977 977 79 20 
978 978 2 37 
979 979 95 94 
980 980 44 92 
981 981 35 39 
982 982 92 22 
983 983 88 67 
984 984 83 91 
985 985 62 39 
986 986 32 27 
987 987 33 29 
988 988 83 80 
989 989 88 31 
990 990 64 13 
991 991 10 63 
992 992 12 92 
993 993 93 7 
994 994 65 9 
995 995 78 46 
996 996 57 18 
997 997 18 95 
998 998 15 74 
999 999 23 18 
#
EDGES (from-node to-node length a b):
0 953 45 0 
0 905 48 0 
0 864 32 0 
0 830 43 0 
0 532 28 0 
0 402 19 0 
0 278 51 0 
0 220 79 0 
0 175 36 0 
0 7 19 0 
1 830 71 0 
1 803 79 0 
1 748 38 0 
1 717 46 0 
1 407 28 0 
1 261 15 0 
2 901 38 0 
2 841 28 0 
2 516 42 0 
2 495 50 0 
2 230 14 0 
3 852 53 0 
3 829 53 0 
3 756 30 0 
3 607 81 0 
3 415 72 0 
3 185 62 0 
3 100 77 0 
3 42 99 0 
4 886 80 0 
4 670 55 0 
4 613 37 0 
4 473 61 0 
4 423 38 0 
4 400 81 0 
4 342 43 0 
4 299 88 0 
5 853 69 0 
5 763 100 0 
5 703 64 0 
5 305 82 0 
5 259 66 0 
5 141 51 0 
6 932 61 0 
6 912 35 0 
6 685 66 0 
6 631 44 0 
6 608 12 0 
6 377 41 0 
6 237 55 0 
7 968 44 0 
7 933 29 0 
7 891 74 0 
7 645 19 0 
7 496 50 0 
7 417 39 0 
7 143 41 0 
7 110 45 0 
8 932 40 0 
8 687 45 0 
8 523 55 0 
8 195 43 0 
9 913 18 0 
9 872 14 0 
9 743 65 0 
9 408 14 0 
10 928 76 0 
10 465 25 0 
10 408 49 0 
10 400 21 0 
10 319 55 0 
10 188 33 0 
11 918 19 0 
11 804 17 0 
11 766 24 0 
11 436 47 0 
11 425 13 0 
11 379 56 0 
12 913 88 0 
12 394 49 0 
13 804 57 0 
13 549 32 0 
13 463 71 0 
14 904 40 0 
14 550 26 0 
14 367 107 0 
14 188 78 0 
14 142 79 0 
14 117 62 0 
15 900 27 0 
15 772 25 0 
15 64 20 0 
16 934 60 0 
16 714 61 0 
16 629 52 0 
16 588 29 0 
16 545 19 0 
16 397 72 0 
16 202 13 0 
16 149 26 0 
16 97 71 0 
16 48 14 0 
17 680 85 0 
17 619 83 0 
17 525 69 0 
17 68 10 0 
18 953 61 0 
18 868 31 0 
18 839 32 0 
18 768 43 0 
18 716 31 0 
18 262 60 0 
18 217 45 0 
19 622 67 0 
19 396 78 0 
19 78 52 0 
20 761 34 0 
20 748 67 0 
20 63 45 0 
21 781 74 0 
21 735 37 0 
21 92 34 0 
22 812 51 0 
22 208 41 0 
23 945 75 0 
23 936 59 0 
23 882 70 0 
23 684 58 0 
23 626 11 0 
23 220 89 0 
23 138 18 0 
23 44 33 0 
24 669 43 0 
24 591 32 0 
24 491 42 0 
24 477 36 0 
24 455 63 0 
25 438 84 0 
25 407 79 0 
25 156 66 0 
25 136 28 0 
26 891 14 0 
26 882 79 0 
26 536 90 0 
26 503 47 0 
26 310 61 0 
26 130 90 0 
27 662 34 0 
27 514 21 0 
27 224 49 0 
27 93 50 0 
28 692 28 0 
28 685 32 0 
28 669 76 0 
28 543 55 0 
28 354 45 0 
28 317 69 0 
28 51 116 0 
29 876 110 0 
29 290 112 0 
29 240 56 0 
29 195 74 0 
29 96 60 0 
29 36 92 0 
30 974 41 0 
30 929 54 0 
30 928 37 0 
30 660 64 0 
30 445 36 0 
30 348 60 0 
31 829 57 0 
31 628 77 0 
31 421 65 0 
31 296 50 0 
31 148 20 0 
32 868 45 0 
32 867 9 0 
32 626 40 0 
32 428 42 0 
32 406 21 0 
33 935 25 0 
33 874 20 0 
33 841 51 0 
33 714 22 0 
33 692 49 0 
33 630 69 0 
33 425 13 0 
33 222 76 0 
33 132 49 0 
34 890 4 0 
34 619 67 0 
34 363 18 0 
34 107 60 0 
34 54 59 0 
35 995 18 0 
35 902 21 0 
35 892 31 0 
35 854 42 0 
35 574 8 0 
35 292 27 0 
35 254 47 0 
36 966 78 0 
36 809 64 0 
36 712 78 0 
36 650 38 0 
36 386 81 0 
36 304 35 0 
36 242 69 0 
37 874 26 0 
37 497 14 0 
37 362 30 0 
37 224 20 0 
37 124 21 0 
38 828 86 0 
38 578 71 0 
38 572 93 0 
38 508 95 0 
38 505 20 0 
38 397 81 0 
39 908 69 0 
39 846 57 0 
39 288 39 0 
39 181 46 0 
40 985 35 0 
40 858 70 0 
40 603 54 0 
40 114 7 0 
40 65 49 0 
41 726 40 0 
41 722 17 0 
41 278 57 0 
41 64 37 0 
42 993 81 0 
42 362 85 0 
42 290 112 0 
43 887 42 0 
43 870 48 0 
43 867 33 0 
43 367 53 0 
43 232 27 0 
43 156 61 0 
44 851 49 0 
44 752 57 0 
44 569 48 0 
44 522 78 0 
44 455 65 0 
44 66 63 0 
45 971 57 0 
45 872 39 0 
45 857 35 0 
45 848 40 0 
45 735 36 0 
45 325 31 0 
45 197 72 0 
45 78 58 0 
46 807 20 0 
46 786 40 0 
46 769 56 0 
46 513 83 0 
46 425 65 0 
46 235 53 0 
47 759 78 0 
47 748 37 0 
47 716 33 0 
47 468 36 0 
48 963 52 0 
48 860 66 0 
48 260 95 0 
48 123 23 0 
48 81 85 0 
49 652 17 0 
49 557 32 0 
49 507 20 0 
49 317 24 0 
49 229 44 0 
50 608 53 0 
50 478 61 0 
50 458 89 0 
50 224 54 0 
50 67 30 0 
51 579 38 0 
51 421 57 0 
51 407 110 0 
51 277 107 0 
51 91 76 0 
52 779 46 0 
52 669 35 0 
52 571 13 0 
52 562 70 0 
52 352 56 0 
52 80 9 0 
53 897 96 0 
53 480 72 0 
53 165 76 0 
54 917 62 0 
54 369 6 0 
54 302 24 0 
55 770 91 0 
55 731 95 0 
55 707 17 0 
55 642 28 0 
55 473 64 0 
55 299 89 0 
55 60 38 0 
56 953 26 0 
56 223 57 0 
57 914 35 0 
57 791 62 0 
57 651 19 0 
57 613 17 0 
57 135 35 0 
58 961 75 0 
58 725 31 0 
58 621 109 0 
58 216 67 0 
58 122 84 0 
59 838 52 0 
59 761 33 0 
59 728 87 0 
59 558 17 0 
59 393 18 0 
59 253 16 0 
59 174 64 0 
60 983 70 0 
60 982 61 0 
60 926 16 0 
60 839 13 0 
60 524 59 0 
60 471 42 0 
60 377 36 0 
60 302 14 0 
60 104 68 0 
61 792 50 0 
61 454 74 0 
61 221 30 0 
61 188 88 0 
61 134 28 0 
62 919 62 0 
62 775 48 0 
62 509 18 0 
62 378 40 0 
62 152 27 0 
63 870 71 0 
63 455 50 0 
63 319 81 0 
64 999 26 0 
64 737 13 0 
64 710 71 0 
64 649 36 0 
64 142 67 0 
65 816 22 0 
65 616 89 0 
66 978 99 0 
66 448 59 0 
66 301 52 0 
66 214 79 0 
67 884 18 0 
67 800 65 0 
67 484 41 0 
67 145 32 0 
68 942 52 0 
68 869 57 0 
68 538 31 0 
68 529 33 0 
68 309 17 0 
69 868 25 0 
69 567 52 0 
69 465 23 0 
69 446 44 0 
69 425 16 0 
69 424 2 0 
69 320 20 0 
69 313 74 0 
70 834 51 0 
70 257 40 0 
70 217 24 0 
71 958 50 0 
71 510 37 0 
71 474 37 0 
71 431 59 0 
71 325 22 0 
71 296 52 0 
71 224 35 0 
72 959 86 0 
72 559 55 0 
72 446 84 0 
72 338 56 0 
72 122 64 0 
73 938 17 0 
73 774 74 0 
73 526 38 0 
73 364 44 0 
73 170 60 0 
74 764 41 0 
74 429 78 0 
75 906 90 0 
75 808 93 0 
75 414 88 0 
75 315 14 0 
76 659 7 0 
76 477 45 0 
76 396 56 0 
76 374 95 0 
76 140 89 0 
77 989 64 0 
77 688 58 0 
77 334 22 0 
77 165 60 0 
79 784 31 0 
79 731 86 0 
80 815 40 0 
80 795 44 0 
81 855 82 0 
81 516 51 0 
81 284 18 0 
81 279 71 0 
81 189 40 0 
82 652 40 0 
82 639 71 0 
82 514 69 0 
83 995 28 0 
83 750 24 0 
83 489 42 0 
83 301 29 0 
83 276 44 0 
83 172 52 0 
83 101 13 0 
83 95 51 0 
84 667 70 0 
84 247 46 0 
85 971 32 0 
85 591 25 0 
85 290 62 0 
85 105 22 0 
86 851 42 0 
86 632 94 0 
86 279 70 0 
86 95 110 0 
87 938 72 0 
87 651 74 0 
88 963 44 0 
88 941 24 0 
88 883 11 0 
88 764 61 0 
88 684 33 0 
88 671 68 0 
88 630 50 0 
89 810 9 0 
89 292 78 0 
90 632 43 0 
90 426 56 0 
91 949 51 0 
91 920 19 0 
91 755 43 0 
91 694 20 0 
91 599 50 0 
91 235 10 0 
92 916 51 0 
92 351 34 0 
92 268 16 0 
92 201 60 0 
92 150 28 0 
92 103 69 0 
93 938 94 0 
93 866 104 0 
93 842 57 0 
93 586 100 0 
94 973 52 0 
94 639 48 0 
94 505 80 0 
94 434 65 0 
94 195 86 0 
95 876 80 0 
95 825 34 0 
95 553 70 0 
96 927 62 0 
96 890 25 0 
96 791 50 0 
96 772 49 0 
96 724 70 0 
96 716 40 0 
96 711 57 0 
96 669 35 0 
96 519 94 0 
96 318 28 0 
96 148 70 0 
97 986 22 0 
97 657 68 0 
97 607 35 0 
97 415 74 0 
98 934 17 0 
98 843 81 0 
98 695 32 0 
98 676 52 0 
98 309 80 0 
98 301 60 0 
99 609 16 0 
99 266 20 0 
99 239 20 0 
100 648 37 0 
100 452 77 0 
100 449 42 0 
100 448 46 0 
101 809 53 0 
101 682 31 0 
101 566 40 0 
101 363 8 0 
102 575 36 0 
103 991 101 0 
103 967 83 0 
103 800 87 0 
103 600 52 0 
103 122 61 0 
103 118 58 0 
104 938 49 0 
104 753 43 0 
104 728 81 0 
104 622 50 0 
104 393 29 0 
104 266 89 0 
105 456 42 0 
105 438 52 0 
105 427 54 0 
105 389 34 0 
105 264 60 0 
105 108 45 0 
106 676 56 0 
106 544 42 0 
106 255 26 0 
106 158 30 0 
107 999 23 0 
107 132 95 0 
108 939 71 0 
108 890 11 0 
108 862 77 0 
108 765 13 0 
108 726 34 0 
108 544 33 0 
108 456 81 0 
108 170 24 0 
109 867 60 0 
109 747 105 0 
109 670 67 0 
109 320 34 0 
109 205 51 0 
109 111 109 0 
110 931 39 0 
110 872 76 0 
110 762 34 0 
110 406 19 0 
110 267 49 0 
110 178 53 0 
111 813 50 0 
111 780 15 0 
111 600 83 0 
111 510 62 0 
111 467 48 0 
111 306 59 0 
112 961 21 0 
112 828 40 0 
112 797 70 0 
112 562 92 0 
112 552 33 0 
112 342 62 0 
112 165 23 0 
113 926 88 0 
113 462 102 0 
113 451 106 0 
113 347 47 0 
114 967 27 0 
114 660 36 0 
114 507 51 0 
114 376 54 0 
115 805 107 0 
115 681 68 0 
115 545 38 0 
115 409 48 0 
115 335 34 0 
115 119 69 0 
116 424 86 0 
116 193 52 0 
116 143 11 0 
117 947 39 0 
117 600 43 0 
117 313 59 0 
117 253 41 0 
118 980 41 0 
118 314 21 0 
118 231 38 0 
119 842 76 0 
119 482 69 0 
119 430 56 0 
119 323 78 0 
119 278 77 0 
119 241 49 0 
119 218 24 0 
120 847 82 0 
120 762 48 0 
120 483 61 0 
121 745 57 0 
121 289 27 0 
121 139 72 0 
122 751 25 0 
122 497 59 0 
122 417 16 0 
122 336 42 0 
123 765 49 0 
123 665 68 0 
123 641 17 0 
123 607 60 0 
124 993 47 0 
124 859 40 0 
124 740 62 0 
124 704 54 0 
124 700 20 0 
124 643 55 0 
124 444 43 0 
124 352 70 0 
125 792 74 0 
126 691 13 0 
127 931 60 0 
127 615 105 0 
127 520 54 0 
127 330 33 0 
127 327 104 0 
127 225 88 0 
127 141 86 0 
128 903 85 0 
128 767 27 0 
128 143 85 0 
129 933 57 0 
129 917 47 0 
129 725 26 0 
129 513 46 0 
130 851 14 0 
130 671 38 0 
130 495 64 0 
130 307 8 0 
130 163 4 0 
130 133 98 0 
131 854 30 0 
131 656 14 0 
131 598 81 0 
132 954 73 0 
132 479 69 0 
133 854 27 0 
133 548 57 0 
134 782 76 0 
134 750 59 0 
134 580 84 0 
134 477 43 0 
134 451 87 0 
135 845 70 0 
135 470 40 0 
136 956 81 0 
136 864 27 0 
136 798 15 0 
136 482 42 0 
136 441 70 0 
136 206 95 0 
137 893 93 0 
137 883 85 0 
137 833 111 0 
137 779 56 0 
137 454 63 0 
137 412 65 0 
137 371 54 0 
137 304 62 0 
137 189 51 0 
138 989 34 0 
138 732 16 0 
138 685 35 0 
138 661 31 0 
138 581 37 0 
138 534 44 0 
138 333 20 0 
138 209 34 0 
138 170 49 0 
139 964 87 0 
139 897 45 0 
139 577 33 0 
139 463 24 0 
139 226 37 0 
140 640 78 0 
140 504 114 0 
140 431 84 0 
140 379 48 0 
140 307 101 0 
140 192 97 0 
141 910 26 0 
141 849 41 0 
141 702 61 0 
141 588 24 0 
141 489 55 0 
141 338 86 0 
142 771 51 0 
142 688 27 0 
142 622 16 0 
143 798 14 0 
143 556 57 0 
143 539 86 0 
143 186 50 0 
144 924 59 0 
144 918 92 0 
144 724 88 0 
144 453 44 0 
144 414 56 0 
144 401 48 0 
144 298 110 0 
145 663 47 0 
145 655 58 0 
145 456 76 0 
145 407 108 0 
146 980 72 0 
146 604 44 0 
146 528 59 0 
146 311 36 0 
147 831 19 0 
147 548 66 0 
147 174 117 0 
148 997 49 0 
148 957 25 0 
148 893 77 0 
148 636 52 0 
148 516 41 0 
148 394 20 0 
149 227 40 0 
150 877 41 0 
150 803 74 0 
150 787 84 0 
150 552 13 0 
150 431 42 0 
150 321 25 0 
150 198 49 0 
151 995 53 0 
151 862 34 0 
151 535 51 0 
151 409 38 0 
151 152 61 0 
152 881 40 0 
152 830 40 0 
152 725 29 0 
153 769 33 0 
153 574 41 0 
153 544 67 0 
153 424 33 0 
154 847 22 0 
154 356 53 0 
154 269 49 0 
154 232 37 0 
155 524 10 0 
155 252 19 0 
156 950 92 0 
156 870 106 0 
156 740 72 0 
156 368 17 0 
156 321 66 0 
156 199 89 0 
156 192 83 0 
156 175 29 0 
157 775 51 0 
157 621 99 0 
157 598 92 0 
158 964 46 0 
158 532 47 0 
158 349 18 0 
158 315 48 0 
159 918 35 0 
159 896 35 0 
159 889 57 0 
159 790 61 0 
159 768 24 0 
159 710 64 0 
159 575 43 0 
159 306 26 0 
160 764 70 0 
161 947 46 0 
161 848 20 0 
161 811 44 0 
162 924 11 0 
162 919 79 0 
162 566 51 0 
162 508 69 0 
162 276 79 0 
163 463 35 0 
163 197 89 0 
164 843 103 0 
164 835 26 0 
164 833 99 0 
164 326 50 0 
165 934 59 0 
165 839 58 0 
165 772 74 0 
165 753 90 0 
165 680 74 0 
165 678 36 0 
165 386 14 0 
166 804 30 0 
167 626 59 0 
167 614 40 0 
167 352 28 0 
167 172 47 0 
168 562 75 0 
168 423 59 0 
169 953 91 0 
169 899 69 0 
169 898 68 0 
169 867 52 0 
169 494 58 0 
170 995 69 0 
170 445 27 0 
170 338 25 0 
170 337 36 0 
170 271 65 0 
171 984 69 0 
171 813 22 0 
171 695 27 0 
171 525 38 0 
171 374 32 0 
172 809 80 0 
172 416 61 0 
172 372 75 0 
173 914 43 0 
173 634 17 0 
173 570 35 0 
173 568 40 0 
173 409 32 0 
173 290 56 0 
174 924 49 0 
174 559 88 0 
174 477 54 0 
174 472 93 0 
174 376 78 0 
174 369 15 0 
174 298 96 0 
174 182 16 0 
175 984 80 0 
175 918 65 0 
175 791 30 0 
175 623 41 0 
175 593 46 0 
175 492 40 0 
175 479 15 0 
175 290 80 0 
176 888 99 0 
176 799 19 0 
176 404 39 0 
176 286 4 0 
176 261 17 0 
176 236 29 0 
177 705 102 0 
177 620 68 0 
177 433 13 0 
177 407 112 0 
178 545 40 0 
178 522 30 0 
178 402 27 0 
178 375 67 0 
178 309 53 0 
179 989 82 0 
179 966 61 0 
179 937 82 0 
179 553 47 0 
179 521 36 0 
179 373 73 0 
179 359 59 0 
180 826 23 0 
180 225 34 0 
181 887 52 0 
181 706 24 0 
181 504 53 0 
181 478 40 0 
181 223 42 0 
182 879 95 0 
182 708 43 0 
182 408 41 0 
182 366 80 0 
183 961 21 0 
183 907 36 0 
183 879 92 0 
183 242 32 0 
184 850 38 0 
184 493 69 0 
184 275 14 0 
184 270 67 0 
185 873 64 0 
185 749 30 0 
185 360 69 0 
186 752 24 0 
186 598 63 0 
186 478 66 0 
186 403 72 0 
187 867 20 0 
187 724 9 0 
187 671 51 0 
187 388 37 0 
187 337 40 0 
187 275 64 0 
187 267 44 0 
188 768 21 0 
188 419 60 0 
188 337 55 0 
189 942 3 0 
189 650 58 0 
190 537 31 0 
190 494 61 0 
190 389 61 0 
190 294 40 0 
191 988 66 0 
191 958 56 0 
191 874 58 0 
191 819 23 0 
191 788 61 0 
191 649 49 0 
191 625 87 0 
191 568 47 0 
191 460 48 0 
192 921 64 0 
192 676 17 0 
192 653 56 0 
192 271 13 0 
192 234 48 0 
193 988 92 0 
193 910 69 0 
193 817 9 0 
193 630 50 0 
193 480 89 0 
193 216 36 0 
194 740 79 0 
194 615 66 0 
194 454 4 0 
194 351 69 0 
194 305 26 0 
194 273 98 0 
195 750 48 0 
195 234 61 0 
196 638 90 0 
196 537 94 0 
196 526 91 0 
196 305 49 0 
197 767 52 0 
197 757 53 0 
197 591 46 0 
197 458 87 0 
198 976 29 0 
198 926 27 0 
198 893 79 0 
198 887 62 0 
198 795 55 0 
198 363 33 0 
199 858 53 0 
199 807 83 0 
199 629 11 0 
199 445 92 0 
199 422 69 0 
199 203 72 0 
200 903 33 0 
200 847 61 0 
200 612 23 0 
201 952 81 0 
201 918 82 0 
201 793 113 0 
201 783 91 0 
201 546 55 0 
201 284 19 0 
202 756 42 0 
202 588 42 0 
203 850 38 0 
203 728 103 0 
203 556 69 0 
203 515 78 0 
203 347 51 0 
203 328 63 0 
204 791 45 0 
204 597 57 0 
204 512 40 0 
204 398 53 0 
205 993 63 0 
205 744 52 0 
205 530 69 0 
205 498 27 0 
205 427 68 0 
205 301 26 0 
205 243 39 0 
205 209 45 0 
206 885 14 0 
206 448 65 0 
206 347 94 0 
207 391 72 0 
208 747 51 0 
208 492 44 0 
209 660 83 0 
209 236 28 0 
210 985 59 0 
210 665 18 0 
210 589 46 0 
211 883 35 0 
211 341 64 0 
211 318 37 0 
211 286 62 0 
211 255 12 0 
211 245 76 0 
212 951 61 0 
212 795 34 0 
212 466 37 0 
213 731 91 0 
213 728 91 0 
214 990 80 0 
214 706 62 0 
214 558 15 0 
214 415 29 0 
215 995 28 0 
215 754 64 0 
215 750 10 0 
216 241 40 0 
217 676 22 0 
217 484 80 0 
218 977 46 0 
218 867 50 0 
218 811 40 0 
218 802 55 0 
218 404 8 0 
218 278 59 0 
218 223 38 0 
219 856 89 0 
219 851 48 0 
219 609 58 0 
219 301 82 0 
220 875 91 0 
220 813 53 0 
221 756 84 0 
221 581 21 0 
222 965 69 0 
222 580 57 0 
222 467 19 0 
222 359 46 0 
224 859 39 0 
224 686 43 0 
224 677 62 0 
224 652 9 0 
225 984 26 0 
225 910 34 0 
225 651 68 0 
225 407 90 0 
226 953 41 0 
226 777 27 0 
226 552 31 0 
227 981 32 0 
227 757 67 0 
227 695 14 0 
227 630 18 0 
227 553 51 0 
227 537 3 0 
227 528 21 0 
227 409 32 0 
227 405 41 0 
227 402 64 0 
227 331 63 0 
228 940 44 0 
228 514 8 0 
228 468 51 0 
228 438 58 0 
228 332 49 0 
229 994 47 0 
229 898 89 0 
229 762 66 0 
229 466 24 0 
230 664 35 0 
230 623 45 0 
230 620 52 0 
230 601 73 0 
230 540 61 0 
230 495 36 0 
230 467 3 0 
230 456 69 0 
230 450 18 0 
230 393 20 0 
230 247 45 0 
231 793 56 0 
231 577 36 0 
231 312 37 0 
232 980 71 0 
232 881 93 0 
232 719 89 0 
232 498 28 0 
232 401 61 0 
232 395 23 0 
233 950 78 0 
233 664 25 0 
233 354 18 0 
234 958 46 0 
234 931 58 0 
234 472 21 0 
234 416 87 0 
234 415 54 0 
234 337 65 0 
235 761 34 0 
235 759 84 0 
235 497 58 0 
235 459 69 0 
235 445 85 0 
235 370 41 0 
235 310 93 0 
235 280 36 0 
236 909 51 0 
236 810 40 0 
236 374 55 0 
237 554 60 0 
237 489 52 0 
237 408 16 0 
238 832 63 0 
238 811 35 0 
239 424 57 0 
239 414 30 0 
240 973 36 0 
240 827 55 0 
240 627 83 0 
240 560 57 0 
241 893 101 0 
241 781 29 0 
241 705 69 0 
242 920 38 0 
242 802 77 0 
242 748 19 0 
242 672 63 0 
242 378 68 0 
243 998 88 0 
243 991 88 0 
243 897 46 0 
243 373 41 0 
243 348 39 0 
244 905 44 0 
244 773 33 0 
244 743 48 0 
245 715 64 0 
245 697 38 0 
245 683 50 0 
245 610 39 0 
245 509 66 0 
245 459 46 0 
245 405 49 0 
245 404 66 0 
245 336 26 0 
245 264 63 0 
246 967 44 0 
246 809 86 0 
246 402 67 0 
247 936 62 0 
247 685 13 0 
247 627 66 0 
247 469 61 0 
248 822 75 0 
248 820 42 0 
248 748 29 0 
248 268 13 0 
249 913 86 0 
249 639 18 0 
249 603 70 0 
249 507 11 0 
249 346 66 0 
250 971 5 0 
250 962 43 0 
250 765 74 0 
250 626 21 0 
250 481 11 0 
251 919 93 0 
251 522 56 0 
251 502 76 0 
251 324 70 0 
252 928 4 0 
252 535 35 0 
252 361 77 0 
253 770 70 0 
253 697 59 0 
253 607 29 0 
254 713 46 0 
254 671 73 0 
254 580 68 0 
254 492 53 0 
254 424 59 0 
254 421 68 0 
254 354 18 0 
254 301 50 0 
255 760 41 0 
255 634 21 0 
255 427 68 0 
255 384 31 0 
256 887 84 0 
256 588 41 0 
256 320 56 0 
257 956 29 0 
258 967 89 0 
258 779 55 0 
258 731 29 0 
258 671 44 0 
258 665 75 0 
258 635 55 0 
258 372 35 0 
258 329 69 0 
258 310 88 0 
259 645 20 0 
259 520 67 0 
259 500 23 0 
259 304 49 0 
260 728 77 0 
260 579 82 0 
260 424 88 0 
260 341 83 0 
260 289 33 0 
260 264 85 0 
261 854 68 0 
261 850 46 0 
261 454 30 0 
261 446 20 0 
261 424 56 0 
262 828 24 0 
262 823 73 0 
262 759 96 0 
262 524 67 0 
263 869 27 0 
263 800 59 0 
263 559 29 0 
264 999 73 0 
264 608 13 0 
264 584 83 0 
264 310 39 0 
265 917 36 0 
265 905 60 0 
265 602 34 0 
265 524 50 0 
266 576 47 0 
266 421 66 0 
266 391 74 0 
266 361 17 0 
267 660 49 0 
267 423 28 0 
267 358 62 0 
268 797 18 0 
268 755 32 0 
268 596 25 0 
268 537 17 0 
268 437 78 0 
268 405 23 0 
268 305 46 0 
269 879 106 0 
269 789 37 0 
269 780 102 0 
269 746 52 0 
269 561 50 0 
269 477 45 0 
269 381 76 0 
270 843 6 0 
270 300 27 0 
271 609 22 0 
271 599 74 0 
271 506 26 0 
271 305 45 0 
272 980 88 0 
272 665 69 0 
272 660 90 0 
272 601 6 0 
272 503 24 0 
273 740 21 0 
273 701 52 0 
273 617 44 0 
273 426 70 0 
273 411 94 0 
274 732 53 0 
274 689 23 0 
274 538 57 0 
275 956 85 0 
275 377 19 0 
276 803 93 0 
276 735 42 0 
276 593 32 0 
277 379 57 0 
277 280 27 0 
278 978 97 0 
278 885 10 0 
278 483 30 0 
278 301 26 0 
279 814 62 0 
279 746 58 0 
279 726 48 0 
279 599 85 0 
279 541 18 0 
280 905 67 0 
280 799 40 0 
280 635 77 0 
281 984 71 0 
281 857 28 0 
281 471 60 0 
281 370 35 0 
281 312 59 0 
281 292 50 0 
282 818 32 0 
282 773 61 0 
282 741 74 0 
282 493 44 0 
282 485 28 0 
283 772 100 0 
283 761 35 0 
283 457 52 0 
283 425 27 0 
284 905 95 0 
284 645 27 0 
284 643 49 0 
284 465 80 0 
284 463 80 0 
284 450 74 0 
284 430 83 0 
285 990 15 0 
285 843 75 0 
285 651 94 0 
285 457 74 0 
285 387 16 0 
287 996 20 0 
287 632 68 0 
287 603 16 0 
287 505 73 0 
287 458 62 0 
287 446 23 0 
287 431 55 0 
287 366 36 0 
288 658 22 0 
288 465 44 0 
289 944 38 0 
289 855 66 0 
290 954 89 0 
290 793 9 0 
290 702 59 0 
290 508 88 0 
290 439 37 0 
290 412 44 0 
291 965 13 0 
291 710 60 0 
291 688 44 0 
291 553 59 0 
291 306 18 0 
292 304 80 0 
293 466 37 0 
294 735 35 0 
294 727 54 0 
294 604 29 0 
294 503 68 0 
294 492 77 0 
295 997 59 0 
295 709 62 0 
295 614 53 0 
295 558 43 0 
295 461 32 0 
295 429 96 0 
296 798 67 0 
296 747 72 0 
296 624 66 0 
296 551 72 0 
297 931 40 0 
297 618 73 0 
297 526 57 0 
297 469 22 0 
298 994 85 0 
298 955 75 0 
299 892 32 0 
299 604 62 0 
299 546 20 0 
299 399 99 0 
300 965 45 0 
300 958 11 0 
300 873 14 0 
300 628 39 0 
301 923 27 0 
301 882 76 0 
301 482 68 0 
301 371 23 0 
302 912 51 0 
302 775 68 0 
302 686 63 0 
302 620 44 0 
302 575 71 0 
303 883 44 0 
303 812 66 0 
303 778 57 0 
303 609 35 0 
303 579 41 0 
304 905 105 0 
304 882 13 0 
304 641 53 0 
305 933 25 0 
305 457 68 0 
306 989 35 0 
306 874 22 0 
306 778 45 0 
306 464 41 0 
306 357 34 0 
306 342 4 0 
306 324 2 0 
307 988 82 0 
307 953 57 0 
307 938 34 0 
307 414 11 0 
308 570 45 0 
309 770 84 0 
309 330 37 0 
310 958 75 0 
310 627 85 0 
310 479 69 0 
311 829 27 0 
311 758 52 0 
311 570 28 0 
311 393 57 0 
311 326 22 0 
311 316 65 0 
312 969 38 0 
312 962 20 0 
312 946 85 0 
312 811 7 0 
312 668 76 0 
312 613 59 0 
312 555 50 0 
312 380 89 0 
313 540 56 0 
314 707 39 0 
314 400 42 0 
315 351 41 0 
315 329 88 0 
316 330 78 0 
317 740 28 0 
317 479 42 0 
317 452 53 0 
318 854 82 0 
318 723 127 0 
318 722 28 0 
319 942 38 0 
319 480 22 0 
319 415 2 0 
319 383 78 0 
319 363 25 0 
320 993 38 0 
320 644 51 0 
321 953 51 0 
321 904 38 0 
321 868 31 0 
321 836 34 0 
321 568 42 0 
321 517 35 0 
321 406 34 0 
322 812 49 0 
322 668 46 0 
322 405 33 0 
323 900 56 0 
323 884 10 0 
323 735 41 0 
323 521 30 0 
323 485 53 0 
324 968 65 0 
324 794 50 0 
324 730 38 0 
324 648 31 0 
324 538 15 0 
324 535 34 0 
325 880 49 0 
325 756 48 0 
325 696 51 0 
325 423 9 0 
325 343 57 0 
326 740 51 0 
326 730 40 0 
326 672 39 0 
326 558 45 0 
326 526 39 0 
326 524 43 0 
326 471 47 0 
326 440 45 0 
327 873 45 0 
327 476 43 0 
327 358 25 0 
328 824 46 0 
328 757 53 0 
328 543 83 0 
329 848 73 0 
329 578 48 0 
329 546 29 0 
330 930 33 0 
330 646 32 0 
330 552 30 0 
330 521 49 0 
331 630 72 0 
332 914 30 0 
332 782 89 0 
333 964 38 0 
333 935 37 0 
333 828 53 0 
333 806 49 0 
333 798 43 0 
333 755 13 0 
333 602 43 0 
334 781 47 0 
334 688 36 0 
334 621 60 0 
334 494 15 0 
334 390 55 0 
335 986 71 0 
335 877 101 0 
335 872 72 0 
335 830 53 0 
335 816 28 0 
335 567 51 0 
335 386 96 0 
336 671 37 0 
336 653 57 0 
336 652 24 0 
337 642 31 0 
338 948 52 0 
338 622 73 0 
339 869 35 0 
339 515 77 0 
340 941 78 0 
341 994 34 0 
341 631 54 0 
342 884 37 0 
342 704 45 0 
342 378 34 0 
343 990 66 0 
343 783 66 0 
343 771 45 0 
343 720 57 0 
343 611 57 0 
343 513 90 0 
344 860 60 0 
344 786 86 0 
344 500 90 0 
345 974 51 0 
345 516 47 0 
346 902 81 0 
346 838 87 0 
346 538 82 0 
346 532 98 0 
347 694 75 0 
347 609 57 0 
347 388 90 0 
348 935 60 0 
349 905 74 0 
349 743 31 0 
349 711 22 0 
349 406 34 0 
350 719 75 0 
350 572 80 0 
350 519 52 0 
350 491 42 0 
350 381 59 0 
351 953 71 0 
351 385 62 0 
352 876 66 0 
352 578 79 0 
352 548 57 0 
352 470 42 0 
352 424 88 0 
353 991 90 0 
353 976 63 0 
353 963 90 0 
353 833 69 0 
354 518 43 0 
354 390 38 0 
355 890 101 0 
356 837 51 0 
356 767 82 0 
356 543 60 0 
356 486 81 0 
357 837 62 0 
358 913 101 0 
358 692 83 0 
358 411 99 0 
359 583 75 0 
359 511 34 0 
359 410 22 0 
359 405 35 0 
359 363 34 0 
360 867 66 0 
360 808 85 0 
360 711 52 0 
360 616 85 0 
361 857 45 0 
361 856 59 0 
361 841 73 0 
361 388 93 0 
362 774 90 0 
362 658 35 0 
362 652 38 0 
362 547 69 0 
363 874 40 0 
363 789 66 0 
363 603 57 0 
363 592 17 0 
364 666 32 0 
364 568 17 0 
365 895 34 0 
366 946 41 0 
366 936 33 0 
367 670 29 0 
367 378 21 0 
368 865 86 0 
368 703 31 0 
368 484 93 0 
369 941 105 0 
369 832 8 0 
369 681 4 0 
369 578 77 0 
370 897 37 0 
370 819 56 0 
370 805 53 0 
371 936 59 0 
371 650 79 0 
371 408 34 0 
372 596 55 0 
372 437 69 0 
372 389 33 0 
373 868 51 0 
374 829 48 0 
374 665 15 0 
374 528 62 0 
375 669 27 0 
375 449 111 0 
376 822 70 0 
377 643 13 0 
378 897 13 0 
378 636 34 0 
378 550 61 0 
378 403 64 0 
379 486 17 0 
379 471 66 0 
379 422 16 0 
380 749 84 0 
380 659 63 0 
380 499 70 0 
380 471 94 0 
380 443 101 0 
381 883 25 0 
381 873 58 0 
381 804 80 0 
381 726 55 0 
381 526 21 0 
382 882 78 0 
382 812 4 0 
382 467 19 0 
383 949 55 0 
383 834 111 0 
383 732 70 0 
383 499 63 0 
384 848 6 0 
384 580 48 0 
384 459 44 0 
384 430 69 0 
385 945 89 0 
385 851 37 0 
385 568 36 0 
386 718 81 0 
386 590 2 0 
386 582 52 0 
386 453 93 0 
388 922 79 0 
388 687 65 0 
388 608 42 0 
388 532 69 0 
388 469 84 0 
388 403 83 0 
389 994 30 0 
390 909 68 0 
390 793 109 0 
391 865 29 0 
391 545 59 0 
391 461 86 0 
392 883 81 0 
392 652 42 0 
392 507 74 0 
393 884 53 0 
393 771 70 0 
393 575 40 0 
394 921 53 0 
394 682 53 0 
394 461 73 0 
395 959 22 0 
395 891 40 0 
395 617 85 0 
396 790 65 0 
396 714 22 0 
396 605 18 0 
396 536 42 0 
396 436 39 0 
397 722 55 0 
398 715 67 0 
399 982 99 0 
399 885 83 0 
399 567 36 0 
400 963 79 0 
400 439 22 0 
401 896 49 0 
401 749 63 0 
401 495 61 0 
401 437 80 0 
402 958 39 0 
402 721 81 0 
402 693 68 0 
402 657 72 0 
402 552 28 0 
403 863 43 0 
403 775 47 0 
403 632 80 0 
404 901 54 0 
404 648 44 0 
404 485 12 0 
404 446 42 0 
405 615 64 0 
405 599 47 0 
405 475 8 0 
406 910 37 0 
406 670 24 0 
406 650 82 0 
406 617 82 0 
406 555 39 0 
406 535 48 0 
406 476 58 0 
406 415 57 0 
407 924 59 0 
407 901 86 0 
407 627 96 0 
408 742 59 0 
408 715 26 0 
408 610 47 0 
408 582 31 0 
408 438 57 0 
409 974 13 0 
409 585 80 0 
409 493 59 0 
410 986 59 0 
410 550 55 0 
411 999 13 0 
411 717 24 0 
411 640 95 0 
411 638 67 0 
411 545 71 0 
411 543 36 0 
412 569 47 0 
413 437 66 0 
414 960 49 0 
414 837 44 0 
414 480 77 0 
415 779 85 0 
415 630 34 0 
415 611 69 0 
417 538 62 0 
418 981 35 0 
418 582 28 0 
418 514 54 0 
419 762 30 0 
419 678 38 0 
419 665 70 0 
419 486 15 0 
420 769 57 0 
421 843 53 0 
421 774 102 0 
421 690 55 0 
421 635 69 0 
421 630 79 0 
421 483 9 0 
422 927 43 0 
422 453 26 0 
423 916 52 0 
423 653 39 0 
423 448 17 0 
424 866 4 0 
424 683 42 0 
424 449 44 0 
425 975 74 0 
425 537 58 0 
425 440 66 0 
426 433 28 0 
427 878 97 0 
427 511 87 0 
428 674 72 0 
428 587 3 0 
428 541 28 0 
429 693 73 0 
429 690 59 0 
429 622 31 0 
430 981 55 0 
430 841 57 0 
430 442 66 0 
430 440 87 0 
430 436 45 0 
430 433 81 0 
431 761 42 0 
431 510 88 0 
432 657 79 0 
432 517 55 0 
433 874 59 0 
433 745 57 0 
433 736 32 0 
434 734 66 0 
434 594 9 0 
435 939 81 0 
435 843 28 0 
435 742 10 0 
435 537 40 0 
436 909 77 0 
436 717 40 0 
436 560 9 0 
437 763 12 0 
437 624 74 0 
438 681 79 0 
438 520 12 0 
439 946 50 0 
439 535 38 0 
439 479 55 0 
440 789 95 0 
440 649 77 0 
440 623 21 0 
440 514 32 0 
441 660 68 0 
442 943 41 0 
442 911 64 0 
442 766 66 0 
442 739 11 0 
442 662 29 0 
442 553 19 0 
442 545 17 0 
443 953 26 0 
443 545 87 0 
443 508 38 0 
443 460 103 0 
444 967 77 0 
445 653 74 0 
446 687 76 0 
447 520 49 0 
448 687 22 0 
449 786 25 0 
449 476 77 0 
450 751 50 0 
450 742 36 0 
451 851 35 0 
451 776 18 0 
452 827 51 0 
452 474 32 0 
453 918 84 0 
454 859 42 0 
454 840 64 0 
454 812 68 0 
454 719 87 0 
454 553 70 0 
455 937 61 0 
455 628 12 0 
456 986 39 0 
456 958 38 0 
456 950 43 0 
456 667 4 0 
456 636 42 0 
456 630 65 0 
456 608 77 0 
456 560 34 0 
458 911 61 0 
458 781 10 0 
458 666 27 0 
458 626 57 0 
459 849 55 0 
459 817 100 0 
459 797 76 0 
459 788 37 0 
459 739 49 0 
459 514 76 0 
460 807 99 0 
460 501 41 0 
461 998 8 0 
461 713 29 0 
462 773 29 0 
462 665 40 0 
462 664 38 0 
463 785 31 0 
464 965 65 0 
464 889 40 0 
464 849 64 0 
464 744 57 0 
465 703 29 0 
465 655 79 0 
465 627 40 0 
465 467 62 0 
466 910 29 0 
466 787 46 0 
466 730 63 0 
466 549 32 0 
467 979 35 0 
467 875 68 0 
468 915 115 0 
469 587 28 0 
470 746 47 0 
471 530 6 0 
472 956 57 0 
472 536 80 0 
473 776 5 0 
473 673 54 0 
473 486 27 0 
474 959 43 0 
474 830 15 0 
474 565 68 0 
475 881 56 0 
475 763 54 0 
476 830 48 0 
476 532 67 0 
477 756 54 0 
477 710 45 0 
478 942 38 0 
478 835 57 0 
478 788 26 0 
478 701 65 0 
478 647 11 0 
478 552 13 0 
479 570 25 0 
480 986 67 0 
480 944 33 0 
480 942 47 0 
480 892 65 0 
480 854 36 0 
480 838 39 0 
480 573 59 0 
481 525 27 0 
481 503 24 0 
482 876 51 0 
482 694 88 0 
482 609 72 0 
482 601 101 0 
482 593 53 0 
483 977 16 0 
483 966 84 0 
483 746 39 0 
484 961 86 0 
484 515 68 0 
485 631 70 0 
485 572 41 0 
486 663 38 0 
487 830 30 0 
487 589 72 0 
487 556 23 0 
488 918 20 0 
488 684 75 0 
488 676 22 0 
488 525 50 0 
489 895 30 0 
490 949 56 0 
490 887 82 0 
490 828 55 0 
490 823 57 0 
490 743 35 0 
491 908 22 0 
491 865 52 0 
491 678 10 0 
491 659 50 0 
491 612 52 0 
492 981 36 0 
493 946 54 0 
493 750 50 0 
494 957 54 0 
494 840 43 0 
494 813 56 0 
494 621 62 0 
494 557 37 0 
495 503 13 0 
496 894 122 0 
496 816 65 0 
496 691 66 0 
497 793 34 0 
497 694 61 0 
498 931 27 0 
499 561 32 0 
499 549 34 0 
500 877 55 0 
500 738 88 0 
500 625 82 0 
501 938 36 0 
501 662 36 0 
503 805 35 0 
503 703 31 0 
503 630 68 0 
504 705 32 0 
504 531 41 0 
505 976 89 0 
505 885 43 0 
505 618 64 0 
505 615 35 0 
506 910 62 0 
506 905 13 0 
506 762 29 0 
506 728 21 0 
507 936 24 0 
507 830 21 0 
507 694 61 0 
508 997 97 0 
508 959 39 0 
509 789 75 0 
509 556 46 0 
509 552 53 0 
510 982 78 0 
510 889 73 0 
510 760 38 0 
511 778 79 0 
511 617 71 0 
511 544 69 0 
512 816 27 0 
512 810 39 0 
512 545 34 0 
512 516 40 0 
513 845 29 0 
514 917 43 0 
514 734 61 0 
515 802 74 0 
515 613 47 0 
516 768 27 0 
516 594 30 0 
517 950 79 0 
517 650 30 0 
517 534 11 0 
518 866 19 0 
518 845 59 0 
519 999 57 0 
519 829 59 0 
519 819 96 0 
519 691 55 0 
519 612 75 0 
520 764 84 0 
521 680 18 0 
522 956 67 0 
522 551 52 0 
523 987 65 0 
523 800 75 0 
523 568 62 0 
524 786 72 0 
524 557 25 0 
525 931 25 0 
525 683 34 0 
525 543 57 0 
525 531 35 0 
527 731 91 0 
527 678 45 0 
528 689 45 0 
529 760 29 0 
529 623 67 0 
530 827 21 0 
530 757 39 0 
530 670 74 0 
531 834 50 0 
532 743 34 0 
533 971 47 0 
533 658 41 0 
533 564 22 0 
535 954 52 0 
536 807 17 0 
536 793 96 0 
536 701 73 0 
538 825 54 0 
538 714 29 0 
539 875 47 0 
539 837 55 0 
539 726 57 0 
540 871 67 0 
540 691 58 0 
541 658 21 0 
541 638 20 0 
541 628 49 0 
542 719 19 0 
543 974 87 0 
543 922 73 0 
543 876 81 0 
543 707 58 0 
545 936 41 0 
545 871 27 0 
545 730 70 0 
546 977 14 0 
546 922 77 0 
546 891 89 0 
546 808 34 0 
546 569 15 0 
547 960 48 0 
547 574 45 0 
548 914 46 0 
548 745 25 0 
549 948 17 0 
549 812 71 0 
549 804 26 0 
549 690 7 0 
550 990 28 0 
550 845 64 0 
550 826 55 0 
551 798 35 0 
551 702 89 0 
551 699 42 0 
552 962 20 0 
552 741 41 0 
552 684 65 0 
553 974 17 0 
553 941 5 0 
553 920 70 0 
553 812 15 0 
553 800 79 0 
553 597 54 0 
554 954 61 0 
554 624 76 0 
555 794 41 0 
555 691 4 0 
555 580 46 0 
555 574 21 0 
555 567 21 0 
556 983 52 0 
556 804 15 0 
556 687 62 0 
556 673 45 0 
557 838 61 0 
559 700 69 0 
559 670 10 0 
559 651 43 0 
560 898 99 0 
560 861 52 0 
560 788 62 0 
561 964 67 0 
561 847 33 0 
561 839 29 0 
561 757 36 0 
561 644 29 0 
563 817 48 0 
563 789 48 0 
564 942 47 0 
564 844 60 0 
564 769 61 0 
565 911 41 0 
566 918 39 0 
566 639 57 0 
567 885 59 0 
567 585 40 0 
568 983 59 0 
568 580 64 0 
569 784 52 0 
570 995 73 0 
570 643 29 0 
570 591 47 0 
570 586 96 0 
571 761 17 0 
572 962 59 0 
572 617 52 0 
573 978 56 0 
573 905 44 0 
573 826 36 0 
573 729 41 0 
573 710 58 0 
574 730 24 0 
575 747 58 0 
575 635 34 0 
576 987 18 0 
576 754 31 0 
580 990 62 0 
580 941 43 0 
580 816 83 0 
580 679 98 0 
581 788 59 0 
581 607 32 0 
582 993 65 0 
582 963 39 0 
582 931 14 0 
582 856 31 0 
582 692 40 0 
584 832 90 0 
585 985 63 0 
585 968 4 0 
585 814 45 0 
585 699 23 0 
585 693 99 0 
585 639 96 0 
586 964 70 0 
587 979 72 0 
587 679 55 0 
588 959 27 0 
588 926 39 0 
588 680 35 0 
589 779 84 0 
589 632 51 0 
590 872 74 0 
590 869 54 0 
590 847 14 0 
591 991 38 0 
591 910 6 0 
593 895 60 0 
593 715 46 0 
593 692 44 0 
594 963 20 0 
595 811 58 0 
595 741 70 0 
596 941 74 0 
596 849 64 0 
597 908 53 0 
597 847 82 0 
598 647 57 0 
598 641 93 0 
599 850 49 0 
599 677 119 0 
600 834 93 0 
600 801 61 0 
601 873 49 0 
602 997 87 0 
602 996 29 0 
602 835 67 0 
603 810 72 0 
603 807 49 0 
604 758 60 0 
604 725 15 0 
604 702 45 0 
605 839 77 0 
605 749 13 0 
606 770 112 0 
607 934 1 0 
607 639 75 0 
608 857 28 0 
608 790 28 0 
609 787 89 0 
609 776 18 0 
610 904 61 0 
610 639 65 0 
611 957 79 0 
612 841 91 0 
613 905 71 0 
613 860 38 0 
613 658 6 0 
613 651 36 0 
614 995 23 0 
614 869 14 0 
614 760 27 0 
614 625 55 0 
615 945 87 0 
615 903 85 0 
615 813 91 0 
616 804 18 0 
617 968 26 0 
618 973 17 0 
618 966 58 0 
618 857 28 0 
618 709 79 0 
618 658 29 0 
619 912 65 0 
619 911 77 0 
619 900 72 0 
619 638 61 0 
620 971 31 0 
620 966 66 0 
620 816 71 0 
621 901 89 0 
622 874 12 0 
623 998 10 0 
623 974 42 0 
623 919 80 0 
623 892 90 0 
623 768 81 0 
623 717 80 0 
623 663 81 0 
624 921 56 0 
624 892 81 0 
624 787 80 0 
625 980 102 0 
626 679 66 0 
628 889 54 0 
628 721 63 0 
630 997 43 0 
630 791 38 0 
630 774 30 0 
630 647 74 0 
631 992 85 0 
632 828 62 0 
632 758 81 0 
633 906 63 0 
633 696 29 0 
633 689 68 0 
634 642 4 0 
635 818 70 0 
635 695 43 0 
636 993 37 0 
636 649 55 0 
637 885 52 0 
639 899 10 0 
640 909 42 0 
640 883 22 0 
640 708 85 0 
640 690 67 0 
641 990 80 0 
642 841 42 0 
643 957 78 0 
643 710 71 0 
643 650 21 0 
644 997 61 0 
644 819 41 0 
645 779 41 0 
646 851 30 0 
647 818 85 0 
648 778 13 0 
649 984 87 0 
649 799 29 0 
650 851 85 0 
650 827 83 0 
650 772 79 0 
651 983 71 0 
652 783 56 0 
653 885 31 0 
654 787 43 0 
655 908 42 0 
655 677 61 0 
656 746 61 0 
657 819 10 0 
658 734 63 0 
659 982 46 0 
659 798 86 0 
660 991 55 0 
660 948 52 0 
662 742 39 0 
662 711 41 0 
662 678 17 0 
663 900 32 0 
664 873 44 0 
664 802 50 0 
665 729 72 0 
666 937 54 0 
666 819 55 0 
667 806 47 0 
668 953 55 0 
668 949 58 0 
668 742 15 0 
668 689 62 0 
669 911 75 0 
669 854 49 0 
669 800 47 0 
670 859 74 0 
671 774 108 0 
671 704 93 0 
672 856 51 0 
673 819 25 0 
675 846 38 0 
675 698 50 0 
675 691 36 0 
676 934 50 0 
676 919 19 0 
676 688 25 0 
678 785 14 0 
678 778 41 0 
679 834 106 0 
680 751 50 0 
681 841 94 0 
681 826 93 0 
682 917 12 0 
683 831 60 0 
683 824 37 0 
683 795 35 0 
685 891 93 0 
686 763 86 0 
687 842 37 0 
687 707 19 0 
688 719 74 0 
690 887 46 0 
691 832 65 0 
691 718 64 0 
692 782 25 0 
693 958 30 0 
693 867 8 0 
696 865 33 0 
696 739 50 0 
696 715 62 0 
697 741 79 0 
699 945 22 0 
699 922 22 0 
699 802 71 0 
702 996 87 0 
704 883 44 0 
705 947 15 0 
706 774 70 0 
707 965 42 0 
708 959 49 0 
708 929 95 0 
708 808 55 0 
708 718 38 0 
709 868 80 0 
709 847 100 0 
710 980 43 0 
710 721 36 0 
712 714 53 0 
713 953 110 0 
713 773 102 0 
713 721 43 0 
713 714 92 0 
714 907 21 0 
714 882 69 0 
715 769 47 0 
716 989 69 0 
716 913 16 0 
717 957 124 0 
717 912 67 0 
718 884 98 0 
719 972 117 0 
720 833 67 0 
720 767 24 0 
722 931 19 0 
723 936 84 0 
723 826 46 0 
723 785 45 0 
724 897 26 0 
725 977 43 0 
725 761 16 0 
726 988 67 0 
726 850 20 0 
726 813 23 0 
727 731 49 0 
728 929 92 0 
728 898 84 0 
729 749 46 0 
730 841 58 0 
731 955 71 0 
732 847 43 0 
733 799 34 0 
738 906 53 0 
739 910 3 0 
740 924 25 0 
740 888 18 0 
740 884 74 0 
744 745 30 0 
745 794 65 0 
745 751 23 0 
747 904 46 0 
747 881 27 0 
748 758 56 0 
749 992 100 0 
749 863 57 0 
749 766 19 0 
750 859 70 0 
750 792 73 0 
750 770 30 0 
751 806 42 0 
752 906 61 0 
752 785 39 0 
753 992 18 0 
753 904 40 0 
753 773 83 0 
756 940 94 0 
757 940 97 0 
757 933 22 0 
757 866 14 0 
758 938 22 0 
760 848 61 0 
761 845 62 0 
762 949 65 0 
764 950 97 0 
765 956 82 0 
766 821 21 0 
767 948 71 0 
767 883 23 0 
768 997 86 0 
768 974 69 0 
769 796 29 0 
770 961 73 0 
771 925 32 0 
771 922 56 0 
772 908 80 0 
776 885 35 0 
776 884 30 0 
779 972 38 0 
779 957 92 0 
780 794 29 0 
781 993 91 0 
781 895 29 0 
783 826 72 0 
784 876 28 0 
784 868 35 0 
784 824 30 0 
786 994 15 0 
786 962 37 0 
786 932 62 0 
786 852 12 0 
787 819 19 0 
788 926 47 0 
789 804 21 0 
790 808 56 0 
794 823 17 0 
794 803 15 0 
796 967 38 0 
797 920 44 0 
797 896 46 0 
797 887 52 0 
797 802 64 0 
798 950 86 0 
798 943 43 0 
798 891 97 0 
798 821 43 0 
799 808 23 0 
800 967 22 0 
801 930 61 0 
802 893 91 0 
803 908 69 0 
803 874 83 0 
805 967 66 0 
805 929 85 0 
805 906 14 0 
806 986 66 0 
806 960 66 0 
806 932 91 0 
808 923 8 0 
809 981 57 0 
809 950 7 0 
810 879 47 0 
810 815 8 0 
813 816 34 0 
814 982 49 0 
815 832 85 0 
818 838 77 0 
819 843 87 0 
821 911 24 0 
821 832 41 0 
824 967 77 0 
824 851 39 0 
826 962 34 0 
829 910 13 0 
829 865 50 0 
830 908 15 0 
832 943 78 0 
833 895 83 0 
833 838 21 0 
836 975 93 0 
836 890 64 0 
837 880 27 0 
842 899 43 0 
843 924 78 0 
846 944 13 0 
847 891 85 0 
847 869 48 0 
849 927 66 0 
849 898 53 0 
849 861 77 0 
850 918 66 0 
851 855 52 0 
852 972 51 0 
852 929 71 0 
853 962 62 0 
854 911 56 0 
854 889 20 0 
856 901 14 0 
859 945 61 0 
860 959 57 0 
862 987 68 0 
864 961 59 0 
868 975 66 0 
868 941 63 0 
870 882 85 0 
871 990 65 0 
876 942 58 0 
876 929 3 0 
878 993 96 0 
884 926 66 0 
885 979 25 0 
887 948 24 0 
891 927 81 0 
897 952 29 0 
900 968 49 0 
902 934 58 0 
903 986 14 0 
903 977 40 0 
904 932 14 0 
909 911 78 0 
911 989 23 0 
911 913 57 0 
926 927 13 0 
931 990 53 0 
931 955 29 0 
935 946 61 0 
945 980 49 0 
949 997 36 0 
950 988 43 0 
950 961 35 0 
955 992 62 0 
956 979 81 0 
970 971 11 0 
