#GRAPH (#nodes #edges id uu vv ww xx yy zz):
#1000 4902 geo(0,{1000,100,3,0.005,0.000,0.000}) 100 
#
VERTICES (index name u v w x y z):
0 0 63 97 
1 1 43 15 
2 2 23 99 
3 3 2 59 
4 4 70 95 
5 5 88 32 
6 6 73 16 
7 7 36 36 
8 8 84 14 
9 9 65 98 
10 10 96 98 
11 11 66 30 
12 12 90 66 
13 13 40 48 
14 14 54 91 
15 15 6 75 
16 16 64 67 
17 17 21 27 
18 18 85 98 
19 19 52 50 
20 20 53 14 
21 21 64 36 
22 22 7 45 
23 23 40 61 
24 24 50 58 
25 25 4 0 
26 26 78 2 
27 27 2 71 
28 28 21 47 
29 29 67 39 
30 30 6 42 
31 31 61 81 
32 32 81 48 
33 33 62 30 
34 34 72 71 
35 35 53 98 
36 36 0 87 
37 37 80 11 
38 38 20 29 
39 39 62 26 
40 40 79 28 
41 41 92 74 
42 42 55 82 
43 43 94 9 
44 44 60 2 
45 45 42 70 
46 46 14 66 
47 47 33 39 
48 48 39 29 
49 49 91 33 
50 50 26 37 
51 51 16 64 
52 52 35 12 
53 53 4 80 
54 54 84 72 
55 55 29 55 
56 56 55 19 
57 57 85 15 
58 58 84 86 
59 59 17 14 
60 60 75 35 
61 61 45 22 
62 62 67 3 
63 63 45 86 
64 64 71 92 
65 65 86 95 
66 66 62 52 
67 67 57 86 
68 68 17 99 
69 69 14 0 
70 70 72 39 
71 71 85 33 
72 72 75 83 
73 73 62 60 
74 74 22 25 
75 75 85 66 
76 76 36 16 
77 77 73 25 
78 78 67 10 
79 79 17 93 
80 80 11 41 
81 81 8 3 
82 82 58 3 
83 83 24 27 
84 84 75 59 
85 85 8 2 
86 86 92 56 
87 87 2 73 
88 88 41 23 
89 89 8 1 
90 90 18 54 
91 91 95 42 
92 92 1 61 
93 93 97 36 
94 94 11 69 
95 95 47 39 
96 96 44 1 
97 97 7 66 
98 98 93 95 
99 99 71 99 
100 100 38 54 
101 101 82 21 
102 102 54 16 
103 103 68 78 
104 104 55 25 
105 105 46 74 
106 106 41 36 
107 107 39 26 
108 108 3 13 
109 109 41 6 
110 110 46 38 
111 111 10 24 
112 112 93 56 
113 113 78 1 
114 114 71 69 
115 115 46 58 
116 116 61 96 
117 117 27 93 
118 118 69 29 
119 119 54 33 
120 120 98 57 
121 121 1 71 
122 122 94 32 
123 123 39 2 
124 124 85 2 
125 125 71 68 
126 126 19 46 
127 127 5 70 
128 128 61 78 
129 129 70 73 
130 130 10 96 
131 131 11 88 
132 132 35 88 
133 133 75 63 
134 134 48 42 
135 135 64 53 
136 136 43 25 
137 137 91 71 
138 138 28 92 
139 139 49 60 
140 140 8 24 
141 141 46 95 
142 142 68 7 
143 143 14 6 
144 144 39 1 
145 145 9 24 
146 146 78 31 
147 147 14 27 
148 148 62 55 
149 149 83 21 
150 150 58 78 
151 151 50 99 
152 152 37 45 
153 153 20 93 
154 154 39 58 
155 155 81 73 
156 156 6 24 
157 157 97 88 
158 158 94 67 
159 159 43 74 
160 160 57 39 
161 161 49 18 
162 162 92 55 
163 163 52 72 
164 164 79 7 
165 165 80 26 
166 166 55 95 
167 167 89 88 
168 168 20 94 
169 169 24 22 
170 170 2 92 
171 171 93 9 
172 172 31 36 
173 173 23 91 
174 174 56 60 
175 175 3 56 
176 176 39 97 
177 177 85 25 
178 178 89 61 
179 179 69 61 
180 180 25 62 
181 181 13 91 
182 182 70 31 
183 183 98 66 
184 184 57 2 
185 185 56 71 
186 186 71 50 
187 187 0 75 
188 188 82 61 
189 189 41 73 
190 190 58 24 
191 191 24 7 
192 192 68 77 
193 193 93 90 
194 194 51 75 
195 195 74 31 
196 196 31 92 
197 197 11 20 
198 198 3 55 
199 199 87 74 
200 200 84 87 
201 201 18 5 
202 202 15 76 
203 203 50 91 
204 204 59 83 
205 205 56 43 
206 206 40 1 
207 207 93 54 
208 208 70 45 
209 209 90 80 
210 210 77 37 
211 211 8 36 
212 212 23 84 
213 213 21 99 
214 214 45 27 
215 215 6 48 
216 216 86 50 
217 217 17 46 
218 218 21 16 
219 219 68 71 
220 220 40 68 
221 221 49 38 
222 222 54 61 
223 223 6 69 
224 224 27 20 
225 225 50 20 
226 226 5 21 
227 227 17 82 
228 228 33 63 
229 229 49 90 
230 230 62 73 
231 231 50 12 
232 232 51 44 
233 233 12 47 
234 234 35 16 
235 235 42 13 
236 236 85 32 
237 237 82 24 
238 238 17 56 
239 239 37 93 
240 240 54 3 
241 241 56 25 
242 242 14 25 
243 243 89 47 
244 244 32 12 
245 245 79 93 
246 246 66 77 
247 247 60 5 
248 248 60 6 
249 249 98 1 
250 250 68 52 
251 251 47 30 
252 252 78 18 
253 253 43 68 
254 254 13 29 
255 255 7 73 
256 256 44 12 
257 257 16 53 
258 258 88 27 
259 259 46 34 
260 260 33 23 
261 261 64 42 
262 262 89 94 
263 263 59 69 
264 264 38 31 
265 265 58 65 
266 266 46 3 
267 267 96 8 
268 268 19 37 
269 269 74 57 
270 270 14 17 
271 271 11 89 
272 272 31 93 
273 273 75 48 
274 274 2 64 
275 275 42 51 
276 276 66 52 
277 277 58 34 
278 278 45 46 
279 279 84 67 
280 280 51 5 
281 281 92 14 
282 282 69 78 
283 283 84 28 
284 284 3 92 
285 285 70 5 
286 286 13 82 
287 287 50 38 
288 288 37 89 
289 289 92 91 
290 290 38 19 
291 291 96 34 
292 292 2 82 
293 293 28 72 
294 294 52 66 
295 295 76 36 
296 296 98 96 
297 297 5 41 
298 298 21 26 
299 299 53 48 
300 300 50 68 
301 301 31 19 
302 302 35 72 
303 303 11 64 
304 304 23 24 
305 305 56 1 
306 306 9 86 
307 307 7 37 
308 308 66 2 
309 309 17 31 
310 310 24 78 
311 311 5 7 
312 312 33 70 
313 313 67 5 
314 314 63 76 
315 315 11 95 
316 316 36 41 
317 317 99 28 
318 318 38 15 
319 319 61 53 
320 320 52 73 
321 321 35 11 
322 322 20 91 
323 323 15 93 
324 324 23 9 
325 325 78 45 
326 326 3 97 
327 327 17 97 
328 328 83 22 
329 329 20 32 
330 330 34 85 
331 331 5 23 
332 332 84 25 
333 333 9 94 
334 334 70 10 
335 335 2 24 
336 336 20 83 
337 337 52 15 
338 338 44 83 
339 339 36 70 
340 340 72 92 
341 341 83 3 
342 342 59 38 
343 343 17 92 
344 344 69 85 
345 345 0 93 
346 346 80 55 
347 347 29 48 
348 348 58 22 
349 349 55 18 
350 350 74 32 
351 351 69 93 
352 352 4 19 
353 353 12 33 
354 354 30 60 
355 355 82 7 
356 356 59 73 
357 357 44 93 
358 358 35 54 
359 359 24 4 
360 360 63 13 
361 361 4 35 
362 362 40 53 
363 363 59 88 
364 364 22 56 
365 365 19 80 
366 366 1 43 
367 367 97 3 
368 368 25 38 
369 369 66 64 
370 370 14 57 
371 371 9 54 
372 372 95 59 
373 373 11 35 
374 374 18 97 
375 375 65 80 
376 376 9 44 
377 377 96 64 
378 378 30 93 
379 379 73 69 
380 380 15 45 
381 381 37 95 
382 382 24 60 
383 383 83 15 
384 384 90 41 
385 385 82 45 
386 386 37 80 
387 387 83 26 
388 388 61 11 
389 389 79 2 
390 390 75 23 
391 391 87 15 
392 392 12 58 
393 393 56 24 
394 394 9 12 
395 395 56 66 
396 396 60 9 
397 397 70 33 
398 398 94 29 
399 399 64 43 
400 400 84 41 
401 401 4 38 
402 402 26 84 
403 403 49 7 
404 404 44 9 
405 405 72 77 
406 406 82 33 
407 407 95 7 
408 408 26 57 
409 409 42 29 
410 410 11 80 
411 411 38 0 
412 412 23 18 
413 413 79 80 
414 414 71 29 
415 415 31 2 
416 416 48 21 
417 417 98 39 
418 418 52 74 
419 419 26 23 
420 420 28 34 
421 421 22 50 
422 422 66 76 
423 423 71 40 
424 424 8 0 
425 425 13 95 
426 426 5 92 
427 427 3 18 
428 428 45 58 
429 429 52 84 
430 430 71 13 
431 431 89 37 
432 432 30 70 
433 433 50 59 
434 434 46 28 
435 435 95 68 
436 436 68 47 
437 437 72 20 
438 438 40 14 
439 439 96 94 
440 440 34 90 
441 441 13 36 
442 442 18 55 
443 443 92 33 
444 444 40 2 
445 445 94 37 
446 446 96 19 
447 447 62 11 
448 448 43 46 
449 449 74 99 
450 450 4 95 
451 451 66 9 
452 452 43 3 
453 453 60 97 
454 454 77 13 
455 455 99 50 
456 456 80 89 
457 457 75 57 
458 458 20 59 
459 459 55 20 
460 460 2 20 
461 461 40 15 
462 462 96 18 
463 463 29 96 
464 464 49 48 
465 465 6 96 
466 466 29 87 
467 467 85 21 
468 468 33 48 
469 469 10 49 
470 470 41 65 
471 471 30 92 
472 472 84 34 
473 473 54 75 
474 474 40 90 
475 475 20 9 
476 476 75 79 
477 477 40 19 
478 478 72 31 
479 479 87 93 
480 480 55 47 
481 481 57 43 
482 482 92 23 
483 483 20 50 
484 484 1 62 
485 485 65 87 
486 486 19 53 
487 487 26 65 
488 488 72 21 
489 489 1 33 
490 490 23 83 
491 491 70 98 
492 492 48 13 
493 493 40 34 
494 494 21 24 
495 495 78 78 
496 496 36 61 
497 497 68 39 
498 498 27 43 
499 499 13 20 
500 500 76 38 
501 501 81 86 
502 502 67 86 
503 503 28 37 
504 504 12 66 
505 505 26 39 
506 506 68 26 
507 507 70 86 
508 508 74 84 
509 509 81 2 
510 510 86 87 
511 511 79 12 
512 512 58 16 
513 513 94 54 
514 514 71 82 
515 515 29 38 
516 516 15 74 
517 517 41 33 
518 518 63 61 
519 519 71 17 
520 520 21 21 
521 521 62 38 
522 522 37 33 
523 523 71 89 
524 524 4 10 
525 525 55 0 
526 526 19 19 
527 527 23 38 
528 528 90 74 
529 529 11 39 
530 530 17 19 
531 531 21 71 
532 532 73 91 
533 533 93 84 
534 534 81 67 
535 535 32 27 
536 536 72 94 
537 537 97 38 
538 538 96 55 
539 539 75 28 
540 540 69 9 
541 541 62 77 
542 542 93 55 
543 543 81 34 
544 544 5 55 
545 545 43 23 
546 546 70 59 
547 547 63 33 
548 548 15 68 
549 549 2 2 
550 550 39 74 
551 551 77 22 
552 552 27 52 
553 553 74 36 
554 554 30 67 
555 555 33 99 
556 556 44 2 
557 557 27 98 
558 558 31 79 
559 559 25 11 
560 560 33 69 
561 561 8 53 
562 562 61 45 
563 563 42 49 
564 564 59 86 
565 565 48 23 
566 566 57 98 
567 567 34 24 
568 568 87 67 
569 569 44 75 
570 570 8 62 
571 571 59 70 
572 572 82 20 
573 573 98 27 
574 574 66 27 
575 575 0 96 
576 576 27 94 
577 577 45 13 
578 578 83 24 
579 579 84 74 
580 580 68 28 
581 581 0 95 
582 582 94 69 
583 583 2 9 
584 584 9 19 
585 585 53 90 
586 586 98 13 
587 587 85 5 
588 588 76 56 
589 589 57 74 
590 590 91 1 
591 591 38 53 
592 592 84 46 
593 593 84 83 
594 594 21 12 
595 595 97 35 
596 596 93 8 
597 597 45 41 
598 598 29 60 
599 599 74 28 
600 600 93 0 
601 601 44 35 
602 602 2 89 
603 603 11 6 
604 604 33 90 
605 605 24 29 
606 606 51 78 
607 607 27 81 
608 608 95 97 
609 609 41 79 
610 610 42 96 
611 611 11 3 
612 612 95 38 
613 613 9 3 
614 614 89 2 
615 615 97 80 
616 616 71 90 
617 617 49 19 
618 618 0 97 
619 619 76 71 
620 620 67 13 
621 621 56 98 
622 622 95 8 
623 623 67 74 
624 624 47 2 
625 625 85 89 
626 626 4 6 
627 627 30 16 
628 628 94 30 
629 629 9 14 
630 630 40 8 
631 631 21 68 
632 632 86 24 
633 633 27 17 
634 634 7 53 
635 635 62 36 
636 636 71 76 
637 637 45 63 
638 638 39 65 
639 639 96 42 
640 640 68 13 
641 641 60 43 
642 642 5 59 
643 643 95 19 
644 644 70 24 
645 645 20 89 
646 646 34 75 
647 647 3 46 
648 648 67 27 
649 649 23 71 
650 650 11 92 
651 651 7 95 
652 652 82 84 
653 653 20 28 
654 654 43 56 
655 655 12 95 
656 656 88 85 
657 657 54 32 
658 658 3 73 
659 659 14 71 
660 660 33 95 
661 661 85 96 
662 662 99 21 
663 663 78 73 
664 664 56 75 
665 665 54 64 
666 666 73 86 
667 667 18 62 
668 668 74 55 
669 669 2 37 
670 670 13 13 
671 671 58 56 
672 672 16 14 
673 673 37 27 
674 674 19 98 
675 675 68 18 
676 676 9 23 
677 677 92 58 
678 678 72 54 
679 679 87 5 
680 680 89 89 
681 681 50 41 
682 682 31 22 
683 683 29 25 
684 684 86 46 
685 685 20 51 
686 686 3 86 
687 687 37 1 
688 688 85 83 
689 689 60 78 
690 690 8 83 
691 691 42 93 
692 692 54 19 
693 693 64 14 
694 694 4 29 
695 695 94 57 
696 696 1 63 
697 697 16 47 
698 698 6 84 
699 699 61 48 
700 700 13 73 
701 701 33 61 
702 702 24 19 
703 703 80 99 
704 704 98 60 
705 705 99 73 
706 706 94 46 
707 707 61 30 
708 708 26 79 
709 709 81 81 
710 710 91 12 
711 711 19 9 
712 712 20 56 
713 713 55 72 
714 714 39 50 
715 715 33 33 
716 716 47 10 
717 717 17 47 
718 718 43 4 
719 719 28 49 
720 720 44 5 
721 721 55 8 
722 722 80 94 
723 723 66 81 
724 724 46 13 
725 725 93 75 
726 726 84 32 
727 727 24 41 
728 728 59 50 
729 729 39 15 
730 730 66 54 
731 731 33 8 
732 732 59 91 
733 733 97 34 
734 734 66 23 
735 735 22 34 
736 736 17 69 
737 737 4 90 
738 738 98 59 
739 739 59 49 
740 740 26 67 
741 741 33 65 
742 742 45 34 
743 743 87 70 
744 744 33 40 
745 745 61 58 
746 746 59 57 
747 747 95 50 
748 748 68 35 
749 749 0 13 
750 750 22 80 
751 751 39 84 
752 752 55 28 
753 753 25 52 
754 754 2 57 
755 755 65 6 
756 756 16 56 
757 757 37 86 
758 758 20 88 
759 759 49 13 
760 760 17 77 
761 761 54 71 
762 762 16 7 
763 763 64 27 
764 764 99 10 
765 765 44 89 
766 766 6 56 
767 767 43 98 
768 768 11 2 
769 769 36 71 
770 770 90 84 
771 771 17 89 
772 772 17 51 
773 773 46 4 
774 774 53 82 
775 775 69 77 
776 776 91 88 
777 777 63 70 
778 778 43 70 
779 779 72 35 
780 780 2 43 
781 781 46 16 
782 782 28 97 
783 783 71 72 
784 784 27 31 
785 785 31 73 
786 786 97 24 
787 787 40 78 
788 788 6 76 
789 789 42 72 
790 790 4 27 
791 791 10 94 
792 792 35 22 
793 793 98 98 
794 794 62 19 
795 795 55 79 
796 796 61 66 
797 797 28 30 
798 798 79 6 
799 799 55 88 
800 800 65 40 
801 801 71 20 
802 802 0 50 
803 803 54 84 
804 804 6 45 
805 805 84 40 
806 806 47 57 
807 807 58 72 
808 808 9 87 
809 809 80 2 
810 810 87 57 
811 811 92 59 
812 812 74 2 
813 813 99 82 
814 814 19 2 
815 815 81 5 
816 816 99 88 
817 817 50 57 
818 818 32 16 
819 819 5 5 
820 820 37 2 
821 821 9 73 
822 822 98 38 
823 823 79 72 
824 824 57 40 
825 825 91 47 
826 826 28 70 
827 827 92 26 
828 828 90 82 
829 829 41 57 
830 830 30 1 
831 831 70 36 
832 832 74 4 
833 833 11 90 
834 834 80 32 
835 835 33 1 
836 836 30 17 
837 837 44 22 
838 838 97 19 
839 839 54 49 
840 840 32 21 
841 841 17 40 
842 842 98 44 
843 843 15 21 
844 844 47 47 
845 845 51 96 
846 846 69 86 
847 847 85 20 
848 848 58 25 
849 849 85 48 
850 850 96 80 
851 851 73 26 
852 852 71 58 
853 853 7 36 
854 854 1 84 
855 855 6 90 
856 856 51 61 
857 857 47 6 
858 858 1 78 
859 859 47 24 
860 860 6 81 
861 861 53 43 
862 862 9 18 
863 863 78 61 
864 864 1 75 
865 865 43 61 
866 866 39 16 
867 867 79 10 
868 868 62 63 
869 869 69 10 
870 870 22 40 
871 871 85 9 
872 872 95 49 
873 873 64 31 
874 874 93 74 
875 875 92 84 
876 876 6 19 
877 877 82 49 
878 878 61 88 
879 879 82 0 
880 880 52 85 
881 881 73 59 
882 882 11 60 
883 883 91 26 
884 884 59 54 
885 885 13 87 
886 886 89 86 
887 887 44 99 
888 888 91 10 
889 889 83 16 
890 890 1 80 
891 891 51 27 
892 892 97 79 
893 893 23 7 
894 894 54 78 
895 895 16 17 
896 896 60 32 
897 897 11 67 
898 898 40 67 
899 899 99 58 
900 900 75 68 
901 901 78 85 
902 902 74 11 
903 903 10 12 
904 904 19 48 
905 905 35 55 
906 906 94 5 
907 907 80 1 
908 908 98 76 
909 909 57 97 
910 910 80 35 
911 911 57 93 
912 912 42 76 
913 913 48 56 
914 914 16 79 
915 915 55 44 
916 916 72 13 
917 917 61 92 
918 918 6 36 
919 919 14 4 
920 920 53 77 
921 921 90 97 
922 922 57 59 
923 923 6 20 
924 924 86 36 
925 925 83 12 
926 926 55 39 
927 927 44 88 
928 928 67 59 
929 929 13 19 
930 930 2 77 
931 931 36 67 
932 932 8 49 
933 933 70 27 
934 934 81 63 
935 935 23 73 
936 936 48 46 
937 937 26 45 
938 938 24 93 
939 939 95 4 
940 940 73 2 
941 941 49 68 
942 942 82 93 
943 943 5 12 
944 944 13 46 
945 945 36 85 
946 946 24 32 
947 947 82 52 
948 948 76 2 
949 949 30 19 
950 950 3 10 
951 951 97 16 
952 952 88 59 
953 953 91 38 
954 954 54 69 
955 955 47 89 
956 956 64 44 
957 957 9 20 
958 958 86 93 
959 959 6 64 
960 960 54 99 
961 961 14 11 
962 962 40 17 
963 963 14 94 
964 964 90 36 
965 965 36 31 
966 966 69 3 
967 967 54 21 
968 968 19 14 
969 969 48 51 
970 970 3 95 
971 971 47 82 
972 972 67 60 
973 973 24 37 
974 974 6 9 
975 975 79 30 
976 976 51 59 
977 977 16 90 
978 978 81 46 
979 979 62 9 
980 980 74 91 
981 981 64 62 
982 982 43 41 
983 983 86 90 
984 984 65 22 
985 985 28 87 
986 986 44 69 
987 987 88 38 
988 988 13 67 
989 989 58 83 
990 990 78 89 
991 991 70 90 
992 992 91 79 
993 993 29 53 
994 994 71 86 
995 995 2 81 
996 996 7 63 
997 997 58 11 
998 998 8 82 
999 999 63 16 
#
EDGES (from-node to-node length a b):
0 964 67 0 
0 933 70 0 
0 865 41 0 
0 487 49 0 
0 436 50 0 
0 235 87 0 
1 573 56 0 
2 991 48 0 
2 811 80 0 
3 937 28 0 
3 752 61 0 
3 166 64 0 
4 956 51 0 
4 936 54 0 
4 730 41 0 
4 716 88 0 
4 567 80 0 
4 558 42 0 
4 274 75 0 
4 144 99 0 
5 545 46 0 
5 397 18 0 
5 203 70 0 
6 636 60 0 
7 977 58 0 
7 888 61 0 
7 765 54 0 
7 695 62 0 
7 542 60 0 
8 757 86 0 
8 637 63 0 
8 340 79 0 
8 207 41 0 
9 929 95 0 
9 821 61 0 
9 450 61 0 
9 249 102 0 
10 261 64 0 
10 133 41 0 
10 116 35 0 
10 81 129 0 
11 872 35 0 
11 845 68 0 
11 779 8 0 
11 354 47 0 
11 314 46 0 
12 901 22 0 
12 399 35 0 
12 353 85 0 
12 288 58 0 
13 927 40 0 
13 803 39 0 
13 659 35 0 
13 469 30 0 
13 414 36 0 
13 349 34 0 
13 276 26 0 
13 252 48 0 
13 28 19 0 
14 972 34 0 
14 899 56 0 
14 810 47 0 
14 489 79 0 
14 483 53 0 
14 390 71 0 
15 940 99 0 
15 474 37 0 
15 172 46 0 
16 838 58 0 
16 794 48 0 
16 759 56 0 
16 693 53 0 
16 635 31 0 
16 609 26 0 
16 179 8 0 
16 92 63 0 
17 929 11 0 
17 725 87 0 
17 697 21 0 
17 461 22 0 
17 410 54 0 
17 401 20 0 
17 223 45 0 
18 952 39 0 
18 778 50 0 
18 741 62 0 
18 546 42 0 
18 531 69 0 
18 492 93 0 
18 230 34 0 
18 170 83 0 
18 131 75 0 
19 841 36 0 
19 834 33 0 
19 744 21 0 
19 729 37 0 
19 463 51 0 
19 258 43 0 
19 210 28 0 
19 49 43 0 
19 48 25 0 
19 41 47 0 
20 868 50 0 
20 747 55 0 
20 693 11 0 
20 357 80 0 
20 70 31 0 
20 64 80 0 
21 813 58 0 
21 558 54 0 
21 308 34 0 
22 956 57 0 
22 122 88 0 
23 699 25 0 
23 512 48 0 
23 492 49 0 
23 404 52 0 
24 979 50 0 
24 875 49 0 
24 665 7 0 
24 550 19 0 
24 523 37 0 
24 428 5 0 
24 423 28 0 
24 301 43 0 
24 107 34 0 
25 860 81 0 
25 790 27 0 
26 901 83 0 
26 899 60 0 
26 630 38 0 
26 619 69 0 
26 252 16 0 
26 114 67 0 
27 646 32 0 
28 715 18 0 
28 681 30 0 
28 512 48 0 
28 466 41 0 
28 396 54 0 
28 281 78 0 
28 185 42 0 
28 158 76 0 
28 151 60 0 
29 948 38 0 
29 512 25 0 
30 952 84 0 
30 408 25 0 
30 176 64 0 
30 47 27 0 
31 354 37 0 
31 213 44 0 
32 911 51 0 
32 782 72 0 
32 692 40 0 
32 680 42 0 
32 590 48 0 
32 421 59 0 
32 359 72 0 
32 217 64 0 
33 869 21 0 
33 749 64 0 
33 742 17 0 
33 426 84 0 
33 70 13 0 
33 55 41 0 
34 971 27 0 
34 936 35 0 
34 470 32 0 
34 417 41 0 
34 351 22 0 
35 685 57 0 
35 577 85 0 
35 514 24 0 
35 497 61 0 
35 469 65 0 
35 250 48 0 
35 86 57 0 
36 993 45 0 
36 619 78 0 
36 589 58 0 
36 471 30 0 
36 444 94 0 
36 354 40 0 
36 208 82 0 
36 174 62 0 
36 159 45 0 
36 43 122 0 
37 932 81 0 
37 839 46 0 
37 467 11 0 
37 362 58 0 
37 126 70 0 
37 48 45 0 
38 859 27 0 
38 728 44 0 
38 462 77 0 
38 142 53 0 
39 801 11 0 
39 618 94 0 
39 495 54 0 
39 351 67 0 
39 126 47 0 
40 902 18 0 
40 830 56 0 
40 519 14 0 
40 461 41 0 
40 427 77 0 
40 201 65 0 
40 49 13 0 
41 893 96 0 
41 732 37 0 
41 587 69 0 
41 402 67 0 
41 253 49 0 
42 717 52 0 
42 608 43 0 
42 513 48 0 
43 761 74 0 
43 648 32 0 
43 351 88 0 
44 776 91 0 
44 768 49 0 
44 723 79 0 
44 447 9 0 
45 752 44 0 
45 746 21 0 
45 657 40 0 
45 652 42 0 
45 560 9 0 
45 454 67 0 
45 214 43 0 
45 132 19 0 
45 86 52 0 
46 984 67 0 
46 511 85 0 
46 395 42 0 
46 321 59 0 
46 269 61 0 
47 984 36 0 
47 745 34 0 
47 732 58 0 
47 592 51 0 
47 315 60 0 
47 222 30 0 
48 773 26 0 
48 495 63 0 
48 391 50 0 
48 297 36 0 
48 109 23 0 
48 70 34 0 
49 757 76 0 
49 321 60 0 
49 254 78 0 
50 983 80 0 
50 940 59 0 
50 898 33 0 
50 802 29 0 
50 582 75 0 
50 173 54 0 
51 877 68 0 
51 801 70 0 
51 743 71 0 
51 733 86 0 
51 720 65 0 
51 590 98 0 
51 233 17 0 
52 488 38 0 
52 276 51 0 
52 224 11 0 
52 123 11 0 
53 924 93 0 
53 459 79 0 
54 985 58 0 
54 794 57 0 
54 603 98 0 
54 417 36 0 
54 281 59 0 
54 258 45 0 
54 67 30 0 
55 980 58 0 
55 898 16 0 
55 879 76 0 
55 841 19 0 
55 816 77 0 
55 811 63 0 
55 636 47 0 
55 595 71 0 
56 787 61 0 
56 656 74 0 
56 561 58 0 
56 497 24 0 
56 453 78 0 
57 957 76 0 
57 356 64 0 
58 355 79 0 
58 233 82 0 
59 962 23 0 
59 764 82 0 
59 667 48 0 
59 627 13 0 
59 533 103 0 
59 456 98 0 
59 334 53 0 
59 146 63 0 
60 806 36 0 
60 725 44 0 
60 506 11 0 
60 356 41 0 
60 163 44 0 
61 816 85 0 
61 620 24 0 
61 516 60 0 
61 289 83 0 
61 94 58 0 
62 899 64 0 
62 684 47 0 
62 617 24 0 
62 599 26 0 
62 416 26 0 
62 287 39 0 
63 919 88 0 
63 820 84 0 
63 789 14 0 
63 569 11 0 
64 867 82 0 
64 742 64 0 
64 586 83 0 
64 521 55 0 
64 288 34 0 
65 719 74 0 
65 628 65 0 
65 581 86 0 
66 951 50 0 
66 874 38 0 
66 531 45 0 
66 486 43 0 
66 99 48 0 
67 821 50 0 
67 653 69 0 
67 452 84 0 
67 158 42 0 
67 133 29 0 
68 722 63 0 
68 381 20 0 
68 171 118 0 
69 704 103 0 
69 414 64 0 
69 255 73 0 
69 195 68 0 
69 86 96 0 
69 76 27 0 
70 858 81 0 
70 835 54 0 
70 514 43 0 
70 456 51 0 
71 985 79 0 
71 955 68 0 
71 772 70 0 
72 887 35 0 
72 720 84 0 
72 348 63 0 
73 600 68 0 
73 573 49 0 
73 447 49 0 
73 342 22 0 
73 244 57 0 
73 103 19 0 
74 886 91 0 
74 430 50 0 
74 219 65 0 
74 119 33 0 
75 981 21 0 
75 758 69 0 
75 443 34 0 
75 314 24 0 
75 209 15 0 
76 992 84 0 
76 906 59 0 
76 876 30 0 
76 633 9 0 
76 505 25 0 
76 295 45 0 
76 283 49 0 
76 196 76 0 
77 895 58 0 
77 821 80 0 
77 726 13 0 
77 609 63 0 
77 581 101 0 
77 492 28 0 
77 220 54 0 
77 117 82 0 
78 975 23 0 
78 908 73 0 
78 671 47 0 
78 623 64 0 
78 466 86 0 
78 282 68 0 
79 969 52 0 
79 880 36 0 
79 430 97 0 
79 403 92 0 
79 330 19 0 
80 844 36 0 
80 642 19 0 
80 571 56 0 
80 259 36 0 
80 152 26 0 
81 867 71 0 
81 768 3 0 
81 419 27 0 
82 715 39 0 
82 288 89 0 
82 247 3 0 
82 87 90 0 
83 721 36 0 
83 603 25 0 
83 370 32 0 
84 501 28 0 
85 977 88 0 
85 827 87 0 
85 226 19 0 
86 559 81 0 
86 328 35 0 
86 107 61 0 
87 588 76 0 
87 512 80 0 
87 432 28 0 
87 254 45 0 
88 997 21 0 
88 727 25 0 
88 395 46 0 
88 384 52 0 
88 186 40 0 
88 90 39 0 
89 727 43 0 
89 247 52 0 
90 494 30 0 
90 380 9 0 
90 272 41 0 
90 101 72 0 
91 830 77 0 
91 692 47 0 
91 638 61 0 
91 557 88 0 
92 976 50 0 
92 711 55 0 
92 603 56 0 
92 444 71 0 
92 420 38 0 
92 365 26 0 
92 344 72 0 
92 257 17 0 
93 918 91 0 
93 914 92 0 
93 369 42 0 
94 856 41 0 
94 637 35 0 
94 540 83 0 
94 196 30 0 
94 169 49 0 
94 115 37 0 
95 973 23 0 
95 972 29 0 
95 911 55 0 
95 337 25 0 
96 815 37 0 
96 731 13 0 
96 472 52 0 
96 321 13 0 
97 965 45 0 
97 952 81 0 
97 823 72 0 
97 746 53 0 
97 706 89 0 
97 682 50 0 
97 627 55 0 
98 381 56 0 
99 900 31 0 
99 860 67 0 
99 722 10 0 
99 602 70 0 
99 496 52 0 
100 335 47 0 
101 746 43 0 
101 699 34 0 
101 514 62 0 
101 205 34 0 
102 938 83 0 
102 840 23 0 
102 537 48 0 
103 701 39 0 
103 565 59 0 
103 158 28 0 
103 142 71 0 
103 117 44 0 
104 864 74 0 
104 611 49 0 
104 565 7 0 
104 285 25 0 
104 204 58 0 
105 624 72 0 
105 396 66 0 
106 249 67 0 
106 201 39 0 
107 864 62 0 
107 687 25 0 
107 532 73 0 
108 507 99 0 
108 370 45 0 
108 294 72 0 
108 203 91 0 
109 916 32 0 
109 801 33 0 
109 796 63 0 
109 565 18 0 
109 457 61 0 
109 327 94 0 
110 464 10 0 
111 871 76 0 
111 733 88 0 
111 717 24 0 
111 313 60 0 
112 723 37 0 
112 191 85 0 
112 117 76 0 
113 939 17 0 
113 912 83 0 
113 864 107 0 
113 518 62 0 
113 116 97 0 
114 934 12 0 
114 815 65 0 
114 719 47 0 
114 271 63 0 
114 245 25 0 
115 863 32 0 
115 682 39 0 
115 563 10 0 
115 503 28 0 
116 995 61 0 
116 884 42 0 
116 794 77 0 
116 602 59 0 
116 218 89 0 
117 882 37 0 
117 821 27 0 
117 295 75 0 
118 841 53 0 
118 806 36 0 
118 409 27 0 
118 193 66 0 
118 138 75 0 
119 962 21 0 
119 924 32 0 
119 747 44 0 
119 717 40 0 
119 406 28 0 
119 220 38 0 
120 486 79 0 
120 416 62 0 
120 233 87 0 
121 982 52 0 
121 451 90 0 
122 849 18 0 
122 642 93 0 
122 459 41 0 
122 421 74 0 
122 399 32 0 
122 353 82 0 
123 964 61 0 
123 665 64 0 
123 520 26 0 
123 333 97 0 
123 314 78 0 
123 165 48 0 
124 723 81 0 
124 567 56 0 
124 130 120 0 
125 642 67 0 
125 292 70 0 
125 260 59 0 
125 184 67 0 
126 944 6 0 
126 668 56 0 
127 953 92 0 
127 722 79 0 
127 661 84 0 
127 655 26 0 
127 613 67 0 
127 444 76 0 
127 406 85 0 
128 953 50 0 
128 869 68 0 
128 683 62 0 
128 477 63 0 
128 424 94 0 
128 420 55 0 
129 818 69 0 
129 785 39 0 
129 624 75 0 
129 515 54 0 
129 306 62 0 
129 250 21 0 
130 918 60 0 
130 421 48 0 
130 297 55 0 
131 627 74 0 
131 589 48 0 
131 448 53 0 
131 231 85 0 
132 903 80 0 
132 895 73 0 
132 807 28 0 
132 716 79 0 
132 605 60 0 
132 435 63 0 
132 420 54 0 
132 315 25 0 
132 205 50 0 
133 784 58 0 
133 621 40 0 
133 476 16 0 
134 178 45 0 
135 958 46 0 
135 857 50 0 
135 703 49 0 
135 143 69 0 
136 966 34 0 
136 862 35 0 
136 748 27 0 
136 434 4 0 
136 407 55 0 
137 692 64 0 
137 418 39 0 
137 387 46 0 
137 220 51 0 
137 192 24 0 
138 784 61 0 
138 448 48 0 
139 975 42 0 
139 954 10 0 
139 759 47 0 
139 538 47 0 
140 612 88 0 
140 210 70 0 
141 972 41 0 
141 870 60 0 
141 616 25 0 
141 206 94 0 
142 759 20 0 
142 605 49 0 
142 555 98 0 
142 462 30 0 
143 854 79 0 
143 532 103 0 
143 187 70 0 
144 364 58 0 
145 837 35 0 
145 543 73 0 
146 816 61 0 
146 584 70 0 
146 430 19 0 
146 173 81 0 
147 833 63 0 
147 800 53 0 
147 239 70 0 
148 881 12 0 
148 567 42 0 
148 536 40 0 
148 313 50 0 
148 282 24 0 
148 184 53 0 
149 979 24 0 
149 969 46 0 
149 861 37 0 
149 515 57 0 
149 461 43 0 
149 278 45 0 
149 190 25 0 
150 895 74 0 
150 818 67 0 
150 686 56 0 
150 423 40 0 
150 362 31 0 
150 267 80 0 
150 177 59 0 
151 739 51 0 
151 507 24 0 
151 482 87 0 
152 959 36 0 
152 831 34 0 
152 769 26 0 
152 765 45 0 
152 755 48 0 
152 523 56 0 
152 412 30 0 
152 216 49 0 
153 775 52 0 
153 773 93 0 
153 734 84 0 
154 817 11 0 
154 706 56 0 
154 428 6 0 
154 377 57 0 
154 355 67 0 
154 245 53 0 
155 648 48 0 
155 601 53 0 
155 176 48 0 
156 841 19 0 
156 762 20 0 
156 192 82 0 
157 720 98 0 
157 662 67 0 
157 576 70 0 
157 524 121 0 
158 796 33 0 
158 675 55 0 
158 644 49 0 
158 507 31 0 
158 438 76 0 
158 420 74 0 
159 825 55 0 
159 399 37 0 
160 868 25 0 
160 678 21 0 
160 366 56 0 
160 325 22 0 
161 730 40 0 
161 698 79 0 
161 572 33 0 
161 337 4 0 
162 976 41 0 
163 943 76 0 
163 790 66 0 
163 776 42 0 
163 724 59 0 
163 367 82 0 
164 725 69 0 
164 590 13 0 
165 490 81 0 
165 322 88 0 
166 359 96 0 
166 313 91 0 
166 178 48 0 
167 846 20 0 
167 694 103 0 
167 273 42 0 
168 407 115 0 
169 704 83 0 
169 559 11 0 
169 338 64 0 
170 890 12 0 
170 648 92 0 
170 459 89 0 
170 387 104 0 
171 897 100 0 
171 759 44 0 
171 703 91 0 
172 594 26 0 
172 550 39 0 
172 529 20 0 
172 397 39 0 
172 314 51 0 
172 246 54 0 
173 941 35 0 
173 811 76 0 
173 809 106 0 
173 646 19 0 
173 341 107 0 
174 979 51 0 
174 764 66 0 
174 281 58 0 
174 268 44 0 
175 706 92 0 
175 636 71 0 
175 517 44 0 
175 217 17 0 
176 772 51 0 
177 957 76 0 
177 839 39 0 
177 694 81 0 
177 488 14 0 
177 443 11 0 
178 870 70 0 
178 756 73 0 
178 552 63 0 
178 459 53 0 
179 931 34 0 
179 531 49 0 
179 342 25 0 
179 330 42 0 
180 588 51 0 
180 557 36 0 
180 284 37 0 
180 200 64 0 
181 518 58 0 
181 330 22 0 
182 648 5 0 
182 464 27 0 
183 996 91 0 
183 503 76 0 
183 489 102 0 
184 694 59 0 
184 621 96 0 
184 440 91 0 
184 314 74 0 
185 643 65 0 
185 595 55 0 
185 281 67 0 
186 925 40 0 
186 779 15 0 
186 585 44 0 
186 560 42 0 
187 989 59 0 
187 938 30 0 
187 909 61 0 
187 907 109 0 
187 516 15 0 
187 456 81 0 
187 440 37 0 
187 237 97 0 
188 296 38 0 
189 507 32 0 
189 483 31 0 
190 974 54 0 
190 206 29 0 
191 775 83 0 
191 420 27 0 
191 270 14 0 
191 225 29 0 
192 764 74 0 
192 592 35 0 
192 494 71 0 
192 403 73 0 
193 888 80 0 
193 336 73 0 
193 233 92 0 
193 195 62 0 
194 801 59 0 
194 796 13 0 
194 315 45 0 
194 232 31 0 
195 805 13 0 
195 599 3 0 
195 559 53 0 
196 862 77 0 
196 847 90 0 
196 296 67 0 
197 607 63 0 
197 521 54 0 
197 234 24 0 
197 198 36 0 
198 861 51 0 
199 613 105 0 
199 508 16 0 
199 469 81 0 
199 326 87 0 
200 377 26 0 
200 212 61 0 
201 385 75 0 
201 214 35 0 
202 726 82 0 
202 494 52 0 
202 402 14 0 
202 401 40 0 
203 836 77 0 
203 766 56 0 
203 601 56 0 
203 569 17 0 
203 394 89 0 
203 367 100 0 
203 310 29 0 
204 582 38 0 
204 391 74 0 
204 343 43 0 
204 255 53 0 
205 572 35 0 
205 537 41 0 
206 736 72 0 
206 596 53 0 
206 574 37 0 
206 500 52 0 
206 492 14 0 
206 445 65 0 
206 273 59 0 
207 832 53 0 
207 572 36 0 
207 277 40 0 
208 964 22 0 
208 719 42 0 
208 232 19 0 
209 893 99 0 
209 842 37 0 
209 562 45 0 
209 496 57 0 
209 485 26 0 
209 341 77 0 
210 818 50 0 
210 693 26 0 
210 433 35 0 
211 979 60 0 
211 878 74 0 
211 852 67 0 
211 843 17 0 
211 784 20 0 
211 646 47 0 
211 377 92 0 
211 263 61 0 
212 841 44 0 
212 789 22 0 
212 277 61 0 
213 895 82 0 
213 850 77 0 
213 515 62 0 
213 377 83 0 
214 808 70 0 
214 471 67 0 
214 342 18 0 
215 812 82 0 
215 793 105 0 
215 686 38 0 
215 604 50 0 
216 746 28 0 
216 640 41 0 
216 623 31 0 
216 521 27 0 
216 432 59 0 
216 368 62 0 
217 645 43 0 
217 611 43 0 
218 261 50 0 
219 782 48 0 
219 595 46 0 
219 519 54 0 
219 473 15 0 
220 250 32 0 
221 810 42 0 
221 808 63 0 
221 594 38 0 
221 470 28 0 
221 319 19 0 
222 275 16 0 
223 878 58 0 
223 876 50 0 
223 498 33 0 
223 434 57 0 
223 263 53 0 
224 891 25 0 
224 769 52 0 
224 459 28 0 
224 242 14 0 
225 816 84 0 
225 565 4 0 
225 348 8 0 
225 287 18 0 
226 962 35 0 
226 892 109 0 
226 783 83 0 
227 932 34 0 
227 876 64 0 
227 386 20 0 
228 906 84 0 
228 641 34 0 
229 865 30 0 
229 389 93 0 
230 996 56 0 
230 896 41 0 
230 707 43 0 
230 661 33 0 
230 470 22 0 
230 404 66 0 
230 286 50 0 
230 233 56 0 
231 746 46 0 
232 744 18 0 
232 641 9 0 
232 596 55 0 
232 575 73 0 
232 305 43 0 
233 910 69 0 
233 517 32 0 
233 413 75 0 
233 373 12 0 
233 264 31 0 
234 806 43 0 
234 437 37 0 
234 298 17 0 
234 272 77 0 
235 745 49 0 
235 343 83 0 
236 993 60 0 
236 975 6 0 
236 587 27 0 
236 463 85 0 
236 413 48 0 
236 329 65 0 
237 854 101 0 
237 458 71 0 
238 895 39 0 
238 507 61 0 
238 434 40 0 
238 278 30 0 
239 993 41 0 
239 711 86 0 
239 395 33 0 
239 307 64 0 
240 485 85 0 
240 443 48 0 
240 430 20 0 
240 399 41 0 
240 351 91 0 
240 335 56 0 
241 997 14 0 
241 914 67 0 
241 692 6 0 
241 572 26 0 
241 556 26 0 
241 512 9 0 
241 409 15 0 
242 836 18 0 
242 669 17 0 
242 651 70 0 
242 247 50 0 
243 883 21 0 
243 851 26 0 
243 817 40 0 
243 727 65 0 
243 272 74 0 
244 786 66 0 
244 644 40 0 
244 423 48 0 
245 973 78 0 
245 936 56 0 
245 828 16 0 
245 808 70 0 
245 576 52 0 
246 795 11 0 
246 727 55 0 
246 431 46 0 
246 294 18 0 
246 288 31 0 
247 861 39 0 
247 667 71 0 
247 467 30 0 
247 357 89 0 
248 929 49 0 
248 651 104 0 
248 483 59 0 
248 277 28 0 
249 725 74 0 
249 628 29 0 
250 724 45 0 
250 536 42 0 
250 460 73 0 
250 391 42 0 
251 968 32 0 
251 863 44 0 
251 660 66 0 
251 341 45 0 
252 431 22 0 
252 394 69 0 
253 962 51 0 
253 951 75 0 
253 860 39 0 
253 530 55 0 
253 396 61 0 
254 954 57 0 
254 714 33 0 
254 652 88 0 
254 619 76 0 
255 447 83 0 
255 428 41 0 
255 323 22 0 
256 980 85 0 
256 829 45 0 
256 457 55 0 
257 937 13 0 
257 916 69 0 
257 846 62 0 
257 802 16 0 
257 700 20 0 
257 571 46 0 
257 524 45 0 
257 381 47 0 
257 267 92 0 
258 687 57 0 
258 570 87 0 
258 496 62 0 
258 429 67 0 
259 752 11 0 
259 715 13 0 
259 580 23 0 
259 503 18 0 
259 410 58 0 
260 687 22 0 
261 945 51 0 
261 653 46 0 
261 566 56 0 
261 505 38 0 
261 415 52 0 
262 839 57 0 
262 509 92 0 
262 484 94 0 
263 787 21 0 
263 683 53 0 
263 513 38 0 
263 421 42 0 
264 985 57 0 
264 875 76 0 
264 761 43 0 
264 669 36 0 
265 985 37 0 
265 893 68 0 
265 890 59 0 
265 517 36 0 
265 386 26 0 
265 384 40 0 
266 797 32 0 
266 791 98 0 
266 623 74 0 
266 613 37 0 
266 536 95 0 
266 279 74 0 
267 832 22 0 
267 410 111 0 
268 728 42 0 
268 667 25 0 
269 499 71 0 
269 457 1 0 
269 436 12 0 
269 411 67 0 
269 388 48 0 
270 859 34 0 
270 705 102 0 
270 573 85 0 
270 462 82 0 
271 983 75 0 
271 976 50 0 
271 767 33 0 
271 436 71 0 
272 976 39 0 
272 890 33 0 
272 888 102 0 
272 481 56 0 
273 698 78 0 
273 550 44 0 
274 851 81 0 
274 821 11 0 
274 808 24 0 
274 680 91 0 
276 857 50 0 
276 732 40 0 
276 624 53 0 
277 596 44 0 
277 571 36 0 
277 528 51 0 
277 499 47 0 
277 456 59 0 
277 340 60 0 
278 984 31 0 
278 632 47 0 
278 563 4 0 
278 432 28 0 
279 972 18 0 
279 669 87 0 
279 513 16 0 
279 465 83 0 
279 454 54 0 
279 334 59 0 
280 750 80 0 
280 466 85 0 
281 998 108 0 
281 997 34 0 
282 947 29 0 
282 670 86 0 
282 318 70 0 
283 892 53 0 
284 937 52 0 
284 633 79 0 
285 685 68 0 
285 636 71 0 
285 488 16 0 
285 440 92 0 
285 399 38 0 
286 895 65 0 
286 716 80 0 
286 536 60 0 
287 942 64 0 
287 925 42 0 
287 682 25 0 
287 647 48 0 
287 391 44 0 
288 875 55 0 
288 874 58 0 
288 488 76 0 
288 373 60 0 
288 349 73 0 
289 800 58 0 
289 312 63 0 
290 946 19 0 
290 858 70 0 
290 419 13 0 
290 395 50 0 
290 311 35 0 
291 966 41 0 
291 701 69 0 
291 383 23 0 
291 300 57 0 
292 673 65 0 
292 450 13 0 
293 887 31 0 
293 809 87 0 
293 795 28 0 
293 599 64 0 
294 964 48 0 
294 951 67 0 
294 823 28 0 
294 800 29 0 
294 763 41 0 
295 913 34 0 
295 694 72 0 
295 629 71 0 
295 418 45 0 
295 301 48 0 
296 956 62 0 
296 928 48 0 
296 782 70 0 
296 543 64 0 
296 498 89 0 
296 403 102 0 
296 302 67 0 
297 703 95 0 
297 608 106 0 
297 426 51 0 
298 892 93 0 
298 718 31 0 
298 696 42 0 
298 635 42 0 
298 547 43 0 
298 383 63 0 
299 981 18 0 
299 918 49 0 
300 815 70 0 
300 565 45 0 
300 441 49 0 
301 787 60 0 
301 657 26 0 
301 552 33 0 
301 332 53 0 
302 997 65 0 
302 884 30 0 
302 847 72 0 
302 703 52 0 
302 480 32 0 
303 998 18 0 
303 926 51 0 
303 875 83 0 
303 696 10 0 
303 606 42 0 
303 563 34 0 
304 649 47 0 
304 575 76 0 
304 491 88 0 
305 991 90 0 
305 952 66 0 
305 872 62 0 
305 851 30 0 
305 814 37 0 
305 473 74 0 
306 532 64 0 
307 908 99 0 
307 887 72 0 
307 841 10 0 
307 694 9 0 
307 626 31 0 
307 526 22 0 
308 768 55 0 
308 426 109 0 
309 998 52 0 
309 923 16 0 
309 893 25 0 
309 750 49 0 
309 581 66 0 
309 539 58 0 
309 367 85 0 
310 968 64 0 
310 502 44 0 
310 374 20 0 
311 867 74 0 
311 693 59 0 
311 445 94 0 
312 980 46 0 
312 663 45 0 
312 626 70 0 
313 842 50 0 
313 489 72 0 
313 487 73 0 
313 456 85 0 
314 895 75 0 
314 843 73 0 
314 732 16 0 
314 611 90 0 
315 505 58 0 
315 421 46 0 
315 386 30 0 
315 365 17 0 
315 344 59 0 
316 926 19 0 
316 814 43 0 
316 476 54 0 
316 321 30 0 
317 729 61 0 
317 676 90 0 
317 580 31 0 
317 468 69 0 
318 986 54 0 
318 976 46 0 
318 516 63 0 
318 439 98 0 
318 413 77 0 
319 989 30 0 
319 804 56 0 
319 577 43 0 
319 513 33 0 
319 489 63 0 
319 446 49 0 
319 441 51 0 
319 434 29 0 
319 431 32 0 
319 400 26 0 
319 329 46 0 
320 501 32 0 
320 490 31 0 
321 999 28 0 
321 760 68 0 
321 616 87 0 
321 529 37 0 
322 849 78 0 
322 776 71 0 
322 398 97 0 
323 887 30 0 
323 833 5 0 
323 756 37 0 
323 591 46 0 
323 475 84 0 
324 823 84 0 
324 776 104 0 
324 473 73 0 
324 402 75 0 
325 921 53 0 
326 523 68 0 
326 459 93 0 
327 908 84 0 
327 884 60 0 
327 380 52 0 
328 684 24 0 
329 815 67 0 
329 666 76 0 
329 650 61 0 
329 340 79 0 
330 938 13 0 
330 379 42 0 
331 977 68 0 
331 949 25 0 
331 649 51 0 
331 633 23 0 
332 742 40 0 
332 474 78 0 
333 638 42 0 
333 619 71 0 
333 593 76 0 
333 547 81 0 
333 523 62 0 
333 468 52 0 
333 353 61 0 
333 347 50 0 
334 948 10 0 
334 926 33 0 
334 721 15 0 
334 453 88 0 
334 337 19 0 
335 941 64 0 
336 931 23 0 
336 625 65 0 
336 416 68 0 
337 814 35 0 
337 710 39 0 
337 689 64 0 
338 862 74 0 
338 623 25 0 
339 696 36 0 
339 496 9 0 
341 686 115 0 
341 483 79 0 
342 763 12 0 
342 683 33 0 
342 630 36 0 
342 624 38 0 
342 534 36 0 
342 413 47 0 
343 888 110 0 
343 551 92 0 
344 783 13 0 
344 728 36 0 
344 406 54 0 
345 901 78 0 
345 890 13 0 
345 781 90 0 
345 749 80 0 
345 738 104 0 
345 445 109 0 
346 863 6 0 
347 868 36 0 
347 866 34 0 
347 819 49 0 
347 808 44 0 
347 612 67 0 
347 551 55 0 
347 482 68 0 
347 354 12 0 
348 915 22 0 
348 835 33 0 
348 744 31 0 
348 537 42 0 
349 795 61 0 
349 548 64 0 
349 525 18 0 
350 835 51 0 
350 815 28 0 
351 587 89 0 
351 355 87 0 
352 570 43 0 
352 498 33 0 
355 454 8 0 
356 930 57 0 
356 897 48 0 
356 862 74 0 
356 378 35 0 
357 666 30 0 
357 631 34 0 
358 846 47 0 
358 775 41 0 
358 721 50 0 
359 936 48 0 
359 745 65 0 
359 628 75 0 
359 577 23 0 
360 459 11 0 
360 416 17 0 
361 891 48 0 
361 744 29 0 
361 707 57 0 
361 674 65 0 
361 533 102 0 
361 448 41 0 
362 970 56 0 
362 814 55 0 
362 768 59 0 
362 637 11 0 
363 909 9 0 
363 435 41 0 
363 386 23 0 
364 809 79 0 
364 569 29 0 
365 968 66 0 
365 933 74 0 
365 914 3 0 
365 832 94 0 
365 671 46 0 
366 733 96 0 
366 666 84 0 
366 624 62 0 
366 450 52 0 
367 763 41 0 
367 533 81 0 
368 548 32 0 
368 493 16 0 
369 961 74 0 
369 789 25 0 
369 442 49 0 
370 912 34 0 
370 879 89 0 
370 496 22 0 
370 458 6 0 
371 813 94 0 
371 565 50 0 
372 797 73 0 
372 612 21 0 
373 602 55 0 
373 500 65 0 
373 433 46 0 
374 501 64 0 
375 918 74 0 
375 814 91 0 
375 481 38 0 
376 763 58 0 
376 445 85 0 
377 751 60 0 
377 716 73 0 
377 617 65 0 
377 381 67 0 
378 563 46 0 
378 555 7 0 
378 523 41 0 
379 789 31 0 
380 760 32 0 
380 539 62 0 
380 517 29 0 
380 442 10 0 
381 918 67 0 
381 853 66 0 
381 738 71 0 
381 528 57 0 
382 905 12 0 
382 707 48 0 
383 962 43 0 
383 847 5 0 
383 791 108 0 
383 741 71 0 
383 615 66 0 
383 608 83 0 
383 583 81 0 
384 874 33 0 
384 817 43 0 
384 807 45 0 
384 604 75 0 
384 596 33 0 
384 421 69 0 
385 720 55 0 
385 453 56 0 
385 415 67 0 
386 650 29 0 
386 539 64 0 
387 543 8 0 
387 394 75 0 
388 944 59 0 
388 911 82 0 
388 738 61 0 
388 654 48 0 
388 579 67 0 
388 488 15 0 
389 820 42 0 
389 567 50 0 
389 503 62 0 
389 403 30 0 
390 905 51 0 
390 884 35 0 
390 848 17 0 
390 775 54 0 
390 654 46 0 
390 636 53 0 
390 474 76 0 
390 463 86 0 
391 989 74 0 
391 959 95 0 
391 552 70 0 
391 485 75 0 
391 454 10 0 
392 562 51 0 
392 479 83 0 
392 409 42 0 
393 985 69 0 
393 859 9 0 
393 676 47 0 
395 993 30 0 
395 949 54 0 
395 945 28 0 
395 881 18 0 
395 859 43 0 
395 633 57 0 
399 943 67 0 
399 704 38 0 
399 586 45 0 
400 893 70 0 
400 815 36 0 
401 878 76 0 
401 453 81 0 
401 410 43 0 
403 989 77 0 
403 674 96 0 
403 592 52 0 
404 927 79 0 
405 827 55 0 
405 525 79 0 
405 412 77 0 
406 578 9 0 
407 549 93 0 
408 924 64 0 
408 912 25 0 
408 592 59 0 
409 976 31 0 
409 865 32 0 
409 827 50 0 
409 530 27 0 
409 485 62 0 
410 949 64 0 
410 808 7 0 
410 779 76 0 
410 713 45 0 
410 566 49 0 
411 772 55 0 
411 468 48 0 
411 431 63 0 
411 415 7 0 
412 745 55 0 
412 661 100 0 
412 547 43 0 
413 627 81 0 
413 532 13 0 
413 514 8 0 
414 978 20 0 
414 830 50 0 
414 804 67 0 
415 867 49 0 
415 857 16 0 
415 771 88 0 
415 459 30 0 
416 943 44 0 
416 860 73 0 
417 858 105 0 
417 693 42 0 
418 944 48 0 
418 671 19 0 
418 646 18 0 
418 626 83 0 
419 448 29 0 
421 631 18 0 
421 484 24 0 
421 452 51 0 
422 675 58 0 
422 605 63 0 
423 616 50 0 
423 610 63 0 
423 529 60 0 
424 550 80 0 
425 835 96 0 
425 830 96 0 
425 547 80 0 
426 995 11 0 
426 981 66 0 
426 895 76 0 
426 635 80 0 
426 625 80 0 
427 889 80 0 
427 849 87 0 
427 648 65 0 
427 542 97 0 
427 441 21 0 
428 822 57 0 
428 775 31 0 
428 641 21 0 
428 437 47 0 
429 548 40 0 
430 955 80 0 
430 642 80 0 
431 879 38 0 
431 723 50 0 
431 624 55 0 
432 788 25 0 
432 567 46 0 
432 458 15 0 
433 780 51 0 
434 937 26 0 
434 606 50 0 
434 598 36 0 
435 912 54 0 
435 900 20 0 
435 777 32 0 
436 553 13 0 
437 778 58 0 
437 758 86 0 
438 664 63 0 
438 644 32 0 
438 643 55 0 
438 441 35 0 
439 985 68 0 
440 910 72 0 
440 706 74 0 
440 547 64 0 
441 855 54 0 
441 795 60 0 
441 466 53 0 
441 456 85 0 
441 454 68 0 
442 579 69 0 
443 990 58 0 
443 552 68 0 
443 522 55 0 
443 498 66 0 
445 946 70 0 
445 938 90 0 
445 927 71 0 
445 757 75 0 
445 660 84 0 
446 980 75 0 
446 642 99 0 
447 642 75 0 
448 951 62 0 
448 786 58 0 
448 775 40 0 
448 556 44 0 
449 969 55 0 
449 853 92 0 
449 668 44 0 
449 553 63 0 
450 977 13 0 
450 972 72 0 
451 951 32 0 
452 998 86 0 
452 992 90 0 
452 910 49 0 
452 824 40 0 
452 726 50 0 
452 602 95 0 
452 454 35 0 
453 614 99 0 
453 592 56 0 
454 747 41 0 
454 713 63 0 
455 987 16 0 
455 549 108 0 
455 521 39 0 
456 998 72 0 
456 896 60 0 
456 781 81 0 
457 715 48 0 
457 714 37 0 
457 701 42 0 
457 616 33 0 
457 601 38 0 
458 938 34 0 
458 887 47 0 
458 535 34 0 
458 504 11 0 
460 850 112 0 
460 723 88 0 
460 657 53 0 
460 644 68 0 
460 586 96 0 
461 943 35 0 
461 541 66 0 
462 715 65 0 
462 495 63 0 
463 939 113 0 
463 476 49 0 
464 911 46 0 
464 817 9 0 
464 573 53 0 
465 717 50 0 
466 671 42 0 
466 478 71 0 
467 971 72 0 
467 933 16 0 
467 819 82 0 
467 601 43 0 
469 865 35 0 
470 891 39 0 
470 742 31 0 
470 729 50 0 
470 479 54 0 
471 860 26 0 
472 668 23 0 
473 753 37 0 
474 892 58 0 
474 855 34 0 
474 670 82 0 
474 581 40 0 
475 859 31 0 
476 767 37 0 
477 589 58 0 
477 482 52 0 
478 960 70 0 
478 948 29 0 
478 826 59 0 
478 773 37 0 
478 692 22 0 
478 531 65 0 
479 759 89 0 
479 695 37 0 
479 611 118 0 
480 744 23 0 
480 711 52 0 
480 630 42 0 
481 783 32 0 
481 666 46 0 
481 511 38 0 
481 509 48 0 
482 937 70 0 
482 845 84 0 
482 737 111 0 
482 584 83 0 
483 894 44 0 
483 646 29 0 
484 867 94 0 
484 824 60 0 
484 745 60 0 
484 716 69 0 
484 699 62 0 
485 952 36 0 
485 846 4 0 
485 610 25 0 
485 497 48 0 
486 490 30 0 
487 996 19 0 
487 784 34 0 
487 606 28 0 
488 857 29 0 
488 681 30 0 
489 700 42 0 
489 665 61 0 
489 625 101 0 
489 586 99 0 
489 557 70 0 
490 872 80 0 
490 587 100 0 
490 545 63 0 
491 672 100 0 
491 527 76 0 
492 998 80 0 
492 655 90 0 
493 953 51 0 
493 513 58 0 
494 507 79 0 
495 926 45 0 
495 806 37 0 
495 775 9 0 
495 529 78 0 
496 901 48 0 
496 780 38 0 
496 721 56 0 
496 566 43 0 
498 922 34 0 
498 647 24 0 
499 985 69 0 
499 871 73 0 
500 690 82 0 
500 604 67 0 
500 582 36 0 
501 899 33 0 
501 860 75 0 
501 514 11 0 
502 653 75 0 
504 751 32 0 
504 645 24 0 
506 982 29 0 
506 816 69 0 
506 786 29 0 
506 765 67 0 
506 699 23 0 
507 898 36 0 
508 984 63 0 
508 893 92 0 
508 809 82 0 
509 738 59 0 
510 813 14 0 
510 798 81 0 
510 617 77 0 
511 682 49 0 
512 805 35 0 
512 763 13 0 
512 666 72 0 
512 645 82 0 
512 633 31 0 
512 542 52 0 
513 920 47 0 
513 822 16 0 
514 998 63 0 
514 964 50 0 
514 681 46 0 
515 887 63 0 
516 788 9 0 
517 929 31 0 
517 890 62 0 
517 553 33 0 
517 538 59 0 
518 809 61 0 
518 758 51 0 
519 655 98 0 
519 612 32 0 
520 998 62 0 
520 785 53 0 
521 873 7 0 
521 860 71 0 
521 608 68 0 
521 528 46 0 
522 928 40 0 
522 927 55 0 
522 866 17 0 
522 752 19 0 
522 726 47 0 
523 952 34 0 
523 947 39 0 
523 701 47 0 
523 537 57 0 
524 838 93 0 
524 822 98 0 
524 667 54 0 
524 599 72 0 
525 921 103 0 
525 679 32 0 
526 935 54 0 
526 898 52 0 
526 852 65 0 
526 612 78 0 
526 556 30 0 
527 965 15 0 
527 681 27 0 
528 762 100 0 
530 754 41 0 
531 619 55 0 
532 939 90 0 
532 903 101 0 
532 834 59 0 
532 804 81 0 
532 746 37 0 
532 686 70 0 
532 648 64 0 
533 974 115 0 
533 830 104 0 
533 730 40 0 
533 555 62 0 
534 945 48 0 
535 666 72 0 
535 616 74 0 
536 932 78 0 
537 961 87 0 
537 830 77 0 
537 706 9 0 
537 575 113 0 
539 654 43 0 
540 631 76 0 
541 995 60 0 
541 967 57 0 
541 746 20 0 
541 712 47 0 
541 579 22 0 
544 750 30 0 
544 587 94 0 
545 615 79 0 
546 981 7 0 
547 967 15 0 
547 948 34 0 
547 844 21 0 
548 808 20 0 
549 760 76 0 
551 662 22 0 
552 791 45 0 
552 768 52 0 
552 760 27 0 
552 755 60 0 
552 585 46 0 
553 894 47 0 
553 749 77 0 
554 726 64 0 
554 630 60 0 
556 935 74 0 
556 894 77 0 
556 811 75 0 
556 739 49 0 
556 639 66 0 
557 721 94 0 
558 850 65 0 
558 749 73 0 
559 601 31 0 
560 942 55 0 
561 955 53 0 
561 693 68 0 
562 891 21 0 
562 835 52 0 
562 809 47 0 
562 627 42 0 
562 614 51 0 
562 610 54 0 
562 602 74 0 
564 909 11 0 
564 825 50 0 
564 740 38 0 
564 684 48 0 
564 626 97 0 
565 999 17 0 
565 890 74 0 
565 850 75 0 
565 770 74 0 
566 863 43 0 
566 676 89 0 
567 945 61 0 
567 769 47 0 
567 695 68 0 
568 989 33 0 
568 850 16 0 
568 722 28 0 
569 620 66 0 
570 822 93 0 
570 705 92 0 
570 679 97 0 
571 710 66 0 
571 705 40 0 
572 967 28 0 
572 838 15 0 
572 751 77 0 
572 638 62 0 
573 824 43 0 
573 775 58 0 
574 932 62 0 
574 863 36 0 
575 633 83 0 
576 896 70 0 
577 986 56 0 
577 827 49 0 
578 979 26 0 
578 789 63 0 
579 899 22 0 
579 798 68 0 
579 611 102 0 
580 993 46 0 
580 988 67 0 
580 713 46 0 
580 664 49 0 
581 673 77 0 
582 970 95 0 
582 964 33 0 
582 961 99 0 
582 870 78 0 
582 809 68 0 
582 627 83 0 
582 621 48 0 
583 741 64 0 
584 832 67 0 
585 831 57 0 
585 739 41 0 
586 760 103 0 
587 950 82 0 
587 908 72 0 
588 989 32 0 
588 707 30 0 
589 905 29 0 
589 785 26 0 
589 621 24 0 
590 992 78 0 
590 814 72 0 
590 806 71 0 
590 709 81 0 
591 839 16 0 
592 886 40 0 
592 752 34 0 
593 705 18 0 
594 774 77 0 
594 768 14 0 
594 653 16 0 
595 881 34 0 
595 657 43 0 
595 628 6 0 
596 695 49 0 
597 876 45 0 
597 858 57 0 
597 812 49 0 
597 805 39 0 
598 835 59 0 
598 813 73 0 
598 800 41 0 
598 769 13 0 
598 761 27 0 
600 920 87 0 
600 714 74 0 
600 664 84 0 
601 958 72 0 
601 799 54 0 
602 799 53 0 
602 721 97 0 
602 607 26 0 
604 967 72 0 
604 873 67 0 
604 830 89 0 
604 745 43 0 
604 685 41 0 
606 864 50 0 
606 837 56 0 
606 688 34 0 
607 684 69 0 
608 613 127 0 
609 967 59 0 
609 922 26 0 
609 858 40 0 
609 813 58 0 
610 934 51 0 
611 753 51 0 
611 635 61 0 
612 915 40 0 
612 906 33 0 
612 680 51 0 
613 844 58 0 
614 696 107 0 
615 810 25 0 
615 787 57 0 
615 751 58 0 
616 663 18 0 
617 905 39 0 
617 891 8 0 
617 771 77 0 
617 678 42 0 
618 735 67 0 
619 725 17 0 
619 718 75 0 
619 698 71 0 
620 994 73 0 
620 962 27 0 
620 633 40 0 
621 651 49 0 
622 937 78 0 
622 664 78 0 
623 777 6 0 
624 719 51 0 
625 956 50 0 
625 856 44 0 
625 684 43 0 
625 651 78 0 
626 997 54 0 
626 990 111 0 
627 845 83 0 
627 648 39 0 
629 765 83 0 
629 639 91 0 
630 965 23 0 
630 837 15 0 
630 692 18 0 
631 935 5 0 
631 892 77 0 
632 981 44 0 
632 888 15 0 
633 923 21 0 
633 735 18 0 
634 781 54 0 
635 647 60 0 
636 762 88 0 
636 682 67 0 
638 981 25 0 
638 955 25 0 
639 728 38 0 
639 703 59 0 
641 661 59 0 
642 844 44 0 
645 956 63 0 
646 799 25 0 
647 765 59 0 
647 723 72 0 
648 791 88 0 
649 822 82 0 
650 967 83 0 
650 703 69 0 
650 678 72 0 
650 657 74 0 
651 890 16 0 
651 847 108 0 
652 827 59 0 
653 985 60 0 
654 989 31 0 
654 968 48 0 
654 822 58 0 
654 768 63 0 
655 999 94 0 
656 726 53 0 
657 835 37 0 
657 708 55 0 
657 677 46 0 
658 970 22 0 
658 946 46 0 
658 933 81 0 
660 968 82 0 
660 920 27 0 
660 904 49 0 
660 789 25 0 
661 801 77 0 
661 681 65 0 
662 982 59 0 
662 678 43 0 
662 665 62 0 
663 997 65 0 
663 852 17 0 
663 730 22 0 
663 688 12 0 
666 961 95 0 
666 830 95 0 
667 944 17 0 
667 921 80 0 
667 774 40 0 
668 944 62 0 
668 883 34 0 
668 875 34 0 
669 982 41 0 
669 906 97 0 
670 671 62 0 
671 891 30 0 
671 713 16 0 
672 796 69 0 
673 988 47 0 
673 835 26 0 
674 868 55 0 
674 847 102 0 
674 727 57 0 
675 820 35 0 
675 725 62 0 
677 973 71 0 
677 884 33 0 
677 823 19 0 
677 762 92 0 
677 724 64 0 
678 803 35 0 
679 710 8 0 
680 747 39 0 
681 951 53 0 
682 885 67 0 
684 769 56 0 
686 917 58 0 
686 860 6 0 
686 811 93 0 
687 808 90 0 
689 782 37 0 
690 821 10 0 
690 779 80 0 
690 702 66 0 
691 910 69 0 
691 736 35 0 
692 980 75 0 
692 705 70 0 
693 974 58 0 
693 954 56 0 
694 706 92 0 
695 711 89 0 
697 938 47 0 
697 717 1 0 
699 941 23 0 
699 804 55 0 
700 885 14 0 
700 853 37 0 
701 984 50 0 
701 983 60 0 
701 981 31 0 
701 897 23 0 
701 708 19 0 
702 920 65 0 
702 729 16 0 
703 924 63 0 
704 870 79 0 
704 851 42 0 
705 842 29 0 
705 783 28 0 
706 970 103 0 
706 966 50 0 
707 708 60 0 
709 930 79 0 
711 819 15 0 
711 798 60 0 
712 974 49 0 
712 862 40 0 
713 971 13 0 
713 893 72 0 
714 982 10 0 
714 829 7 0 
714 805 46 0 
715 997 33 0 
716 978 50 0 
716 768 37 0 
718 937 44 0 
718 927 84 0 
718 910 48 0 
718 813 96 0 
718 799 85 0 
719 989 45 0 
721 745 50 0 
722 737 76 0 
724 737 88 0 
725 963 81 0 
725 947 25 0 
726 903 77 0 
726 780 83 0 
727 986 34 0 
728 781 36 0 
729 958 91 0 
730 877 17 0 
730 749 78 0 
731 863 70 0 
732 747 55 0 
733 790 93 0 
734 797 39 0 
735 791 61 0 
737 875 88 0 
737 861 68 0 
738 976 47 0 
738 888 49 0 
740 907 85 0 
742 997 26 0 
744 933 39 0 
744 867 55 0 
748 965 32 0 
748 766 65 0 
748 759 29 0 
749 754 44 0 
750 920 31 0 
750 848 66 0 
750 778 23 0 
752 765 62 0 
753 958 73 0 
754 990 82 0 
754 969 46 0 
754 841 23 0 
756 925 80 0 
756 865 27 0 
757 990 41 0 
757 947 56 0 
757 767 13 0 
758 779 74 0 
759 945 73 0 
759 878 76 0 
760 994 55 0 
760 889 90 0 
761 984 50 0 
761 849 39 0 
763 976 35 0 
763 930 80 0 
763 765 65 0 
764 849 40 0 
765 932 54 0 
765 928 38 0 
765 786 84 0 
769 944 34 0 
769 926 37 0 
769 864 35 0 
769 789 6 0 
772 908 85 0 
773 974 40 0 
774 977 38 0 
774 854 52 0 
777 974 83 0 
777 794 51 0 
778 826 15 0 
778 804 45 0 
779 829 38 0 
781 869 24 0 
782 816 72 0 
785 899 70 0 
785 828 60 0 
786 963 109 0 
787 963 31 0 
787 886 50 0 
788 910 85 0 
789 847 67 0 
791 966 108 0 
792 961 24 0 
792 888 57 0 
792 814 26 0 
793 843 113 0 
794 844 32 0 
795 917 14 0 
796 916 54 0 
796 871 62 0 
800 973 41 0 
800 878 48 0 
801 870 53 0 
801 820 38 0 
802 880 63 0 
803 903 84 0 
804 885 43 0 
804 826 33 0 
805 948 39 0 
806 986 12 0 
807 862 73 0 
809 922 61 0 
809 913 63 0 
812 848 28 0 
815 998 106 0 
815 950 78 0 
815 898 74 0 
816 911 42 0 
816 875 8 0 
816 866 94 0 
818 985 71 0 
818 901 83 0 
818 848 28 0 
824 879 47 0 
827 915 41 0 
828 978 37 0 
829 973 26 0 
829 945 28 0 
831 988 65 0 
831 944 58 0 
832 877 46 0 
834 867 22 0 
835 939 62 0 
836 918 31 0 
838 941 69 0 
838 866 58 0 
839 888 54 0 
840 953 61 0 
841 903 29 0 
843 966 57 0 
844 917 47 0 
846 901 9 0 
847 917 76 0 
849 995 89 0 
849 871 39 0 
851 876 67 0 
852 923 75 0 
852 860 69 0 
856 923 61 0 
860 882 22 0 
862 875 106 0 
867 928 50 0 
867 918 77 0 
869 897 81 0 
873 990 60 0 
873 978 23 0 
873 882 60 0 
874 962 78 0 
874 960 46 0 
874 916 65 0 
874 898 53 0 
876 945 72 0 
877 895 73 0 
878 947 42 0 
883 973 68 0 
883 904 75 0 
883 895 76 0 
885 901 65 0 
888 932 92 0 
889 910 19 0 
891 914 63 0 
892 908 3 0 
895 905 42 0 
897 947 73 0 
901 978 39 0 
905 984 45 0 
914 928 55 0 
922 961 64 0 
924 994 52 0 
927 931 22 0 
928 987 30 0 
928 966 56 0 
932 972 60 0 
935 941 26 0 
945 989 22 0 
947 968 74 0 
949 992 86 0 
957 978 77 0 
963 993 44 0 
966 998 100 0 
978 989 44 0 
979 987 39 0 
984 987 28 0 
