#GRAPH (#nodes #edges id uu vv ww xx yy zz):
#1000 5090 geo(0,{1000,100,3,0.005,0.000,0.000}) 100 
#
VERTICES (index name u v w x y z):
0 0 53 53 
1 1 90 2 
2 2 12 64 
3 3 92 11 
4 4 21 55 
5 5 20 35 
6 6 59 98 
7 7 12 9 
8 8 11 58 
9 9 75 23 
10 10 38 28 
11 11 63 86 
12 12 24 59 
13 13 94 23 
14 14 98 94 
15 15 20 33 
16 16 85 28 
17 17 60 28 
18 18 17 60 
19 19 77 44 
20 20 33 53 
21 21 76 45 
22 22 13 6 
23 23 59 56 
24 24 90 84 
25 25 16 91 
26 26 14 3 
27 27 70 39 
28 28 58 28 
29 29 36 48 
30 30 63 50 
31 31 87 26 
32 32 61 21 
33 33 5 11 
34 34 68 89 
35 35 54 85 
36 36 77 86 
37 37 89 23 
38 38 86 13 
39 39 93 44 
40 40 2 1 
41 41 70 64 
42 42 2 36 
43 43 70 86 
44 44 42 47 
45 45 78 48 
46 46 30 23 
47 47 3 26 
48 48 81 89 
49 49 34 15 
50 50 42 98 
51 51 93 80 
52 52 57 41 
53 53 1 34 
54 54 40 32 
55 55 63 47 
56 56 34 61 
57 57 98 69 
58 58 30 2 
59 59 89 52 
60 60 13 61 
61 61 78 80 
62 62 98 2 
63 63 20 65 
64 64 2 14 
65 65 76 81 
66 66 69 85 
67 67 41 79 
68 68 97 92 
69 69 64 27 
70 70 97 51 
71 71 89 9 
72 72 56 44 
73 73 81 36 
74 74 39 52 
75 75 65 60 
76 76 32 23 
77 77 95 53 
78 78 44 8 
79 79 3 71 
80 80 52 78 
81 81 48 75 
82 82 87 67 
83 83 45 33 
84 84 39 34 
85 85 15 42 
86 86 32 51 
87 87 79 52 
88 88 39 33 
89 89 37 40 
90 90 12 7 
91 91 18 31 
92 92 69 61 
93 93 78 27 
94 94 45 3 
95 95 10 59 
96 96 90 97 
97 97 21 43 
98 98 73 23 
99 99 73 9 
100 100 22 93 
101 101 43 58 
102 102 90 61 
103 103 47 19 
104 104 45 15 
105 105 3 90 
106 106 88 86 
107 107 17 38 
108 108 50 15 
109 109 54 2 
110 110 26 66 
111 111 36 47 
112 112 70 88 
113 113 93 81 
114 114 10 83 
115 115 48 38 
116 116 7 92 
117 117 38 9 
118 118 77 75 
119 119 51 9 
120 120 31 15 
121 121 49 16 
122 122 35 24 
123 123 90 49 
124 124 8 94 
125 125 86 2 
126 126 67 96 
127 127 52 49 
128 128 26 93 
129 129 50 51 
130 130 30 43 
131 131 80 60 
132 132 78 63 
133 133 78 29 
134 134 68 86 
135 135 17 89 
136 136 37 27 
137 137 57 71 
138 138 4 25 
139 139 5 73 
140 140 15 98 
141 141 56 87 
142 142 22 0 
143 143 2 50 
144 144 59 42 
145 145 26 78 
146 146 80 9 
147 147 56 97 
148 148 90 28 
149 149 12 42 
150 150 89 82 
151 151 43 86 
152 152 16 45 
153 153 66 87 
154 154 61 48 
155 155 36 5 
156 156 81 96 
157 157 83 47 
158 158 43 90 
159 159 53 34 
160 160 73 69 
161 161 52 41 
162 162 83 8 
163 163 6 22 
164 164 78 41 
165 165 84 80 
166 166 35 4 
167 167 13 21 
168 168 60 54 
169 169 68 62 
170 170 13 41 
171 171 98 93 
172 172 34 24 
173 173 53 37 
174 174 69 53 
175 175 22 59 
176 176 85 38 
177 177 81 15 
178 178 30 82 
179 179 6 18 
180 180 16 24 
181 181 48 8 
182 182 35 61 
183 183 0 66 
184 184 8 2 
185 185 73 43 
186 186 88 51 
187 187 23 31 
188 188 43 22 
189 189 61 74 
190 190 52 9 
191 191 80 98 
192 192 77 90 
193 193 39 1 
194 194 61 75 
195 195 53 15 
196 196 88 29 
197 197 25 5 
198 198 97 33 
199 199 74 38 
200 200 3 42 
201 201 7 70 
202 202 52 92 
203 203 62 66 
204 204 69 57 
205 205 58 83 
206 206 95 85 
207 207 5 77 
208 208 15 72 
209 209 85 8 
210 210 92 65 
211 211 19 44 
212 212 69 11 
213 213 78 47 
214 214 1 30 
215 215 45 67 
216 216 69 24 
217 217 5 47 
218 218 35 69 
219 219 61 39 
220 220 9 24 
221 221 71 27 
222 222 17 35 
223 223 47 12 
224 224 81 28 
225 225 29 37 
226 226 46 73 
227 227 91 95 
228 228 8 34 
229 229 20 32 
230 230 36 55 
231 231 2 94 
232 232 40 75 
233 233 36 52 
234 234 78 62 
235 235 7 63 
236 236 6 97 
237 237 76 8 
238 238 35 49 
239 239 47 8 
240 240 34 73 
241 241 98 68 
242 242 56 55 
243 243 12 75 
244 244 65 83 
245 245 95 43 
246 246 7 43 
247 247 18 52 
248 248 14 88 
249 249 80 32 
250 250 78 18 
251 251 45 9 
252 252 31 81 
253 253 31 79 
254 254 35 26 
255 255 38 2 
256 256 42 59 
257 257 62 53 
258 258 91 85 
259 259 27 9 
260 260 12 25 
261 261 45 78 
262 262 21 83 
263 263 51 67 
264 264 45 96 
265 265 54 67 
266 266 38 13 
267 267 5 54 
268 268 92 61 
269 269 70 31 
270 270 64 17 
271 271 15 79 
272 272 11 11 
273 273 7 0 
274 274 89 24 
275 275 60 39 
276 276 0 28 
277 277 2 16 
278 278 11 82 
279 279 51 61 
280 280 16 1 
281 281 55 25 
282 282 92 17 
283 283 79 31 
284 284 81 19 
285 285 9 1 
286 286 6 14 
287 287 20 60 
288 288 76 43 
289 289 17 17 
290 290 34 52 
291 291 40 70 
292 292 13 30 
293 293 72 58 
294 294 34 69 
295 295 23 11 
296 296 78 91 
297 297 44 38 
298 298 27 61 
299 299 37 52 
300 300 49 2 
301 301 9 4 
302 302 97 99 
303 303 75 75 
304 304 31 24 
305 305 95 28 
306 306 79 84 
307 307 90 91 
308 308 78 61 
309 309 9 85 
310 310 36 56 
311 311 35 42 
312 312 55 96 
313 313 32 14 
314 314 89 46 
315 315 50 61 
316 316 19 3 
317 317 73 73 
318 318 71 25 
319 319 23 94 
320 320 16 55 
321 321 25 62 
322 322 43 25 
323 323 84 67 
324 324 46 58 
325 325 82 6 
326 326 19 78 
327 327 41 56 
328 328 46 31 
329 329 27 15 
330 330 99 88 
331 331 7 78 
332 332 42 27 
333 333 44 20 
334 334 52 1 
335 335 74 32 
336 336 32 38 
337 337 45 84 
338 338 9 12 
339 339 84 94 
340 340 30 67 
341 341 92 26 
342 342 3 51 
343 343 60 69 
344 344 52 8 
345 345 47 18 
346 346 87 77 
347 347 35 77 
348 348 1 54 
349 349 72 52 
350 350 95 23 
351 351 58 9 
352 352 66 13 
353 353 70 63 
354 354 91 99 
355 355 49 98 
356 356 99 13 
357 357 74 1 
358 358 86 94 
359 359 7 39 
360 360 54 19 
361 361 48 0 
362 362 6 25 
363 363 90 77 
364 364 56 93 
365 365 84 15 
366 366 15 58 
367 367 17 50 
368 368 47 58 
369 369 72 24 
370 370 49 20 
371 371 87 99 
372 372 20 52 
373 373 43 97 
374 374 90 55 
375 375 82 0 
376 376 48 94 
377 377 97 26 
378 378 77 28 
379 379 68 34 
380 380 2 79 
381 381 15 55 
382 382 68 32 
383 383 69 48 
384 384 46 35 
385 385 34 86 
386 386 35 94 
387 387 72 2 
388 388 99 92 
389 389 13 15 
390 390 77 47 
391 391 93 36 
392 392 27 43 
393 393 22 17 
394 394 78 24 
395 395 8 85 
396 396 8 27 
397 397 67 31 
398 398 35 76 
399 399 23 46 
400 400 1 14 
401 401 12 23 
402 402 48 57 
403 403 0 96 
404 404 36 20 
405 405 84 0 
406 406 72 23 
407 407 98 87 
408 408 64 57 
409 409 86 18 
410 410 33 11 
411 411 24 22 
412 412 99 77 
413 413 85 15 
414 414 55 73 
415 415 18 18 
416 416 88 55 
417 417 20 8 
418 418 88 43 
419 419 39 31 
420 420 88 53 
421 421 94 53 
422 422 94 46 
423 423 77 87 
424 424 92 98 
425 425 43 74 
426 426 73 84 
427 427 32 29 
428 428 52 58 
429 429 43 69 
430 430 97 44 
431 431 55 69 
432 432 30 10 
433 433 8 69 
434 434 83 69 
435 435 88 9 
436 436 3 87 
437 437 14 20 
438 438 10 2 
439 439 80 79 
440 440 98 61 
441 441 65 96 
442 442 8 31 
443 443 45 43 
444 444 15 8 
445 445 75 88 
446 446 4 31 
447 447 16 7 
448 448 23 0 
449 449 6 10 
450 450 23 56 
451 451 59 16 
452 452 74 57 
453 453 53 40 
454 454 47 37 
455 455 11 45 
456 456 28 79 
457 457 56 48 
458 458 97 63 
459 459 85 35 
460 460 81 30 
461 461 23 35 
462 462 15 5 
463 463 10 75 
464 464 76 12 
465 465 59 54 
466 466 6 62 
467 467 73 26 
468 468 45 64 
469 469 89 72 
470 470 38 48 
471 471 42 67 
472 472 13 22 
473 473 39 60 
474 474 50 65 
475 475 84 31 
476 476 37 51 
477 477 34 12 
478 478 88 87 
479 479 51 92 
480 480 42 21 
481 481 5 15 
482 482 14 8 
483 483 40 14 
484 484 66 42 
485 485 68 63 
486 486 50 41 
487 487 26 92 
488 488 19 56 
489 489 17 14 
490 490 89 3 
491 491 95 38 
492 492 88 85 
493 493 21 52 
494 494 86 39 
495 495 55 9 
496 496 54 54 
497 497 4 72 
498 498 13 19 
499 499 66 67 
500 500 39 67 
501 501 72 96 
502 502 0 40 
503 503 82 12 
504 504 52 36 
505 505 5 93 
506 506 26 98 
507 507 17 77 
508 508 42 36 
509 509 11 24 
510 510 25 94 
511 511 4 20 
512 512 69 31 
513 513 41 36 
514 514 79 45 
515 515 17 70 
516 516 8 52 
517 517 30 58 
518 518 66 44 
519 519 4 76 
520 520 77 98 
521 521 65 34 
522 522 3 30 
523 523 52 97 
524 524 39 45 
525 525 34 27 
526 526 80 71 
527 527 1 24 
528 528 40 55 
529 529 73 40 
530 530 61 32 
531 531 81 11 
532 532 8 71 
533 533 87 52 
534 534 36 25 
535 535 5 5 
536 536 15 59 
537 537 86 34 
538 538 87 95 
539 539 14 63 
540 540 27 17 
541 541 23 8 
542 542 27 50 
543 543 31 41 
544 544 28 82 
545 545 6 74 
546 546 10 40 
547 547 72 90 
548 548 84 92 
549 549 43 93 
550 550 12 56 
551 551 69 22 
552 552 51 82 
553 553 96 23 
554 554 28 84 
555 555 0 58 
556 556 72 77 
557 557 12 5 
558 558 35 74 
559 559 10 35 
560 560 62 21 
561 561 91 58 
562 562 28 17 
563 563 42 52 
564 564 31 57 
565 565 43 17 
566 566 24 82 
567 567 31 44 
568 568 28 56 
569 569 97 55 
570 570 49 21 
571 571 9 14 
572 572 61 26 
573 573 59 9 
574 574 4 2 
575 575 69 8 
576 576 26 79 
577 577 59 31 
578 578 89 49 
579 579 21 58 
580 580 36 46 
581 581 75 71 
582 582 29 7 
583 583 77 22 
584 584 19 67 
585 585 86 30 
586 586 71 35 
587 587 15 33 
588 588 45 86 
589 589 81 50 
590 590 9 38 
591 591 93 35 
592 592 48 2 
593 593 31 49 
594 594 48 53 
595 595 76 61 
596 596 55 91 
597 597 49 80 
598 598 50 4 
599 599 91 33 
600 600 47 44 
601 601 23 41 
602 602 0 80 
603 603 8 42 
604 604 49 62 
605 605 20 68 
606 606 46 12 
607 607 17 19 
608 608 33 45 
609 609 43 39 
610 610 32 42 
611 611 45 10 
612 612 51 8 
613 613 79 28 
614 614 56 46 
615 615 19 65 
616 616 82 27 
617 617 29 1 
618 618 60 14 
619 619 24 65 
620 620 61 30 
621 621 28 38 
622 622 75 35 
623 623 25 9 
624 624 64 26 
625 625 51 91 
626 626 27 69 
627 627 62 80 
628 628 67 56 
629 629 20 25 
630 630 58 41 
631 631 2 63 
632 632 58 80 
633 633 67 14 
634 634 6 35 
635 635 3 82 
636 636 83 35 
637 637 95 69 
638 638 24 39 
639 639 34 32 
640 640 77 67 
641 641 69 23 
642 642 70 15 
643 643 52 88 
644 644 1 80 
645 645 6 82 
646 646 16 99 
647 647 10 8 
648 648 66 6 
649 649 24 19 
650 650 31 60 
651 651 59 33 
652 652 24 52 
653 653 2 89 
654 654 11 21 
655 655 44 59 
656 656 44 10 
657 657 12 43 
658 658 92 41 
659 659 7 98 
660 660 89 5 
661 661 46 69 
662 662 12 93 
663 663 36 92 
664 664 96 81 
665 665 14 85 
666 666 97 43 
667 667 68 24 
668 668 22 13 
669 669 28 53 
670 670 41 78 
671 671 89 26 
672 672 5 31 
673 673 84 44 
674 674 65 38 
675 675 57 85 
676 676 18 93 
677 677 3 96 
678 678 36 13 
679 679 33 21 
680 680 61 63 
681 681 16 85 
682 682 30 91 
683 683 72 38 
684 684 41 58 
685 685 39 48 
686 686 83 96 
687 687 17 31 
688 688 91 17 
689 689 31 6 
690 690 53 98 
691 691 88 71 
692 692 46 29 
693 693 61 49 
694 694 69 69 
695 695 57 31 
696 696 14 46 
697 697 34 64 
698 698 24 53 
699 699 1 79 
700 700 98 44 
701 701 26 64 
702 702 97 74 
703 703 97 70 
704 704 99 61 
705 705 10 11 
706 706 33 95 
707 707 89 70 
708 708 42 30 
709 709 75 24 
710 710 30 47 
711 711 32 92 
712 712 19 48 
713 713 25 81 
714 714 45 75 
715 715 51 22 
716 716 88 66 
717 717 74 46 
718 718 91 48 
719 719 64 96 
720 720 56 42 
721 721 63 29 
722 722 92 86 
723 723 12 91 
724 724 40 98 
725 725 9 78 
726 726 47 14 
727 727 83 80 
728 728 8 75 
729 729 32 28 
730 730 80 33 
731 731 23 60 
732 732 92 22 
733 733 9 69 
734 734 19 98 
735 735 28 36 
736 736 75 54 
737 737 0 95 
738 738 15 28 
739 739 1 35 
740 740 27 53 
741 741 63 4 
742 742 95 30 
743 743 38 53 
744 744 63 61 
745 745 53 93 
746 746 87 34 
747 747 64 68 
748 748 4 13 
749 749 48 30 
750 750 14 17 
751 751 22 16 
752 752 95 83 
753 753 3 4 
754 754 32 45 
755 755 29 94 
756 756 58 77 
757 757 84 99 
758 758 90 29 
759 759 1 74 
760 760 88 74 
761 761 28 44 
762 762 4 34 
763 763 77 88 
764 764 35 2 
765 765 87 63 
766 766 94 38 
767 767 70 3 
768 768 49 72 
769 769 70 11 
770 770 69 83 
771 771 29 68 
772 772 70 75 
773 773 42 42 
774 774 7 35 
775 775 89 86 
776 776 89 89 
777 777 17 48 
778 778 39 36 
779 779 10 69 
780 780 46 91 
781 781 59 65 
782 782 47 26 
783 783 49 36 
784 784 90 9 
785 785 59 91 
786 786 89 38 
787 787 32 17 
788 788 35 84 
789 789 54 41 
790 790 84 37 
791 791 79 93 
792 792 40 25 
793 793 30 75 
794 794 25 52 
795 795 32 19 
796 796 85 61 
797 797 89 81 
798 798 47 45 
799 799 18 15 
800 800 12 3 
801 801 57 1 
802 802 2 81 
803 803 24 51 
804 804 70 46 
805 805 55 90 
806 806 29 70 
807 807 67 67 
808 808 31 53 
809 809 61 45 
810 810 78 49 
811 811 49 39 
812 812 77 30 
813 813 64 78 
814 814 83 71 
815 815 13 66 
816 816 81 68 
817 817 88 24 
818 818 24 40 
819 819 34 94 
820 820 65 4 
821 821 6 89 
822 822 8 68 
823 823 80 11 
824 824 3 9 
825 825 4 69 
826 826 58 61 
827 827 60 64 
828 828 25 72 
829 829 50 56 
830 830 99 15 
831 831 36 94 
832 832 66 86 
833 833 70 94 
834 834 27 56 
835 835 76 77 
836 836 45 29 
837 837 11 48 
838 838 74 98 
839 839 96 47 
840 840 39 62 
841 841 82 21 
842 842 70 36 
843 843 87 23 
844 844 23 84 
845 845 22 41 
846 846 37 9 
847 847 2 35 
848 848 81 54 
849 849 60 13 
850 850 40 76 
851 851 45 82 
852 852 29 26 
853 853 90 23 
854 854 22 22 
855 855 94 8 
856 856 16 96 
857 857 98 99 
858 858 57 35 
859 859 62 62 
860 860 46 99 
861 861 64 8 
862 862 21 60 
863 863 12 58 
864 864 54 59 
865 865 85 50 
866 866 98 28 
867 867 62 91 
868 868 99 40 
869 869 96 98 
870 870 86 79 
871 871 24 56 
872 872 96 76 
873 873 92 42 
874 874 43 16 
875 875 65 87 
876 876 75 52 
877 877 0 68 
878 878 85 48 
879 879 63 42 
880 880 24 12 
881 881 50 7 
882 882 11 69 
883 883 13 25 
884 884 23 93 
885 885 50 46 
886 886 22 46 
887 887 21 19 
888 888 71 13 
889 889 6 61 
890 890 69 78 
891 891 71 82 
892 892 99 58 
893 893 72 35 
894 894 45 95 
895 895 83 21 
896 896 33 64 
897 897 40 0 
898 898 78 93 
899 899 54 51 
900 900 89 76 
901 901 88 3 
902 902 51 88 
903 903 4 75 
904 904 94 52 
905 905 36 21 
906 906 78 30 
907 907 55 53 
908 908 28 63 
909 909 93 3 
910 910 7 68 
911 911 1 31 
912 912 32 74 
913 913 23 2 
914 914 2 61 
915 915 77 29 
916 916 97 60 
917 917 62 74 
918 918 53 19 
919 919 87 1 
920 920 18 40 
921 921 6 56 
922 922 77 43 
923 923 3 17 
924 924 80 86 
925 925 82 43 
926 926 6 16 
927 927 81 23 
928 928 29 92 
929 929 3 81 
930 930 42 20 
931 931 39 38 
932 932 28 70 
933 933 39 25 
934 934 43 94 
935 935 70 77 
936 936 35 6 
937 937 90 36 
938 938 86 53 
939 939 82 92 
940 940 66 97 
941 941 36 35 
942 942 35 34 
943 943 24 41 
944 944 96 71 
945 945 12 82 
946 946 73 55 
947 947 9 30 
948 948 63 74 
949 949 84 35 
950 950 16 97 
951 951 79 32 
952 952 11 80 
953 953 41 27 
954 954 21 97 
955 955 97 90 
956 956 26 59 
957 957 26 99 
958 958 85 7 
959 959 52 65 
960 960 41 99 
961 961 9 60 
962 962 78 51 
963 963 75 42 
964 964 96 64 
965 965 95 13 
966 966 55 31 
967 967 94 67 
968 968 5 80 
969 969 86 63 
970 970 29 40 
971 971 16 31 
972 972 16 19 
973 973 83 59 
974 974 97 53 
975 975 90 5 
976 976 41 68 
977 977 88 5 
978 978 37 57 
979 979 74 25 
980 980 28 23 
981 981 33 92 
982 982 14 69 
983 983 90 39 
984 984 81 16 
985 985 72 50 
986 986 57 40 
987 987 73 8 
988 988 83 44 
989 989 37 18 
990 990 14 65 
991 991 46 57 
992 992 67 33 
993 993 0 84 
994 994 92 24 
995 995 23 3 
996 996 78 59 
997 997 9 25 
998 998 42 12 
999 999 60 56 
#
EDGES (from-node to-node length a b):
0 440 46 0 
0 300 51 0 
0 125 61 0 
1 724 108 0 
2 974 86 0 
2 957 38 0 
2 818 27 0 
2 682 32 0 
2 658 83 0 
2 634 30 0 
2 605 9 0 
3 742 19 0 
3 710 72 0 
3 510 107 0 
3 251 47 0 
4 985 51 0 
4 651 44 0 
4 596 50 0 
4 442 27 0 
4 308 57 0 
4 186 67 0 
5 970 10 0 
5 955 95 0 
5 864 42 0 
5 794 18 0 
5 571 24 0 
5 71 74 0 
6 137 27 0 
7 626 62 0 
7 535 8 0 
7 338 4 0 
7 312 97 0 
7 230 52 0 
8 924 74 0 
8 540 44 0 
8 423 72 0 
8 228 24 0 
8 145 25 0 
8 104 55 0 
9 979 2 0 
9 862 65 0 
9 745 73 0 
9 590 68 0 
9 314 27 0 
9 98 2 0 
10 857 93 0 
10 321 36 0 
11 998 77 0 
11 942 59 0 
11 829 33 0 
11 582 86 0 
11 561 40 0 
11 374 41 0 
11 354 31 0 
11 260 80 0 
11 114 53 0 
12 839 73 0 
12 572 50 0 
12 507 19 0 
12 281 46 0 
13 872 53 0 
13 542 72 0 
13 370 45 0 
14 947 110 0 
14 835 28 0 
14 798 71 0 
14 610 84 0 
14 454 76 0 
14 414 48 0 
14 243 88 0 
14 235 96 0 
14 36 22 0 
15 945 50 0 
15 416 71 0 
15 149 12 0 
16 932 71 0 
16 627 57 0 
16 446 81 0 
16 367 71 0 
17 902 61 0 
17 746 28 0 
17 645 76 0 
17 412 63 0 
17 334 28 0 
17 208 63 0 
17 156 71 0 
18 832 55 0 
18 279 34 0 
19 911 77 0 
19 878 9 0 
19 339 50 0 
19 310 43 0 
19 154 16 0 
19 153 44 0 
20 978 6 0 
20 526 50 0 
20 500 15 0 
20 378 51 0 
20 325 68 0 
20 58 51 0 
21 944 33 0 
21 570 36 0 
21 565 43 0 
21 352 34 0 
21 152 60 0 
21 79 77 0 
21 55 13 0 
22 807 81 0 
22 563 54 0 
22 531 68 0 
22 274 78 0 
22 32 50 0 
23 971 50 0 
23 907 5 0 
23 788 37 0 
23 691 33 0 
23 588 33 0 
23 364 37 0 
23 300 55 0 
23 297 23 0 
24 577 61 0 
24 425 48 0 
24 363 7 0 
24 229 87 0 
24 171 12 0 
24 163 104 0 
25 954 8 0 
25 790 87 0 
25 728 18 0 
25 520 61 0 
26 738 25 0 
26 361 34 0 
26 247 49 0 
27 802 80 0 
27 708 29 0 
27 689 51 0 
27 593 40 0 
27 565 35 0 
27 276 71 0 
28 994 34 0 
28 824 58 0 
28 768 45 0 
28 661 43 0 
28 571 51 0 
28 245 40 0 
28 137 43 0 
29 724 50 0 
29 506 51 0 
29 446 36 0 
29 402 15 0 
29 360 34 0 
29 213 42 0 
29 98 45 0 
29 69 35 0 
30 824 73 0 
30 128 57 0 
30 68 54 0 
31 925 18 0 
31 787 56 0 
31 625 74 0 
31 393 66 0 
31 110 73 0 
31 63 78 0 
31 35 68 0 
32 377 36 0 
32 300 22 0 
32 248 82 0 
32 244 62 0 
33 633 62 0 
33 506 89 0 
33 459 84 0 
33 442 20 0 
33 157 86 0 
33 54 41 0 
34 617 96 0 
34 528 44 0 
34 457 43 0 
35 838 24 0 
35 682 25 0 
35 602 54 0 
35 496 31 0 
35 338 86 0 
36 981 44 0 
36 672 91 0 
36 657 78 0 
36 511 98 0 
36 249 54 0 
36 241 28 0 
37 940 77 0 
37 863 85 0 
37 552 70 0 
37 289 72 0 
38 933 49 0 
38 888 15 0 
38 816 55 0 
38 813 69 0 
38 789 43 0 
38 567 63 0 
38 384 46 0 
38 293 47 0 
38 137 65 0 
39 763 47 0 
39 716 23 0 
39 590 84 0 
39 550 82 0 
39 444 86 0 
39 390 16 0 
39 298 68 0 
39 265 45 0 
40 927 82 0 
41 922 22 0 
41 919 65 0 
41 691 19 0 
41 661 25 0 
41 574 91 0 
41 372 51 0 
41 97 53 0 
42 940 88 0 
42 787 36 0 
42 406 71 0 
43 946 31 0 
43 648 80 0 
43 620 57 0 
43 350 68 0 
43 264 27 0 
43 76 74 0 
44 479 46 0 
44 431 26 0 
44 392 16 0 
44 77 53 0 
45 662 80 0 
45 641 27 0 
45 533 10 0 
45 395 79 0 
45 69 25 0 
46 939 86 0 
46 494 58 0 
46 213 54 0 
47 962 79 0 
47 845 24 0 
47 820 66 0 
47 546 16 0 
47 464 74 0 
47 368 54 0 
47 316 28 0 
48 640 22 0 
48 519 78 0 
48 368 46 0 
48 144 52 0 
49 959 53 0 
49 826 52 0 
49 733 60 0 
49 168 47 0 
49 74 37 0 
50 571 90 0 
51 111 66 0 
51 95 86 0 
52 902 47 0 
52 473 26 0 
52 110 40 0 
53 866 97 0 
53 758 89 0 
54 652 26 0 
54 534 8 0 
54 511 38 0 
54 300 31 0 
54 252 50 0 
54 242 28 0 
55 826 15 0 
55 609 22 0 
55 568 36 0 
55 369 25 0 
55 203 19 0 
56 994 69 0 
56 749 34 0 
56 722 63 0 
56 489 50 0 
56 281 42 0 
56 175 12 0 
56 150 59 0 
57 614 48 0 
57 613 45 0 
57 376 56 0 
57 317 25 0 
57 202 51 0 
57 161 54 0 
58 860 98 0 
58 434 85 0 
58 302 118 0 
58 128 91 0 
58 64 30 0 
59 456 67 0 
59 455 78 0 
59 211 70 0 
59 79 88 0 
59 72 34 0 
60 945 21 0 
60 818 24 0 
60 419 40 0 
60 396 34 0 
61 785 22 0 
61 528 45 0 
61 354 23 0 
62 911 101 0 
62 748 95 0 
62 548 91 0 
62 529 45 0 
62 336 75 0 
63 845 24 0 
63 417 57 0 
64 872 113 0 
64 740 46 0 
64 610 41 0 
64 540 25 0 
64 286 4 0 
64 245 97 0 
65 920 71 0 
65 876 29 0 
65 830 70 0 
65 818 66 0 
65 561 27 0 
65 348 80 0 
65 253 45 0 
66 780 24 0 
66 756 14 0 
66 624 59 0 
66 622 50 0 
66 307 22 0 
66 303 12 0 
66 159 53 0 
67 832 26 0 
67 688 80 0 
67 595 39 0 
67 545 35 0 
67 308 41 0 
67 189 21 0 
68 852 95 0 
68 538 10 0 
68 348 103 0 
68 344 95 0 
69 956 50 0 
69 906 14 0 
69 289 48 0 
69 112 61 0 
69 81 51 0 
70 660 47 0 
70 642 45 0 
70 503 42 0 
70 276 100 0 
70 218 65 0 
70 217 92 0 
70 104 63 0 
71 614 50 0 
71 576 94 0 
71 572 33 0 
72 845 34 0 
72 698 33 0 
72 605 43 0 
72 373 55 0 
73 462 73 0 
73 223 42 0 
73 220 73 0 
73 75 29 0 
74 891 44 0 
74 728 39 0 
74 650 11 0 
74 549 41 0 
75 741 56 0 
75 247 48 0 
75 181 55 0 
75 132 13 0 
76 913 23 0 
76 900 78 0 
76 881 24 0 
76 763 79 0 
76 712 28 0 
76 704 77 0 
76 401 20 0 
76 292 20 0 
76 174 48 0 
77 993 100 0 
77 720 41 0 
77 467 35 0 
77 306 35 0 
77 257 33 0 
78 652 48 0 
78 559 43 0 
78 553 54 0 
78 494 52 0 
78 313 13 0 
78 193 9 0 
79 962 78 0 
79 882 8 0 
79 245 96 0 
80 565 62 0 
80 559 60 0 
80 468 16 0 
81 975 82 0 
81 359 55 0 
81 192 33 0 
82 428 36 0 
82 379 38 0 
83 785 60 0 
83 577 14 0 
83 464 37 0 
84 979 36 0 
84 893 33 0 
84 461 16 0 
84 184 45 0 
85 985 58 0 
85 835 70 0 
85 823 72 0 
85 656 43 0 
85 642 61 0 
85 595 64 0 
85 384 32 0 
85 298 22 0 
85 281 43 0 
86 216 46 0 
87 891 31 0 
87 748 85 0 
87 627 33 0 
87 489 73 0 
87 413 37 0 
87 171 45 0 
88 414 43 0 
88 362 34 0 
88 245 57 0 
89 985 36 0 
89 984 50 0 
89 559 27 0 
89 453 16 0 
89 326 42 0 
89 225 9 0 
90 597 82 0 
90 342 45 0 
90 269 63 0 
90 197 13 0 
90 116 85 0 
91 755 64 0 
91 744 54 0 
91 584 36 0 
91 566 51 0 
91 545 45 0 
91 158 64 0 
91 114 53 0 
92 983 30 0 
92 648 55 0 
92 521 27 0 
93 985 24 0 
93 909 28 0 
93 265 47 0 
93 247 65 0 
93 220 69 0 
94 931 36 0 
94 885 43 0 
94 814 78 0 
94 361 4 0 
95 641 69 0 
95 488 9 0 
95 319 37 0 
96 655 60 0 
96 216 76 0 
97 850 38 0 
97 508 22 0 
97 498 25 0 
97 480 30 0 
97 108 40 0 
98 501 73 0 
98 197 51 0 
99 866 31 0 
99 665 96 0 
99 556 68 0 
100 917 44 0 
100 891 50 0 
100 374 78 0 
100 356 111 0 
100 251 87 0 
100 241 80 0 
101 854 42 0 
101 836 29 0 
101 797 51 0 
102 872 16 0 
102 760 13 0 
102 585 31 0 
103 755 77 0 
103 695 16 0 
103 658 50 0 
103 556 63 0 
103 190 11 0 
104 897 16 0 
104 827 51 0 
104 728 70 0 
104 727 75 0 
104 363 77 0 
104 165 76 0 
105 947 60 0 
105 703 96 0 
105 280 90 0 
105 242 64 0 
105 204 74 0 
106 804 44 0 
106 363 9 0 
106 166 98 0 
106 120 91 0 
107 884 55 0 
107 831 59 0 
107 821 52 0 
107 656 39 0 
107 590 8 0 
107 171 98 0 
108 521 24 0 
108 438 42 0 
108 390 42 0 
108 244 70 0 
109 645 93 0 
109 535 49 0 
109 463 85 0 
109 183 84 0 
109 165 84 0 
110 903 24 0 
110 893 55 0 
110 884 27 0 
110 811 35 0 
110 751 50 0 
110 334 70 0 
111 434 52 0 
112 883 85 0 
112 877 73 0 
112 870 18 0 
112 621 65 0 
112 419 65 0 
113 888 71 0 
113 654 102 0 
113 150 4 0 
114 533 83 0 
114 355 42 0 
115 499 34 0 
115 492 62 0 
116 881 95 0 
116 667 91 0 
116 662 5 0 
116 597 44 0 
116 595 76 0 
116 524 57 0 
116 341 108 0 
117 694 68 0 
117 192 90 0 
118 618 63 0 
118 567 55 0 
118 137 20 0 
118 120 76 0 
119 952 81 0 
119 769 19 0 
119 587 43 0 
119 431 60 0 
119 348 67 0 
119 266 14 0 
119 249 37 0 
120 728 64 0 
120 672 31 0 
120 559 29 0 
120 530 34 0 
120 377 67 0 
120 368 46 0 
121 702 75 0 
121 393 27 0 
121 308 54 0 
121 130 33 0 
122 829 35 0 
122 462 28 0 
123 924 38 0 
123 747 32 0 
123 586 24 0 
123 416 6 0 
123 228 83 0 
124 932 31 0 
124 928 21 0 
124 387 112 0 
124 383 76 0 
124 314 94 0 
125 977 4 0 
125 953 51 0 
125 859 65 0 
125 735 67 0 
125 602 116 0 
125 594 64 0 
125 497 108 0 
125 310 74 0 
125 209 6 0 
126 770 13 0 
126 445 11 0 
126 163 96 0 
127 836 21 0 
127 751 45 0 
127 733 47 0 
127 384 15 0 
127 322 26 0 
127 252 38 0 
127 194 28 0 
128 732 97 0 
128 410 82 0 
128 196 89 0 
129 912 29 0 
129 894 44 0 
129 307 57 0 
129 213 28 0 
130 388 85 0 
131 905 59 0 
131 857 43 0 
131 555 80 0 
131 506 66 0 
131 141 36 0 
132 952 69 0 
132 854 69 0 
132 773 42 0 
132 632 26 0 
132 265 24 0 
132 197 79 0 
133 891 53 0 
133 667 11 0 
133 566 76 0 
133 270 18 0 
133 257 29 0 
134 910 64 0 
134 138 88 0 
135 943 49 0 
135 924 63 0 
135 911 60 0 
135 783 62 0 
135 771 24 0 
135 634 55 0 
136 498 25 0 
136 363 73 0 
136 358 83 0 
136 251 20 0 
137 939 33 0 
137 910 50 0 
137 587 57 0 
137 355 28 0 
137 257 19 0 
138 691 96 0 
138 620 57 0 
138 594 52 0 
138 412 108 0 
138 199 71 0 
139 867 60 0 
139 378 85 0 
139 189 56 0 
140 326 20 0 
141 959 22 0 
141 923 88 0 
141 739 76 0 
141 544 28 0 
141 393 78 0 
141 313 77 0 
142 917 84 0 
142 284 62 0 
143 886 20 0 
143 807 67 0 
143 706 55 0 
143 563 40 0 
143 446 19 0 
143 272 40 0 
144 925 23 0 
144 667 20 0 
144 550 49 0 
144 221 19 0 
144 152 43 0 
145 880 66 0 
145 188 59 0 
146 971 68 0 
146 684 63 0 
146 603 79 0 
146 264 94 0 
147 988 59 0 
147 390 54 0 
147 322 73 0 
147 288 58 0 
148 807 45 0 
148 804 27 0 
148 542 67 0 
148 490 25 0 
148 344 43 0 
149 927 72 0 
149 898 83 0 
149 798 35 0 
149 791 84 0 
149 663 55 0 
149 636 71 0 
149 373 63 0 
150 719 29 0 
150 520 20 0 
151 909 97 0 
151 822 39 0 
151 624 64 0 
151 496 34 0 
152 676 48 0 
152 577 45 0 
152 250 68 0 
152 189 54 0 
153 852 71 0 
153 649 80 0 
154 910 58 0 
154 832 38 0 
154 609 20 0 
154 608 28 0 
154 583 31 0 
154 358 52 0 
155 568 52 0 
155 410 7 0 
155 381 54 0 
155 314 67 0 
155 191 103 0 
156 858 66 0 
156 782 78 0 
156 222 88 0 
156 158 38 0 
157 927 24 0 
157 873 10 0 
157 471 46 0 
158 478 45 0 
159 514 28 0 
159 404 22 0 
159 273 57 0 
159 242 21 0 
159 166 35 0 
160 861 62 0 
160 593 47 0 
160 407 31 0 
160 371 33 0 
160 266 66 0 
160 200 75 0 
160 183 73 0 
160 164 28 0 
161 843 39 0 
161 661 29 0 
161 443 7 0 
161 406 27 0 
161 227 67 0 
162 434 61 0 
163 957 80 0 
163 515 49 0 
163 408 68 0 
163 406 66 0 
163 365 78 0 
163 348 32 0 
163 175 40 0 
164 614 23 0 
164 455 67 0 
164 220 71 0 
165 928 56 0 
165 724 48 0 
165 640 15 0 
165 583 58 0 
166 954 94 0 
166 935 81 0 
166 845 39 0 
166 689 4 0 
166 614 47 0 
166 347 73 0 
166 237 41 0 
167 960 83 0 
167 793 57 0 
167 782 34 0 
167 723 70 0 
167 700 88 0 
167 506 78 0 
167 265 62 0 
168 890 26 0 
168 766 38 0 
168 506 56 0 
168 444 64 0 
168 354 55 0 
169 865 21 0 
169 615 49 0 
169 462 78 0 
169 258 33 0 
169 184 85 0 
170 828 33 0 
170 810 65 0 
170 266 38 0 
170 213 65 0 
171 767 94 0 
171 679 97 0 
171 541 113 0 
171 295 111 0 
171 217 104 0 
172 904 66 0 
172 526 66 0 
172 330 91 0 
172 298 38 0 
172 281 21 0 
172 195 21 0 
173 858 4 0 
173 726 24 0 
173 593 25 0 
173 505 74 0 
173 394 28 0 
173 369 23 0 
173 352 27 0 
174 697 37 0 
174 668 62 0 
174 614 15 0 
174 405 55 0 
174 245 28 0 
174 238 34 0 
174 212 42 0 
175 948 44 0 
175 914 20 0 
175 860 47 0 
175 573 62 0 
175 480 43 0 
175 351 62 0 
176 792 47 0 
176 721 24 0 
176 562 61 0 
176 527 85 0 
176 402 42 0 
177 977 12 0 
177 809 36 0 
177 807 54 0 
177 707 56 0 
177 548 77 0 
178 683 61 0 
179 797 104 0 
179 749 44 0 
180 980 12 0 
180 969 80 0 
180 905 20 0 
180 867 81 0 
180 741 51 0 
180 687 7 0 
180 430 83 0 
181 919 40 0 
181 917 67 0 
181 855 46 0 
181 826 54 0 
181 706 88 0 
181 587 41 0 
182 969 51 0 
182 523 40 0 
182 434 49 0 
183 990 14 0 
183 611 72 0 
183 534 55 0 
183 235 8 0 
184 867 104 0 
184 554 84 0 
184 501 114 0 
185 660 41 0 
185 595 18 0 
185 391 21 0 
186 270 42 0 
186 229 71 0 
187 523 72 0 
188 510 74 0 
189 690 25 0 
190 874 11 0 
190 287 60 0 
191 886 78 0 
191 850 46 0 
191 740 70 0 
191 728 76 0 
191 254 85 0 
192 689 96 0 
192 505 72 0 
192 392 69 0 
193 786 62 0 
193 590 48 0 
193 531 43 0 
193 416 73 0 
194 855 75 0 
194 687 62 0 
194 441 21 0 
194 359 65 0 
194 248 49 0 
195 825 73 0 
195 465 39 0 
196 993 104 0 
197 983 73 0 
197 696 42 0 
197 536 55 0 
197 479 91 0 
198 805 71 0 
198 599 6 0 
198 409 19 0 
199 889 72 0 
199 395 81 0 
199 354 63 0 
199 290 42 0 
199 220 66 0 
200 493 21 0 
201 976 34 0 
201 886 28 0 
201 881 76 0 
201 354 89 0 
201 241 91 0 
202 600 48 0 
202 536 50 0 
202 519 51 0 
202 305 77 0 
203 746 41 0 
203 646 57 0 
203 532 54 0 
203 506 48 0 
204 609 32 0 
205 939 26 0 
205 781 18 0 
205 467 59 0 
205 455 60 0 
206 761 79 0 
206 665 81 0 
206 395 87 0 
207 948 58 0 
207 535 72 0 
207 525 58 0 
207 413 101 0 
208 301 68 0 
209 941 56 0 
209 723 111 0 
209 578 41 0 
209 239 38 0 
209 221 24 0 
210 944 7 0 
210 790 29 0 
210 664 16 0 
210 489 91 0 
210 437 90 0 
210 270 56 0 
211 954 53 0 
211 845 4 0 
211 833 71 0 
211 771 26 0 
211 457 37 0 
211 338 34 0 
211 251 44 0 
212 762 69 0 
212 700 44 0 
212 352 4 0 
212 281 20 0 
212 251 24 0 
213 901 45 0 
213 834 52 0 
213 470 40 0 
214 887 23 0 
214 832 86 0 
214 801 63 0 
215 992 40 0 
215 802 45 0 
215 472 55 0 
216 895 14 0 
216 736 31 0 
216 689 42 0 
216 539 67 0 
216 372 56 0 
217 836 44 0 
217 822 21 0 
217 675 64 0 
217 476 32 0 
217 277 31 0 
218 819 25 0 
218 758 68 0 
218 683 48 0 
218 517 12 0 
218 356 85 0 
219 982 56 0 
219 900 46 0 
219 773 19 0 
219 681 64 0 
219 649 42 0 
219 560 18 0 
219 380 71 0 
220 810 73 0 
220 782 38 0 
220 757 106 0 
221 318 2 0 
222 771 35 0 
222 643 64 0 
223 732 46 0 
223 729 22 0 
223 691 72 0 
223 651 24 0 
223 530 24 0 
223 365 37 0 
223 342 59 0 
223 227 94 0 
224 493 65 0 
224 357 28 0 
225 836 18 0 
225 363 73 0 
226 565 56 0 
226 304 51 0 
227 346 18 0 
227 324 58 0 
228 947 4 0 
228 640 76 0 
228 397 59 0 
229 990 34 0 
229 769 54 0 
229 664 90 0 
229 598 41 0 
230 857 76 0 
230 766 60 0 
230 572 38 0 
230 570 36 0 
230 468 13 0 
230 314 54 0 
231 809 77 0 
231 732 115 0 
231 619 36 0 
231 610 60 0 
231 559 60 0 
231 465 70 0 
231 460 102 0 
232 879 40 0 
232 434 43 0 
233 905 31 0 
233 803 12 0 
233 516 28 0 
233 312 48 0 
233 259 44 0 
234 908 50 0 
234 767 60 0 
234 728 71 0 
234 678 65 0 
235 829 44 0 
235 765 80 0 
235 754 31 0 
235 690 58 0 
235 496 48 0 
235 404 52 0 
236 866 115 0 
236 803 49 0 
236 511 77 0 
236 280 97 0 
237 485 56 0 
237 258 78 0 
238 988 48 0 
238 818 14 0 
238 469 59 0 
238 313 35 0 
238 262 37 0 
239 782 18 0 
239 478 89 0 
240 867 33 0 
240 759 33 0 
240 518 43 0 
240 394 66 0 
240 342 38 0 
241 602 99 0 
241 415 94 0 
242 500 21 0 
242 466 50 0 
242 392 31 0 
243 926 59 0 
243 881 78 0 
243 808 29 0 
243 749 58 0 
243 520 69 0 
243 468 35 0 
243 397 70 0 
243 248 13 0 
244 993 65 0 
244 716 29 0 
244 533 38 0 
245 986 38 0 
245 819 80 0 
245 737 108 0 
245 548 50 0 
245 425 61 0 
246 850 47 0 
246 847 9 0 
246 800 40 0 
246 620 56 0 
246 609 36 0 
246 607 26 0 
246 451 59 0 
247 877 24 0 
247 851 40 0 
247 617 52 0 
248 961 28 0 
248 777 40 0 
248 562 72 0 
248 439 67 0 
248 286 74 0 
249 997 71 0 
249 816 36 0 
249 780 68 0 
249 777 65 0 
249 541 62 0 
249 532 82 0 
249 437 67 0 
249 361 45 0 
250 831 87 0 
250 640 49 0 
250 367 69 0 
251 541 22 0 
252 788 5 0 
252 659 29 0 
253 604 25 0 
254 883 22 0 
254 654 25 0 
254 354 92 0 
255 731 60 0 
255 574 34 0 
255 413 49 0 
256 849 49 0 
256 650 11 0 
256 603 38 0 
256 377 64 0 
256 268 50 0 
257 969 26 0 
257 945 58 0 
257 891 30 0 
257 890 26 0 
257 713 46 0 
257 588 37 0 
257 374 28 0 
258 897 99 0 
258 768 44 0 
258 582 100 0 
258 559 95 0 
258 419 75 0 
258 393 97 0 
258 375 85 0 
258 333 80 0 
259 989 13 0 
259 929 76 0 
259 835 84 0 
259 744 63 0 
259 731 51 0 
259 695 37 0 
259 484 51 0 
260 981 70 0 
260 968 55 0 
260 632 72 0 
260 519 52 0 
260 396 4 0 
261 978 22 0 
261 957 28 0 
261 847 61 0 
261 811 39 0 
261 699 44 0 
261 384 43 0 
262 930 66 0 
262 498 64 0 
263 835 27 0 
263 799 62 0 
263 777 39 0 
263 532 43 0 
263 469 38 0 
263 354 51 0 
263 316 72 0 
264 743 44 0 
265 881 60 0 
265 354 49 0 
266 909 56 0 
266 638 30 0 
266 459 52 0 
266 419 18 0 
267 867 68 0 
268 508 56 0 
269 920 53 0 
269 741 28 0 
269 321 55 0 
269 284 16 0 
270 998 23 0 
270 680 46 0 
270 542 50 0 
271 890 54 0 
271 882 11 0 
271 568 26 0 
272 534 29 0 
272 533 86 0 
272 504 48 0 
272 393 13 0 
273 974 104 0 
273 973 96 0 
273 827 83 0 
273 799 19 0 
273 509 24 0 
273 277 17 0 
274 920 73 0 
274 405 25 0 
275 792 24 0 
275 776 58 0 
275 695 9 0 
275 653 77 0 
275 569 40 0 
275 453 7 0 
276 780 78 0 
276 709 75 0 
276 707 98 0 
276 645 54 0 
277 971 21 0 
277 832 95 0 
277 505 77 0 
278 872 85 0 
278 832 55 0 
278 813 53 0 
278 635 8 0 
278 546 42 0 
278 489 68 0 
280 993 85 0 
280 851 86 0 
280 725 77 0 
280 692 41 0 
280 341 80 0 
281 708 14 0 
281 556 55 0 
281 514 31 0 
281 425 50 0 
282 845 74 0 
282 766 21 0 
282 740 74 0 
282 678 56 0 
282 545 103 0 
282 513 54 0 
282 499 56 0 
282 435 9 0 
282 426 70 0 
282 319 103 0 
283 768 51 0 
283 647 73 0 
283 613 3 0 
283 602 93 0 
283 568 57 0 
283 527 78 0 
284 968 97 0 
284 490 18 0 
284 488 72 0 
284 321 71 0 
285 487 93 0 
285 319 94 0 
285 288 79 0 
286 765 95 0 
286 679 28 0 
286 629 18 0 
286 567 39 0 
286 387 67 0 
286 318 66 0 
287 936 56 0 
287 935 53 0 
287 822 14 0 
287 382 56 0 
287 361 66 0 
288 844 67 0 
288 489 66 0 
289 972 2 0 
289 938 78 0 
289 800 15 0 
289 768 64 0 
290 939 62 0 
290 822 31 0 
290 670 27 0 
290 476 3 0 
291 938 49 0 
291 877 40 0 
291 815 27 0 
291 542 24 0 
292 920 11 0 
292 843 74 0 
292 475 71 0 
293 756 24 0 
293 376 43 0 
293 326 57 0 
294 937 65 0 
294 848 49 0 
294 692 42 0 
295 935 81 0 
295 696 36 0 
295 433 60 0 
295 360 32 0 
296 874 83 0 
296 815 70 0 
296 711 46 0 
296 331 72 0 
297 796 47 0 
298 723 34 0 
298 563 17 0 
298 385 26 0 
299 568 10 0 
300 862 64 0 
300 858 34 0 
300 832 86 0 
300 804 49 0 
300 736 58 0 
300 397 34 0 
301 959 75 0 
301 924 108 0 
301 829 66 0 
301 649 21 0 
302 865 50 0 
302 441 32 0 
303 603 75 0 
303 455 71 0 
303 310 43 0 
304 891 70 0 
304 882 49 0 
304 481 28 0 
304 473 37 0 
305 973 33 0 
305 935 55 0 
305 810 27 0 
305 544 86 0 
305 473 64 0 
306 821 73 0 
306 718 38 0 
306 451 71 0 
306 389 95 0 
307 957 64 0 
307 886 82 0 
307 752 9 0 
307 734 71 0 
308 709 37 0 
309 961 25 0 
309 943 46 0 
309 894 37 0 
309 449 75 0 
310 980 34 0 
310 912 18 0 
310 871 12 0 
310 591 61 0 
311 774 29 0 
311 635 51 0 
312 802 55 0 
312 739 81 0 
312 542 54 0 
313 632 71 0 
313 533 67 0 
313 361 21 0 
314 439 34 0 
314 383 20 0 
314 323 22 0 
315 958 64 0 
315 890 25 0 
315 383 23 0 
316 828 69 0 
316 801 38 0 
316 775 109 0 
316 522 31 0 
316 462 4 0 
316 453 50 0 
316 324 61 0 
316 323 91 0 
317 888 60 0 
317 656 69 0 
317 386 43 0 
318 892 43 0 
318 859 38 0 
318 717 21 0 
318 716 44 0 
318 557 62 0 
318 457 27 0 
318 427 39 0 
319 942 61 0 
319 853 98 0 
319 474 40 0 
319 449 86 0 
319 444 86 0 
319 322 72 0 
320 652 9 0 
321 873 70 0 
321 813 42 0 
321 699 29 0 
322 915 34 0 
322 798 20 0 
322 795 13 0 
322 605 49 0 
322 558 50 0 
322 490 51 0 
323 509 85 0 
324 916 51 0 
324 824 65 0 
324 760 45 0 
324 344 50 0 
325 945 103 0 
325 920 72 0 
325 903 104 0 
325 459 29 0 
326 844 7 0 
326 395 13 0 
326 390 66 0 
327 969 46 0 
327 869 69 0 
327 849 47 0 
327 547 46 0 
328 975 51 0 
328 746 41 0 
328 526 52 0 
329 907 47 0 
329 793 60 0 
330 863 92 0 
330 802 97 0 
330 784 80 0 
330 694 36 0 
330 677 96 0 
331 949 88 0 
331 856 20 0 
331 523 49 0 
331 479 46 0 
331 449 68 0 
332 719 72 0 
332 610 18 0 
332 450 35 0 
333 999 39 0 
333 975 48 0 
333 732 48 0 
333 705 35 0 
333 598 17 0 
333 527 43 0 
334 855 43 0 
334 407 98 0 
334 400 53 0 
335 898 61 0 
335 822 75 0 
335 461 51 0 
335 349 20 0 
336 830 71 0 
336 780 55 0 
336 775 75 0 
336 718 60 0 
336 480 20 0 
336 464 51 0 
337 648 81 0 
337 554 17 0 
338 901 80 0 
338 870 102 0 
338 861 55 0 
338 671 81 0 
338 398 69 0 
339 748 114 0 
339 579 73 0 
339 409 76 0 
340 928 25 0 
340 868 74 0 
340 841 69 0 
340 592 67 0 
341 892 33 0 
341 870 53 0 
341 460 12 0 
341 432 64 0 
342 998 55 0 
342 834 25 0 
342 738 26 0 
343 973 25 0 
343 571 75 0 
343 546 58 0 
343 388 45 0 
344 947 48 0 
344 867 84 0 
344 602 89 0 
345 902 70 0 
345 838 84 0 
346 829 43 0 
346 570 68 0 
346 518 39 0 
346 515 70 0 
346 484 41 0 
346 445 16 0 
347 983 67 0 
347 982 22 0 
347 920 41 0 
347 708 48 0 
347 636 64 0 
347 567 33 0 
348 807 67 0 
348 611 62 0 
349 931 36 0 
349 911 74 0 
350 975 19 0 
351 933 25 0 
351 892 64 0 
351 762 60 0 
351 676 93 0 
352 891 69 0 
352 507 81 0 
353 967 24 0 
353 893 28 0 
354 835 27 0 
354 776 10 0 
354 699 92 0 
354 682 62 0 
354 499 41 0 
354 435 90 0 
354 359 103 0 
355 892 64 0 
355 784 98 0 
355 670 22 0 
355 378 75 0 
355 373 6 0 
356 926 93 0 
356 743 73 0 
357 605 86 0 
357 568 72 0 
357 516 83 0 
358 907 51 0 
358 891 19 0 
358 877 90 0 
358 869 11 0 
358 811 66 0 
358 498 105 0 
358 458 33 0 
359 973 79 0 
359 459 78 0 
359 409 82 0 
360 904 52 0 
360 835 62 0 
360 763 73 0 
360 575 19 0 
360 572 10 0 
361 850 76 0 
361 614 47 0 
361 462 33 0 
361 435 41 0 
362 839 93 0 
362 716 92 0 
363 712 77 0 
363 533 25 0 
364 933 70 0 
364 586 60 0 
365 794 70 0 
365 721 25 0 
366 950 39 0 
366 944 82 0 
366 645 26 0 
366 623 50 0 
366 513 34 0 
366 479 50 0 
366 466 10 0 
368 954 47 0 
368 822 40 0 
369 514 22 0 
369 437 58 0 
370 548 80 0 
371 973 40 0 
371 424 5 0 
372 974 77 0 
372 860 54 0 
372 604 31 0 
372 569 77 0 
372 526 63 0 
372 385 37 0 
373 964 62 0 
373 910 46 0 
373 849 86 0 
374 570 53 0 
374 558 58 0 
374 487 74 0 
375 745 97 0 
376 930 74 0 
376 791 31 0 
377 599 9 0 
377 562 70 0 
379 920 50 0 
379 499 33 0 
380 876 78 0 
380 813 62 0 
380 675 55 0 
381 954 42 0 
381 615 11 0 
381 611 54 0 
381 561 76 0 
381 515 15 0 
382 851 55 0 
383 527 72 0 
384 984 40 0 
384 824 50 0 
384 713 51 0 
385 983 73 0 
385 922 61 0 
385 884 13 0 
385 553 88 0 
385 420 63 0 
385 391 77 0 
386 990 36 0 
386 827 39 0 
386 659 28 0 
386 549 8 0 
386 452 54 0 
386 391 82 0 
387 621 57 0 
388 956 80 0 
388 953 87 0 
388 839 45 0 
389 849 47 0 
389 757 110 0 
389 680 68 0 
390 705 76 0 
390 574 86 0 
391 975 31 0 
391 943 69 0 
391 712 75 0 
391 491 3 0 
392 892 74 0 
392 775 75 0 
392 581 56 0 
392 517 15 0 
392 429 31 0 
393 688 69 0 
394 849 21 0 
394 808 55 0 
394 599 16 0 
394 533 29 0 
395 834 35 0 
395 705 74 0 
395 700 99 0 
396 968 53 0 
396 946 71 0 
396 793 53 0 
396 620 53 0 
397 432 43 0 
398 749 48 0 
398 585 69 0 
398 410 65 0 
399 880 34 0 
399 796 64 0 
400 739 21 0 
400 702 113 0 
400 663 85 0 
401 708 31 0 
401 707 90 0 
401 682 70 0 
402 750 52 0 
402 605 30 0 
403 959 61 0 
403 876 87 0 
403 851 47 0 
403 561 99 0 
404 986 29 0 
404 973 61 0 
404 893 39 0 
404 865 57 0 
404 834 37 0 
404 717 46 0 
404 653 77 0 
404 559 30 0 
404 501 84 0 
405 780 99 0 
405 727 80 0 
405 665 110 0 
405 441 98 0 
406 588 69 0 
406 542 52 0 
407 881 93 0 
407 489 109 0 
407 457 57 0 
408 995 68 0 
408 768 21 0 
408 543 37 0 
408 541 64 0 
408 439 27 0 
409 958 11 0 
409 882 91 0 
409 837 81 0 
409 612 36 0 
409 437 72 0 
410 570 19 0 
411 688 67 0 
411 416 72 0 
412 945 87 0 
412 778 73 0 
412 719 40 0 
414 964 42 0 
414 954 42 0 
414 861 66 0 
414 500 17 0 
414 422 47 0 
415 739 24 0 
415 515 52 0 
416 984 40 0 
417 947 25 0 
417 495 35 0 
418 879 25 0 
419 928 62 0 
419 763 69 0 
419 685 17 0 
419 582 26 0 
419 520 77 0 
420 845 67 0 
420 655 44 0 
420 539 75 0 
421 790 19 0 
421 772 33 0 
422 845 72 0 
422 809 33 0 
422 781 40 0 
424 719 28 0 
424 714 52 0 
424 624 77 0 
424 529 61 0 
425 465 26 0 
426 798 47 0 
427 975 63 0 
427 849 32 0 
427 700 68 0 
427 509 22 0 
427 456 50 0 
428 485 17 0 
429 718 52 0 
430 979 30 0 
430 829 49 0 
431 754 33 0 
432 987 43 0 
432 928 82 0 
432 650 50 0 
433 803 24 0 
434 873 28 0 
434 856 72 0 
434 584 64 0 
435 744 58 0 
435 731 83 0 
436 950 16 0 
436 736 79 0 
437 536 39 0 
438 672 29 0 
438 495 46 0 
439 704 26 0 
439 683 42 0 
439 622 44 0 
439 591 46 0 
439 501 19 0 
440 815 85 0 
440 738 89 0 
440 717 28 0 
440 681 85 0 
440 677 101 0 
440 460 35 0 
441 660 94 0 
441 484 54 0 
442 726 43 0 
442 447 25 0 
443 785 50 0 
443 661 26 0 
444 982 61 0 
444 551 56 0 
444 514 74 0 
445 845 71 0 
445 564 54 0 
446 888 69 0 
446 781 65 0 
446 713 54 0 
448 890 91 0 
448 726 28 0 
448 561 89 0 
449 961 50 0 
449 796 94 0 
449 617 25 0 
450 963 54 0 
450 935 51 0 
450 893 53 0 
450 730 61 0 
450 693 39 0 
450 485 46 0 
451 584 65 0 
452 991 28 0 
452 631 72 0 
452 602 77 0 
453 847 51 0 
453 736 26 0 
454 937 43 0 
454 767 41 0 
454 656 27 0 
454 583 34 0 
455 985 61 0 
455 948 60 0 
455 788 46 0 
455 729 27 0 
456 526 53 0 
457 857 66 0 
457 838 53 0 
457 780 44 0 
457 545 56 0 
457 544 44 0 
457 472 50 0 
458 969 11 0 
458 777 81 0 
459 980 58 0 
459 742 11 0 
459 715 36 0 
460 569 30 0 
461 997 17 0 
461 608 14 0 
461 565 27 0 
462 884 88 0 
462 836 38 0 
462 835 94 0 
463 951 81 0 
463 937 89 0 
463 492 79 0 
464 570 28 0 
465 665 55 0 
465 571 64 0 
465 557 68 0 
465 538 50 0 
466 850 37 0 
466 673 80 0 
467 620 13 0 
467 479 70 0 
468 980 44 0 
468 936 59 0 
468 743 13 0 
469 687 83 0 
469 558 54 0 
470 868 62 0 
470 827 27 0 
470 800 52 0 
470 762 37 0 
471 971 44 0 
471 966 38 0 
472 904 86 0 
472 752 102 0 
472 665 63 0 
472 486 42 0 
473 752 61 0 
473 612 53 0 
474 771 21 0 
474 568 24 0 
474 532 42 0 
475 796 30 0 
476 649 35 0 
477 526 75 0 
478 973 28 0 
478 513 69 0 
479 806 31 0 
480 764 20 0 
480 575 30 0 
481 738 16 0 
482 903 68 0 
482 808 48 0 
482 486 49 0 
483 559 37 0 
483 497 68 0 
484 530 11 0 
485 754 40 0 
485 650 37 0 
486 933 19 0 
486 907 13 0 
486 874 26 0 
486 830 55 0 
486 754 18 0 
487 571 80 0 
487 557 88 0 
488 864 35 0 
488 842 55 0 
488 649 37 0 
489 929 68 0 
489 842 57 0 
489 830 82 0 
490 832 86 0 
490 651 42 0 
491 684 58 0 
491 682 84 0 
491 533 16 0 
492 967 19 0 
492 680 35 0 
492 514 41 0 
493 811 31 0 
493 725 29 0 
493 506 46 0 
495 972 40 0 
496 980 40 0 
496 718 37 0 
496 620 25 0 
497 949 88 0 
497 851 42 0 
497 751 59 0 
497 686 83 0 
498 771 52 0 
498 675 79 0 
498 641 56 0 
499 922 26 0 
499 815 53 0 
499 755 46 0 
499 711 42 0 
499 565 55 0 
500 875 33 0 
500 793 12 0 
500 781 20 0 
501 833 3 0 
501 556 19 0 
502 992 67 0 
502 804 70 0 
502 516 14 0 
503 942 52 0 
503 648 17 0 
503 591 25 0 
505 604 54 0 
506 950 10 0 
506 854 76 0 
507 727 66 0 
507 510 19 0 
508 927 41 0 
508 690 63 0 
508 557 43 0 
509 778 30 0 
510 998 84 0 
510 844 10 0 
510 839 85 0 
510 794 42 0 
511 793 61 0 
511 606 43 0 
512 865 25 0 
512 830 34 0 
512 715 20 0 
513 790 43 0 
513 772 49 0 
513 733 46 0 
513 701 32 0 
513 678 24 0 
513 630 18 0 
514 543 48 0 
515 953 49 0 
515 696 24 0 
515 650 17 0 
515 629 45 0 
516 988 75 0 
516 967 87 0 
516 746 81 0 
516 620 57 0 
516 543 25 0 
517 975 80 0 
517 834 4 0 
517 725 29 0 
518 929 73 0 
518 914 66 0 
519 890 65 0 
520 924 12 0 
520 770 17 0 
521 663 65 0 
521 528 33 0 
522 646 70 0 
522 600 46 0 
523 933 73 0 
523 872 49 0 
523 648 92 0 
524 709 42 0 
524 556 46 0 
525 936 21 0 
525 841 48 0 
525 574 39 0 
525 560 29 0 
526 998 70 0 
526 817 48 0 
527 852 28 0 
527 807 79 0 
528 898 54 0 
528 859 23 0 
528 784 68 0 
529 840 40 0 
529 672 69 0 
530 844 64 0 
530 563 28 0 
531 805 83 0 
531 735 59 0 
532 714 37 0 
532 652 25 0 
533 815 75 0 
533 741 54 0 
534 800 33 0 
534 679 5 0 
535 788 85 0 
535 751 20 0 
535 706 94 0 
536 930 47 0 
536 850 30 0 
536 733 12 0 
537 997 78 0 
537 994 12 0 
537 916 28 0 
537 815 80 0 
537 783 37 0 
537 691 37 0 
537 633 28 0 
537 613 9 0 
539 955 87 0 
539 814 69 0 
540 729 12 0 
541 858 43 0 
541 824 20 0 
541 707 91 0 
541 690 95 0 
542 756 41 0 
543 734 58 0 
544 897 83 0 
544 596 28 0 
545 766 95 0 
545 745 51 0 
545 732 100 0 
546 985 63 0 
546 918 48 0 
546 879 53 0 
546 828 35 0 
546 682 55 0 
547 931 62 0 
547 734 54 0 
547 589 41 0 
548 965 80 0 
548 827 37 0 
548 775 8 0 
548 762 99 0 
548 595 32 0 
548 562 94 0 
549 950 27 0 
549 900 49 0 
549 725 37 0 
550 961 5 0 
550 938 74 0 
550 933 41 0 
550 774 22 0 
551 985 28 0 
551 817 19 0 
551 720 24 0 
551 702 59 0 
551 677 99 0 
551 611 27 0 
551 606 25 0 
552 626 27 0 
553 993 114 0 
553 560 34 0 
554 974 76 0 
554 876 57 0 
554 858 57 0 
555 861 81 0 
555 769 84 0 
555 690 66 0 
555 597 54 0 
556 808 48 0 
557 792 34 0 
560 929 84 0 
560 891 62 0 
561 916 6 0 
561 874 64 0 
561 863 79 0 
561 846 73 0 
561 619 67 0 
563 825 42 0 
563 792 27 0 
563 601 22 0 
563 570 32 0 
564 788 27 0 
564 635 38 0 
565 836 12 0 
565 813 65 0 
565 732 49 0 
566 909 105 0 
566 739 52 0 
567 786 58 0 
567 668 32 0 
567 610 2 0 
568 758 68 0 
568 573 56 0 
569 746 23 0 
569 734 89 0 
570 972 33 0 
570 824 48 0 
570 688 42 0 
571 891 92 0 
571 874 34 0 
573 836 24 0 
574 971 31 0 
574 962 89 0 
574 929 79 0 
575 689 38 0 
576 584 14 0 
577 863 54 0 
577 671 30 0 
578 687 74 0 
579 644 30 0 
580 609 10 0 
581 805 28 0 
582 890 81 0 
582 836 27 0 
582 728 71 0 
583 984 7 0 
583 896 61 0 
583 620 18 0 
584 634 35 0 
585 975 25 0 
585 866 12 0 
585 744 39 0 
587 738 5 0 
588 895 75 0 
588 678 74 0 
588 638 51 0 
588 631 49 0 
588 599 70 0 
589 960 63 0 
589 767 48 0 
591 604 52 0 
592 951 43 0 
592 816 74 0 
593 920 16 0 
593 807 40 0 
594 945 46 0 
594 921 42 0 
594 881 46 0 
594 671 49 0 
594 646 56 0 
595 986 28 0 
595 983 26 0 
595 624 37 0 
595 618 50 0 
596 772 22 0 
596 608 51 0 
597 788 15 0 
597 666 61 0 
598 823 31 0 
602 608 48 0 
603 879 55 0 
605 620 56 0 
606 624 23 0 
607 947 14 0 
607 934 79 0 
607 859 62 0 
607 735 20 0 
608 913 44 0 
608 682 46 0 
608 643 47 0 
609 761 16 0 
609 648 40 0 
611 926 39 0 
611 846 8 0 
611 782 16 0 
611 685 38 0 
612 633 17 0 
614 960 55 0 
614 691 41 0 
614 685 17 0 
614 637 45 0 
615 873 77 0 
615 859 43 0 
615 748 54 0 
616 909 26 0 
616 845 62 0 
617 935 86 0 
617 851 83 0 
617 757 112 0 
617 746 67 0 
617 698 52 0 
618 961 69 0 
618 924 75 0 
618 863 65 0 
619 830 90 0 
619 772 47 0 
619 699 27 0 
620 979 14 0 
620 754 33 0 
621 987 54 0 
621 872 78 0 
621 751 23 0 
621 743 18 0 
622 928 73 0 
622 800 71 0 
623 833 96 0 
623 642 45 0 
624 820 22 0 
624 781 39 0 
625 664 46 0 
627 766 53 0 
628 768 24 0 
629 915 57 0 
629 866 78 0 
629 824 23 0 
629 660 72 0 
630 652 36 0 
631 679 52 0 
632 976 21 0 
632 836 53 0 
632 779 49 0 
633 739 69 0 
633 638 50 0 
634 806 42 0 
634 789 48 0 
634 731 30 0 
634 647 27 0 
635 714 43 0 
636 899 33 0 
636 856 91 0 
636 691 36 0 
637 992 46 0 
638 925 58 0 
638 924 73 0 
638 887 20 0 
638 841 61 0 
638 685 17 0 
639 833 72 0 
639 735 7 0 
640 754 50 0 
641 958 23 0 
641 929 88 0 
641 917 51 0 
641 890 55 0 
642 708 32 0 
643 745 5 0 
643 699 52 0 
643 655 30 0 
645 856 17 0 
646 986 72 0 
646 981 18 0 
646 892 93 0 
646 692 76 0 
647 917 84 0 
647 726 37 0 
648 921 78 0 
650 696 22 0 
651 994 34 0 
651 808 34 0 
651 750 48 0 
651 668 42 0 
652 853 72 0 
652 773 21 0 
652 722 76 0 
653 699 10 0 
654 884 73 0 
654 795 21 0 
655 999 16 0 
655 988 42 0 
655 738 42 0 
656 956 52 0 
656 875 80 0 
656 862 55 0 
657 984 74 0 
657 864 45 0 
657 861 63 0 
657 817 78 0 
658 919 40 0 
659 947 68 0 
659 814 81 0 
659 764 100 0 
660 783 51 0 
660 776 84 0 
660 739 93 0 
660 731 86 0 
660 714 83 0 
660 667 28 0 
662 999 61 0 
662 882 24 0 
662 797 78 0 
663 754 47 0 
664 890 27 0 
665 968 10 0 
665 834 32 0 
666 950 97 0 
666 704 18 0 
667 893 12 0 
667 863 66 0 
667 800 60 0 
667 698 53 0 
668 981 80 0 
669 807 41 0 
670 919 90 0 
670 914 43 0 
670 827 24 0 
670 735 44 0 
670 726 64 0 
670 687 53 0 
670 684 20 0 
671 788 79 0 
672 914 30 0 
673 835 34 0 
673 686 52 0 
674 848 23 0 
674 726 30 0 
675 847 74 0 
677 964 98 0 
678 979 40 0 
678 950 86 0 
678 715 17 0 
679 877 57 0 
679 787 4 0 
680 979 40 0 
680 914 59 0 
681 902 35 0 
682 915 78 0 
682 793 16 0 
684 887 44 0 
685 963 36 0 
686 890 23 0 
686 865 46 0 
687 903 46 0 
687 881 41 0 
687 806 41 0 
687 711 63 0 
688 817 8 0 
689 746 63 0 
690 991 42 0 
690 988 62 0 
691 971 82 0 
693 917 25 0 
694 947 72 0 
695 800 53 0 
695 697 40 0 
696 713 37 0 
697 780 30 0 
697 754 19 0 
698 950 45 0 
698 757 76 0 
699 785 59 0 
699 727 82 0 
701 917 37 0 
701 773 27 0 
702 873 32 0 
702 782 69 0 
703 716 10 0 
704 975 57 0 
705 831 87 0 
706 945 25 0 
707 972 89 0 
707 963 31 0 
707 716 4 0 
708 928 63 0 
709 982 76 0 
709 744 39 0 
711 996 57 0 
714 909 87 0 
714 846 66 0 
715 840 42 0 
717 806 51 0 
718 822 85 0 
718 760 26 0 
719 848 45 0 
719 809 51 0 
720 846 38 0 
722 951 56 0 
723 730 89 0 
724 836 69 0 
726 991 43 0 
726 982 64 0 
726 961 60 0 
726 783 22 0 
727 950 69 0 
728 975 108 0 
729 829 33 0 
729 781 46 0 
731 762 32 0 
732 923 89 0 
732 907 48 0 
734 997 74 0 
734 935 55 0 
734 861 101 0 
735 971 13 0 
736 938 11 0 
737 820 112 0 
738 987 61 0 
739 892 101 0 
741 814 70 0 
742 914 98 0 
743 966 28 0 
743 756 31 0 
745 835 28 0 
746 782 41 0 
746 775 52 0 
747 767 65 0 
750 836 33 0 
753 978 63 0 
753 877 64 0 
755 980 71 0 
756 904 44 0 
758 824 89 0 
759 806 28 0 
759 798 54 0 
759 760 87 0 
761 986 29 0 
761 898 70 0 
763 927 65 0 
763 806 51 0 
763 766 53 0 
764 918 25 0 
765 939 29 0 
767 908 73 0 
767 830 31 0 
768 833 30 0 
769 794 61 0 
769 792 33 0 
770 873 47 0 
770 792 65 0 
772 908 44 0 
772 801 75 0 
774 901 87 0 
774 898 92 0 
775 830 72 0 
775 815 79 0 
777 862 13 0 
778 961 38 0 
778 938 50 0 
780 864 33 0 
781 848 25 0 
782 808 31 0 
784 879 43 0 
785 989 76 0 
787 896 47 0 
787 792 11 0 
788 883 63 0 
789 969 39 0 
789 822 53 0 
789 807 29 0 
790 961 78 0 
790 941 48 0 
790 939 55 0 
790 813 46 0 
791 836 72 0 
791 818 76 0 
792 848 50 0 
792 808 29 0 
792 802 68 0 
793 857 72 0 
793 827 32 0 
795 866 67 0 
796 999 25 0 
796 910 78 0 
796 900 16 0 
800 847 34 0 
803 972 33 0 
803 876 51 0 
804 973 18 0 
805 955 42 0 
805 916 52 0 
805 852 69 0 
806 981 22 0 
807 952 57 0 
808 884 41 0 
808 822 27 0 
811 817 42 0 
812 904 28 0 
812 813 50 0 
813 853 61 0 
815 886 22 0 
815 828 13 0 
817 872 53 0 
817 869 74 0 
818 986 33 0 
818 953 21 0 
818 922 53 0 
819 959 34 0 
820 979 23 0 
821 896 37 0 
821 872 91 0 
821 841 102 0 
822 958 98 0 
823 905 45 0 
826 978 21 0 
826 973 25 0 
826 886 39 0 
827 948 10 0 
830 976 79 0 
830 890 70 0 
831 962 60 0 
831 928 7 0 
831 904 72 0 
831 849 84 0 
832 977 84 0 
833 914 76 0 
833 839 54 0 
834 843 68 0 
834 838 63 0 
835 911 88 0 
835 856 63 0 
836 867 64 0 
838 925 56 0 
840 977 75 0 
845 927 62 0 
846 855 57 0 
848 971 69 0 
848 931 45 0 
848 853 32 0 
849 974 54 0 
849 962 42 0 
849 948 61 0 
851 890 24 0 
852 960 74 0 
855 900 68 0 
856 945 15 0 
856 925 85 0 
857 946 51 0 
857 913 123 0 
857 910 96 0 
857 893 69 0 
858 900 52 0 
859 940 35 0 
860 935 33 0 
861 883 54 0 
866 971 82 0 
867 900 31 0 
868 958 36 0 
869 973 41 0 
871 888 64 0 
872 985 35 0 
873 983 4 0 
873 962 17 0 
873 880 74 0 
874 962 49 0 
879 918 25 0 
880 937 70 0 
880 922 61 0 
881 900 79 0 
882 925 76 0 
883 917 69 0 
883 916 91 0 
886 945 37 0 
886 916 76 0 
889 986 55 0 
893 952 76 0 
893 930 34 0 
893 895 18 0 
894 899 45 0 
896 988 54 0 
896 939 56 0 
901 960 107 0 
902 954 31 0 
906 919 30 0 
909 966 47 0 
911 926 16 0 
916 948 37 0 
917 970 47 0 
919 984 16 0 
920 956 21 0 
922 973 17 0 
923 968 63 0 
923 927 78 0 
925 926 81 0 
926 959 67 0 
926 952 64 0 
928 993 30 0 
928 979 81 0 
932 948 35 0 
934 986 56 0 
934 978 37 0 
935 963 35 0 
936 958 50 0 
942 944 71 0 
943 995 38 0 
945 976 32 0 
946 971 62 0 
949 953 44 0 
950 987 106 0 
951 958 26 0 
952 999 55 0 
958 997 78 0 
959 998 54 0 
965 973 48 0 
975 997 83 0 
980 982 48 0 
981 993 34 0 
