#GRAPH (#nodes #edges id uu vv ww xx yy zz):
#1000 5120 geo(0,{1000,100,3,0.005,0.000,0.000}) 100 
#
VERTICES (index name u v w x y z):
0 0 95 24 
1 1 58 84 
2 2 66 88 
3 3 22 62 
4 4 49 60 
5 5 86 38 
6 6 60 14 
7 7 48 51 
8 8 45 59 
9 9 84 17 
10 10 70 38 
11 11 30 9 
12 12 27 77 
13 13 20 3 
14 14 80 22 
15 15 32 36 
16 16 36 47 
17 17 40 20 
18 18 95 71 
19 19 15 33 
20 20 82 30 
21 21 43 54 
22 22 43 25 
23 23 25 65 
24 24 19 47 
25 25 99 65 
26 26 79 98 
27 27 1 54 
28 28 25 12 
29 29 39 78 
30 30 20 80 
31 31 21 89 
32 32 71 30 
33 33 84 53 
34 34 65 95 
35 35 67 23 
36 36 15 31 
37 37 23 93 
38 38 61 56 
39 39 89 41 
40 40 99 46 
41 41 45 88 
42 42 16 42 
43 43 41 60 
44 44 89 56 
45 45 54 7 
46 46 97 53 
47 47 84 70 
48 48 44 53 
49 49 42 77 
50 50 25 74 
51 51 20 18 
52 52 85 65 
53 53 36 96 
54 54 49 57 
55 55 32 73 
56 56 13 11 
57 57 69 50 
58 58 39 34 
59 59 54 94 
60 60 13 56 
61 61 66 48 
62 62 63 72 
63 63 76 1 
64 64 10 34 
65 65 29 31 
66 66 97 92 
67 67 70 52 
68 68 47 28 
69 69 57 18 
70 70 41 35 
71 71 35 25 
72 72 65 76 
73 73 35 17 
74 74 32 43 
75 75 47 14 
76 76 69 89 
77 77 12 78 
78 78 7 45 
79 79 14 36 
80 80 54 19 
81 81 28 35 
82 82 82 80 
83 83 58 31 
84 84 19 56 
85 85 81 55 
86 86 31 92 
87 87 34 59 
88 88 49 81 
89 89 18 65 
90 90 83 75 
91 91 52 97 
92 92 59 65 
93 93 16 62 
94 94 75 52 
95 95 15 30 
96 96 92 61 
97 97 69 32 
98 98 3 10 
99 99 60 54 
100 100 7 33 
101 101 78 46 
102 102 89 1 
103 103 49 61 
104 104 23 64 
105 105 15 35 
106 106 17 52 
107 107 51 85 
108 108 0 10 
109 109 73 49 
110 110 94 79 
111 111 55 46 
112 112 23 99 
113 113 5 8 
114 114 40 53 
115 115 24 98 
116 116 77 95 
117 117 98 86 
118 118 8 62 
119 119 85 17 
120 120 19 66 
121 121 10 81 
122 122 86 27 
123 123 76 21 
124 124 81 82 
125 125 50 71 
126 126 52 29 
127 127 35 99 
128 128 52 71 
129 129 15 45 
130 130 67 90 
131 131 12 42 
132 132 94 98 
133 133 52 42 
134 134 56 80 
135 135 81 28 
136 136 92 77 
137 137 50 12 
138 138 3 64 
139 139 25 52 
140 140 90 4 
141 141 31 67 
142 142 31 35 
143 143 22 24 
144 144 29 91 
145 145 81 94 
146 146 96 71 
147 147 4 20 
148 148 66 96 
149 149 47 82 
150 150 24 39 
151 151 21 71 
152 152 57 49 
153 153 77 73 
154 154 22 37 
155 155 76 53 
156 156 66 55 
157 157 5 62 
158 158 14 62 
159 159 13 99 
160 160 48 14 
161 161 82 91 
162 162 49 14 
163 163 78 31 
164 164 14 39 
165 165 86 7 
166 166 6 84 
167 167 73 58 
168 168 57 66 
169 169 97 73 
170 170 23 46 
171 171 61 67 
172 172 67 91 
173 173 15 65 
174 174 79 67 
175 175 50 9 
176 176 11 59 
177 177 74 44 
178 178 58 41 
179 179 27 80 
180 180 47 65 
181 181 18 6 
182 182 12 24 
183 183 63 10 
184 184 24 38 
185 185 79 79 
186 186 40 37 
187 187 18 57 
188 188 33 36 
189 189 30 64 
190 190 23 79 
191 191 60 93 
192 192 1 51 
193 193 12 62 
194 194 21 29 
195 195 92 49 
196 196 39 86 
197 197 73 95 
198 198 47 8 
199 199 14 61 
200 200 50 57 
201 201 9 85 
202 202 91 99 
203 203 71 21 
204 204 38 83 
205 205 95 44 
206 206 11 44 
207 207 14 56 
208 208 27 59 
209 209 0 76 
210 210 99 53 
211 211 53 6 
212 212 89 6 
213 213 56 94 
214 214 24 51 
215 215 38 90 
216 216 21 30 
217 217 22 48 
218 218 65 14 
219 219 60 27 
220 220 98 29 
221 221 41 89 
222 222 93 71 
223 223 94 11 
224 224 39 35 
225 225 40 77 
226 226 47 62 
227 227 42 47 
228 228 24 0 
229 229 90 23 
230 230 62 94 
231 231 81 74 
232 232 53 31 
233 233 84 21 
234 234 3 76 
235 235 47 38 
236 236 3 18 
237 237 9 52 
238 238 67 51 
239 239 33 9 
240 240 95 16 
241 241 85 77 
242 242 88 12 
243 243 99 50 
244 244 46 26 
245 245 3 20 
246 246 41 75 
247 247 72 20 
248 248 22 75 
249 249 10 18 
250 250 85 73 
251 251 38 26 
252 252 52 57 
253 253 4 38 
254 254 35 26 
255 255 31 72 
256 256 2 87 
257 257 11 40 
258 258 86 71 
259 259 57 21 
260 260 15 18 
261 261 9 76 
262 262 26 66 
263 263 45 14 
264 264 73 38 
265 265 6 4 
266 266 12 46 
267 267 17 66 
268 268 69 23 
269 269 83 89 
270 270 36 59 
271 271 40 4 
272 272 6 37 
273 273 34 65 
274 274 3 65 
275 275 45 33 
276 276 60 21 
277 277 83 34 
278 278 79 61 
279 279 34 54 
280 280 29 16 
281 281 19 96 
282 282 18 88 
283 283 10 90 
284 284 68 14 
285 285 34 76 
286 286 72 7 
287 287 23 89 
288 288 63 89 
289 289 83 99 
290 290 42 25 
291 291 40 98 
292 292 28 36 
293 293 67 39 
294 294 8 91 
295 295 62 60 
296 296 19 45 
297 297 54 10 
298 298 28 38 
299 299 45 89 
300 300 97 58 
301 301 29 90 
302 302 98 26 
303 303 2 34 
304 304 66 65 
305 305 38 50 
306 306 81 27 
307 307 16 22 
308 308 63 86 
309 309 36 71 
310 310 31 50 
311 311 59 17 
312 312 40 76 
313 313 84 61 
314 314 67 19 
315 315 31 74 
316 316 96 77 
317 317 28 7 
318 318 86 55 
319 319 53 33 
320 320 60 95 
321 321 57 8 
322 322 31 51 
323 323 74 58 
324 324 40 27 
325 325 28 43 
326 326 12 97 
327 327 52 66 
328 328 57 69 
329 329 0 12 
330 330 76 84 
331 331 71 27 
332 332 22 64 
333 333 33 75 
334 334 91 26 
335 335 58 50 
336 336 77 0 
337 337 54 63 
338 338 33 77 
339 339 74 90 
340 340 77 45 
341 341 37 54 
342 342 79 2 
343 343 53 0 
344 344 89 36 
345 345 43 58 
346 346 14 30 
347 347 40 57 
348 348 88 88 
349 349 22 69 
350 350 34 46 
351 351 17 96 
352 352 42 94 
353 353 63 3 
354 354 20 21 
355 355 82 77 
356 356 28 53 
357 357 39 9 
358 358 25 29 
359 359 21 65 
360 360 15 84 
361 361 39 70 
362 362 41 82 
363 363 26 64 
364 364 3 58 
365 365 51 54 
366 366 97 79 
367 367 78 80 
368 368 41 71 
369 369 45 10 
370 370 2 41 
371 371 43 68 
372 372 60 7 
373 373 87 35 
374 374 8 76 
375 375 24 61 
376 376 45 44 
377 377 12 20 
378 378 19 98 
379 379 78 48 
380 380 41 54 
381 381 35 69 
382 382 7 0 
383 383 39 81 
384 384 45 49 
385 385 71 44 
386 386 70 7 
387 387 25 8 
388 388 16 61 
389 389 12 14 
390 390 27 67 
391 391 18 42 
392 392 1 9 
393 393 68 51 
394 394 62 30 
395 395 86 47 
396 396 8 90 
397 397 38 29 
398 398 7 14 
399 399 88 55 
400 400 16 26 
401 401 58 27 
402 402 3 7 
403 403 46 61 
404 404 5 90 
405 405 11 88 
406 406 13 98 
407 407 51 32 
408 408 71 87 
409 409 37 95 
410 410 48 1 
411 411 75 91 
412 412 94 2 
413 413 22 63 
414 414 32 18 
415 415 98 49 
416 416 6 50 
417 417 57 79 
418 418 85 28 
419 419 97 57 
420 420 31 96 
421 421 32 12 
422 422 52 38 
423 423 54 54 
424 424 3 17 
425 425 22 55 
426 426 23 7 
427 427 10 67 
428 428 3 62 
429 429 5 96 
430 430 82 38 
431 431 45 92 
432 432 26 44 
433 433 21 92 
434 434 61 16 
435 435 2 93 
436 436 96 42 
437 437 66 53 
438 438 8 78 
439 439 70 95 
440 440 4 62 
441 441 86 31 
442 442 76 5 
443 443 15 21 
444 444 40 1 
445 445 71 55 
446 446 85 92 
447 447 47 54 
448 448 35 70 
449 449 31 16 
450 450 80 27 
451 451 7 70 
452 452 32 67 
453 453 21 1 
454 454 88 90 
455 455 12 12 
456 456 88 96 
457 457 86 76 
458 458 63 56 
459 459 97 75 
460 460 17 19 
461 461 75 61 
462 462 22 89 
463 463 94 29 
464 464 92 93 
465 465 64 83 
466 466 64 39 
467 467 6 7 
468 468 72 81 
469 469 26 65 
470 470 81 65 
471 471 43 31 
472 472 81 90 
473 473 89 89 
474 474 19 55 
475 475 96 85 
476 476 9 15 
477 477 62 87 
478 478 79 65 
479 479 4 27 
480 480 7 43 
481 481 79 93 
482 482 34 50 
483 483 26 57 
484 484 68 29 
485 485 66 77 
486 486 35 21 
487 487 29 23 
488 488 80 87 
489 489 35 59 
490 490 31 25 
491 491 13 2 
492 492 53 63 
493 493 70 74 
494 494 68 83 
495 495 24 58 
496 496 2 30 
497 497 88 34 
498 498 21 24 
499 499 46 94 
500 500 87 88 
501 501 26 63 
502 502 58 69 
503 503 16 90 
504 504 88 49 
505 505 13 90 
506 506 19 23 
507 507 83 14 
508 508 27 44 
509 509 92 67 
510 510 85 87 
511 511 3 49 
512 512 18 23 
513 513 40 10 
514 514 62 66 
515 515 8 86 
516 516 31 46 
517 517 33 20 
518 518 92 0 
519 519 49 16 
520 520 67 74 
521 521 73 43 
522 522 45 38 
523 523 56 33 
524 524 59 12 
525 525 81 19 
526 526 9 62 
527 527 27 97 
528 528 28 85 
529 529 40 41 
530 530 58 1 
531 531 14 54 
532 532 7 94 
533 533 61 64 
534 534 74 3 
535 535 75 9 
536 536 43 27 
537 537 33 73 
538 538 61 8 
539 539 47 59 
540 540 21 48 
541 541 21 5 
542 542 55 26 
543 543 49 3 
544 544 41 0 
545 545 55 21 
546 546 93 54 
547 547 13 31 
548 548 54 36 
549 549 23 98 
550 550 24 81 
551 551 37 14 
552 552 45 51 
553 553 79 53 
554 554 45 78 
555 555 79 40 
556 556 93 76 
557 557 71 61 
558 558 9 90 
559 559 37 9 
560 560 63 6 
561 561 36 1 
562 562 36 0 
563 563 30 43 
564 564 17 76 
565 565 38 24 
566 566 72 78 
567 567 2 91 
568 568 33 84 
569 569 20 63 
570 570 46 58 
571 571 81 67 
572 572 0 48 
573 573 94 59 
574 574 82 69 
575 575 82 81 
576 576 85 15 
577 577 70 71 
578 578 35 43 
579 579 94 78 
580 580 72 71 
581 581 6 86 
582 582 57 31 
583 583 19 36 
584 584 21 45 
585 585 49 85 
586 586 2 42 
587 587 13 30 
588 588 36 53 
589 589 94 94 
590 590 20 67 
591 591 72 62 
592 592 47 43 
593 593 47 73 
594 594 51 38 
595 595 49 67 
596 596 81 53 
597 597 64 63 
598 598 23 45 
599 599 99 43 
600 600 13 47 
601 601 91 20 
602 602 52 58 
603 603 31 7 
604 604 44 8 
605 605 81 30 
606 606 62 27 
607 607 77 76 
608 608 3 85 
609 609 73 97 
610 610 8 39 
611 611 4 83 
612 612 90 13 
613 613 36 77 
614 614 19 25 
615 615 12 87 
616 616 82 12 
617 617 26 96 
618 618 64 81 
619 619 32 13 
620 620 98 63 
621 621 32 49 
622 622 87 95 
623 623 72 86 
624 624 81 88 
625 625 49 10 
626 626 85 14 
627 627 76 64 
628 628 78 88 
629 629 67 76 
630 630 98 66 
631 631 11 82 
632 632 75 88 
633 633 6 48 
634 634 80 34 
635 635 29 78 
636 636 82 35 
637 637 96 89 
638 638 58 99 
639 639 19 75 
640 640 90 39 
641 641 26 24 
642 642 60 65 
643 643 96 62 
644 644 59 64 
645 645 52 1 
646 646 15 68 
647 647 1 22 
648 648 65 88 
649 649 45 56 
650 650 6 10 
651 651 85 2 
652 652 8 74 
653 653 87 43 
654 654 70 76 
655 655 46 51 
656 656 85 0 
657 657 29 79 
658 658 98 30 
659 659 62 10 
660 660 84 99 
661 661 50 64 
662 662 28 19 
663 663 3 95 
664 664 50 11 
665 665 75 81 
666 666 90 64 
667 667 39 46 
668 668 37 80 
669 669 32 45 
670 670 71 65 
671 671 32 25 
672 672 71 45 
673 673 41 44 
674 674 7 46 
675 675 40 52 
676 676 20 46 
677 677 8 68 
678 678 68 34 
679 679 59 58 
680 680 43 72 
681 681 41 87 
682 682 69 90 
683 683 99 20 
684 684 95 49 
685 685 49 8 
686 686 18 81 
687 687 30 62 
688 688 66 19 
689 689 75 84 
690 690 17 88 
691 691 56 13 
692 692 59 42 
693 693 10 56 
694 694 47 95 
695 695 72 21 
696 696 0 87 
697 697 32 91 
698 698 7 59 
699 699 48 59 
700 700 79 83 
701 701 23 84 
702 702 94 87 
703 703 25 86 
704 704 56 39 
705 705 42 33 
706 706 15 50 
707 707 13 93 
708 708 41 94 
709 709 55 60 
710 710 97 30 
711 711 65 24 
712 712 23 4 
713 713 58 33 
714 714 21 70 
715 715 60 77 
716 716 92 13 
717 717 16 10 
718 718 5 91 
719 719 97 37 
720 720 95 76 
721 721 6 18 
722 722 76 42 
723 723 44 99 
724 724 71 72 
725 725 29 1 
726 726 91 43 
727 727 39 95 
728 728 50 63 
729 729 95 79 
730 730 85 34 
731 731 75 13 
732 732 48 96 
733 733 15 82 
734 734 11 90 
735 735 88 24 
736 736 30 26 
737 737 92 80 
738 738 45 47 
739 739 85 10 
740 740 91 77 
741 741 54 56 
742 742 67 29 
743 743 33 19 
744 744 83 31 
745 745 82 51 
746 746 95 17 
747 747 52 95 
748 748 82 13 
749 749 28 27 
750 750 54 17 
751 751 51 41 
752 752 55 41 
753 753 67 37 
754 754 82 57 
755 755 93 74 
756 756 65 3 
757 757 34 78 
758 758 72 59 
759 759 36 63 
760 760 14 65 
761 761 61 12 
762 762 18 60 
763 763 50 98 
764 764 36 46 
765 765 76 61 
766 766 81 38 
767 767 34 11 
768 768 17 72 
769 769 27 70 
770 770 72 4 
771 771 94 96 
772 772 24 82 
773 773 75 43 
774 774 47 66 
775 775 81 35 
776 776 47 31 
777 777 39 14 
778 778 81 98 
779 779 30 70 
780 780 18 48 
781 781 18 89 
782 782 98 96 
783 783 90 57 
784 784 48 64 
785 785 32 41 
786 786 17 44 
787 787 60 71 
788 788 78 85 
789 789 70 57 
790 790 60 69 
791 791 7 12 
792 792 87 93 
793 793 4 76 
794 794 53 38 
795 795 36 15 
796 796 11 20 
797 797 31 21 
798 798 96 99 
799 799 79 10 
800 800 52 39 
801 801 65 93 
802 802 7 27 
803 803 51 11 
804 804 76 54 
805 805 97 45 
806 806 26 12 
807 807 46 91 
808 808 36 24 
809 809 12 85 
810 810 14 90 
811 811 70 65 
812 812 69 65 
813 813 24 60 
814 814 4 35 
815 815 95 18 
816 816 73 73 
817 817 22 6 
818 818 43 55 
819 819 8 66 
820 820 45 11 
821 821 50 90 
822 822 71 0 
823 823 44 67 
824 824 10 76 
825 825 93 75 
826 826 40 51 
827 827 44 93 
828 828 19 93 
829 829 62 49 
830 830 14 84 
831 831 33 51 
832 832 30 36 
833 833 57 14 
834 834 60 82 
835 835 55 12 
836 836 0 24 
837 837 46 90 
838 838 1 18 
839 839 34 62 
840 840 8 65 
841 841 70 50 
842 842 97 40 
843 843 69 94 
844 844 63 38 
845 845 55 80 
846 846 79 54 
847 847 69 48 
848 848 85 38 
849 849 44 28 
850 850 12 7 
851 851 21 7 
852 852 81 77 
853 853 53 17 
854 854 29 77 
855 855 89 39 
856 856 21 67 
857 857 39 20 
858 858 40 9 
859 859 28 60 
860 860 60 51 
861 861 96 17 
862 862 13 37 
863 863 94 51 
864 864 22 23 
865 865 22 67 
866 866 52 80 
867 867 20 95 
868 868 58 94 
869 869 44 24 
870 870 23 70 
871 871 24 54 
872 872 66 43 
873 873 69 66 
874 874 18 97 
875 875 29 30 
876 876 16 78 
877 877 8 85 
878 878 93 12 
879 879 43 30 
880 880 11 14 
881 881 83 44 
882 882 88 26 
883 883 25 98 
884 884 55 73 
885 885 74 92 
886 886 11 55 
887 887 36 50 
888 888 62 53 
889 889 99 36 
890 890 14 17 
891 891 82 71 
892 892 6 15 
893 893 94 93 
894 894 90 41 
895 895 13 15 
896 896 35 84 
897 897 97 5 
898 898 15 46 
899 899 3 60 
900 900 38 6 
901 901 37 26 
902 902 82 99 
903 903 65 55 
904 904 44 61 
905 905 37 41 
906 906 48 13 
907 907 7 22 
908 908 68 4 
909 909 41 83 
910 910 96 40 
911 911 75 19 
912 912 59 84 
913 913 67 1 
914 914 41 32 
915 915 75 2 
916 916 82 46 
917 917 55 9 
918 918 0 35 
919 919 0 60 
920 920 30 99 
921 921 32 39 
922 922 44 71 
923 923 28 17 
924 924 86 46 
925 925 95 30 
926 926 90 80 
927 927 37 60 
928 928 84 33 
929 929 8 67 
930 930 60 55 
931 931 57 5 
932 932 55 67 
933 933 5 3 
934 934 12 31 
935 935 88 53 
936 936 95 12 
937 937 70 24 
938 938 47 16 
939 939 51 34 
940 940 81 29 
941 941 65 39 
942 942 46 59 
943 943 92 58 
944 944 43 91 
945 945 93 11 
946 946 49 35 
947 947 37 51 
948 948 50 55 
949 949 55 71 
950 950 69 53 
951 951 93 94 
952 952 32 50 
953 953 30 72 
954 954 92 84 
955 955 7 50 
956 956 98 42 
957 957 68 60 
958 958 98 75 
959 959 30 98 
960 960 69 21 
961 961 54 24 
962 962 1 41 
963 963 26 82 
964 964 51 84 
965 965 23 76 
966 966 48 55 
967 967 55 13 
968 968 99 93 
969 969 53 85 
970 970 1 38 
971 971 84 74 
972 972 6 94 
973 973 71 54 
974 974 11 45 
975 975 8 43 
976 976 1 45 
977 977 6 25 
978 978 64 41 
979 979 80 53 
980 980 75 45 
981 981 59 93 
982 982 11 81 
983 983 10 75 
984 984 15 8 
985 985 65 40 
986 986 30 39 
987 987 45 22 
988 988 52 2 
989 989 23 53 
990 990 31 75 
991 991 49 17 
992 992 78 99 
993 993 88 42 
994 994 6 46 
995 995 96 96 
996 996 24 87 
997 997 37 77 
998 998 72 31 
999 999 74 89 
#
EDGES (from-node to-node length a b):
0 749 67 0 
0 667 60 0 
0 638 84 0 
0 505 105 0 
0 26 76 0 
1 793 55 0 
1 787 13 0 
1 382 98 0 
1 263 71 0 
1 168 18 0 
1 23 38 0 
2 750 72 0 
2 687 44 0 
2 633 72 0 
2 23 47 0 
3 978 47 0 
3 556 72 0 
3 332 2 0 
3 318 64 0 
3 294 32 0 
4 885 41 0 
4 452 18 0 
4 443 52 0 
4 262 24 0 
4 189 19 0 
4 183 52 0 
5 514 37 0 
5 431 68 0 
5 323 23 0 
5 171 38 0 
6 812 52 0 
7 905 15 0 
7 843 48 0 
7 568 36 0 
7 112 54 0 
7 91 46 0 
8 798 65 0 
8 533 17 0 
8 479 52 0 
8 340 35 0 
8 184 30 0 
8 143 42 0 
9 819 90 0 
9 756 24 0 
9 724 57 0 
9 665 65 0 
9 296 71 0 
9 119 1 0 
10 922 42 0 
10 915 36 0 
10 822 38 0 
10 528 63 0 
10 301 66 0 
10 127 70 0 
11 967 25 0 
11 726 70 0 
11 710 70 0 
11 294 85 0 
11 267 58 0 
12 943 68 0 
12 898 33 0 
12 587 49 0 
12 300 73 0 
12 223 94 0 
12 220 86 0 
12 42 37 0 
13 915 55 0 
13 864 20 0 
13 755 102 0 
13 319 45 0 
14 823 58 0 
14 800 33 0 
14 710 19 0 
14 581 98 0 
14 407 31 0 
14 307 64 0 
14 240 16 0 
14 39 21 0 
15 945 66 0 
15 866 48 0 
15 417 50 0 
15 366 78 0 
15 250 65 0 
15 193 33 0 
16 586 34 0 
16 540 15 0 
17 885 80 0 
17 850 31 0 
17 529 21 0 
17 513 10 0 
17 437 42 0 
17 354 20 0 
17 90 70 0 
18 700 20 0 
18 316 6 0 
18 303 100 0 
18 111 47 0 
18 46 18 0 
18 39 31 0 
19 631 49 0 
19 501 32 0 
19 377 13 0 
19 355 80 0 
19 134 62 0 
20 804 25 0 
20 596 23 0 
20 411 61 0 
20 305 48 0 
21 467 60 0 
21 321 48 0 
21 303 46 0 
21 275 21 0 
21 273 14 0 
21 52 43 0 
22 772 60 0 
22 455 34 0 
22 346 29 0 
23 552 24 0 
23 404 32 0 
23 368 17 0 
23 342 83 0 
23 338 14 0 
23 59 41 0 
24 769 24 0 
24 344 71 0 
24 334 75 0 
24 309 29 0 
24 117 88 0 
25 974 90 0 
25 586 100 0 
25 427 89 0 
25 305 63 0 
25 180 52 0 
26 926 21 0 
26 777 93 0 
26 679 45 0 
26 486 89 0 
27 861 102 0 
27 859 28 0 
27 834 65 0 
27 743 47 0 
27 618 69 0 
28 916 66 0 
28 879 25 0 
28 683 74 0 
28 537 62 0 
28 409 84 0 
28 40 81 0 
29 918 58 0 
29 486 57 0 
29 443 62 0 
29 434 66 0 
29 294 34 0 
29 193 31 0 
29 158 30 0 
30 914 52 0 
30 549 18 0 
30 543 82 0 
30 293 62 0 
30 152 48 0 
31 853 79 0 
31 818 40 0 
31 462 1 0 
31 103 40 0 
32 953 59 0 
32 946 23 0 
32 558 86 0 
32 541 56 0 
32 65 42 0 
32 60 64 0 
33 738 39 0 
33 697 64 0 
33 548 34 0 
33 360 76 0 
33 343 61 0 
33 170 61 0 
33 40 17 0 
34 721 97 0 
34 678 61 0 
34 633 75 0 
34 498 84 0 
34 204 30 0 
34 120 54 0 
34 84 60 0 
34 55 40 0 
35 932 46 0 
35 772 73 0 
35 663 96 0 
35 563 42 0 
35 38 34 0 
36 901 23 0 
36 850 24 0 
36 306 66 0 
36 64 6 0 
37 925 96 0 
37 651 110 0 
37 606 77 0 
37 564 18 0 
37 474 38 0 
37 252 46 0 
39 965 75 0 
39 752 34 0 
39 419 18 0 
40 951 48 0 
40 680 62 0 
40 674 92 0 
40 651 46 0 
40 346 86 0 
40 239 76 0 
41 886 47 0 
41 876 31 0 
41 290 63 0 
41 216 63 0 
42 926 83 0 
42 832 15 0 
42 618 62 0 
42 601 78 0 
42 577 61 0 
42 272 11 0 
42 162 43 0 
43 818 5 0 
43 744 51 0 
43 434 48 0 
44 886 78 0 
44 382 99 0 
44 226 42 0 
45 935 57 0 
45 571 66 0 
45 467 48 0 
45 328 62 0 
45 247 22 0 
45 228 31 0 
45 208 59 0 
46 942 51 0 
46 626 41 0 
46 500 36 0 
46 411 44 0 
46 211 64 0 
46 154 77 0 
47 963 59 0 
47 861 54 0 
47 802 88 0 
47 559 77 0 
47 425 64 0 
48 622 60 0 
48 613 25 0 
48 490 31 0 
48 479 48 0 
48 244 27 0 
48 200 7 0 
48 178 18 0 
49 810 31 0 
49 751 37 0 
49 676 38 0 
49 629 25 0 
49 627 36 0 
49 361 8 0 
49 305 27 0 
50 891 57 0 
50 740 66 0 
50 641 50 0 
50 639 6 0 
50 517 55 0 
50 329 67 0 
50 283 22 0 
51 677 51 0 
51 488 91 0 
51 222 90 0 
51 66 107 0 
52 865 63 0 
52 860 29 0 
52 783 9 0 
52 348 23 0 
52 207 72 0 
53 873 45 0 
53 777 82 0 
53 650 91 0 
53 450 82 0 
53 274 45 0 
54 852 38 0 
54 642 14 0 
54 336 64 0 
55 789 41 0 
55 658 79 0 
55 529 33 0 
55 300 67 0 
55 245 60 0 
55 135 67 0 
56 272 27 0 
57 990 45 0 
57 894 23 0 
57 874 69 0 
57 797 48 0 
57 552 24 0 
57 494 33 0 
57 328 22 0 
57 234 71 0 
57 139 44 0 
57 131 58 0 
58 752 17 0 
58 468 57 0 
58 92 37 0 
59 426 92 0 
59 259 73 0 
59 171 28 0 
60 891 71 0 
60 878 91 0 
60 650 47 0 
60 600 9 0 
60 560 71 0 
60 431 48 0 
60 85 68 0 
61 955 59 0 
61 863 28 0 
61 731 36 0 
61 669 34 0 
61 298 39 0 
61 147 68 0 
62 881 34 0 
62 466 33 0 
62 362 24 0 
62 188 47 0 
63 861 26 0 
63 706 78 0 
63 662 51 0 
63 466 40 0 
63 259 28 0 
63 175 27 0 
64 777 35 0 
64 666 85 0 
64 652 40 0 
64 365 46 0 
64 354 16 0 
64 269 91 0 
64 241 86 0 
65 794 25 0 
65 489 29 0 
65 424 30 0 
65 378 68 0 
65 279 24 0 
65 251 10 0 
66 583 96 0 
66 191 37 0 
66 87 71 0 
67 954 39 0 
67 812 13 0 
67 724 20 0 
67 586 69 0 
67 528 53 0 
67 242 44 0 
67 183 43 0 
68 927 34 0 
68 806 26 0 
68 620 62 0 
68 436 51 0 
68 396 73 0 
68 129 36 0 
68 89 47 0 
69 830 79 0 
69 505 84 0 
70 629 49 0 
70 588 19 0 
70 274 48 0 
70 200 24 0 
71 807 67 0 
71 243 69 0 
72 690 49 0 
72 438 57 0 
72 384 34 0 
73 972 82 0 
73 782 101 0 
73 718 80 0 
73 518 59 0 
73 488 83 0 
73 367 76 0 
73 333 58 0 
73 89 51 0 
74 961 29 0 
74 935 57 0 
74 857 24 0 
74 795 28 0 
74 791 40 0 
74 691 38 0 
74 639 35 0 
74 634 49 0 
74 394 33 0 
74 271 40 0 
74 241 63 0 
74 148 63 0 
75 808 15 0 
75 388 56 0 
75 147 43 0 
76 798 29 0 
76 172 3 0 
76 143 80 0 
77 854 17 0 
77 179 15 0 
77 172 57 0 
78 969 61 0 
78 531 11 0 
79 639 39 0 
79 519 40 0 
79 410 49 0 
79 332 29 0 
79 294 55 0 
80 761 10 0 
80 648 70 0 
80 438 75 0 
81 712 31 0 
82 995 21 0 
82 978 43 0 
82 908 77 0 
82 525 61 0 
82 412 79 0 
82 190 59 0 
82 86 52 0 
83 860 20 0 
83 831 32 0 
83 542 6 0 
83 424 57 0 
83 390 48 0 
83 373 29 0 
83 339 61 0 
83 265 59 0 
84 626 78 0 
84 372 64 0 
84 348 76 0 
84 268 60 0 
84 98 49 0 
85 963 61 0 
85 889 26 0 
85 572 81 0 
85 381 48 0 
85 365 30 0 
85 119 38 0 
86 853 78 0 
86 718 26 0 
86 657 13 0 
86 600 48 0 
86 551 78 0 
86 137 82 0 
87 993 57 0 
87 884 25 0 
87 826 10 0 
87 734 39 0 
87 388 18 0 
87 372 58 0 
87 292 24 0 
87 198 53 0 
88 865 30 0 
88 477 14 0 
88 336 86 0 
89 751 41 0 
89 741 37 0 
90 942 40 0 
90 912 26 0 
90 879 60 0 
90 810 71 0 
90 791 99 0 
90 596 22 0 
90 459 14 0 
90 451 76 0 
90 323 19 0 
90 150 69 0 
91 999 23 0 
91 859 44 0 
91 857 78 0 
91 768 43 0 
91 589 42 0 
91 489 42 0 
91 340 58 0 
91 292 66 0 
92 628 30 0 
92 522 30 0 
92 477 22 0 
92 290 43 0 
92 105 53 0 
93 545 57 0 
93 205 81 0 
94 971 24 0 
94 647 80 0 
94 174 16 0 
95 450 65 0 
95 413 34 0 
95 97 54 0 
96 793 89 0 
96 526 83 0 
96 194 78 0 
97 905 33 0 
97 886 62 0 
97 837 62 0 
97 817 54 0 
98 946 52 0 
98 831 51 0 
98 762 52 0 
98 527 90 0 
98 466 68 0 
99 780 42 0 
99 722 20 0 
99 540 39 0 
100 859 34 0 
100 821 71 0 
100 613 53 0 
100 460 17 0 
100 394 55 0 
100 206 12 0 
100 113 25 0 
101 991 41 0 
101 852 31 0 
101 778 52 0 
101 502 30 0 
101 228 71 0 
102 554 89 0 
102 310 76 0 
103 830 42 0 
103 314 46 0 
103 270 13 0 
103 266 40 0 
103 120 30 0 
104 820 57 0 
104 626 80 0 
104 417 37 0 
104 323 51 0 
104 174 56 0 
105 808 24 0 
105 315 42 0 
105 282 53 0 
106 798 92 0 
106 755 79 0 
106 404 40 0 
107 441 64 0 
107 425 42 0 
107 361 19 0 
107 272 66 0 
107 117 47 0 
108 834 94 0 
108 548 60 0 
108 157 52 0 
109 926 35 0 
109 662 54 0 
109 535 40 0 
109 181 70 0 
110 659 76 0 
110 461 26 0 
110 450 54 0 
110 436 37 0 
111 947 19 0 
111 766 27 0 
111 729 52 0 
111 709 14 0 
111 375 34 0 
111 313 33 0 
112 618 45 0 
112 460 80 0 
113 985 68 0 
113 702 119 0 
113 650 2 0 
113 501 59 0 
113 487 28 0 
113 433 86 0 
113 258 103 0 
114 451 37 0 
114 334 58 0 
114 195 52 0 
115 806 86 0 
115 787 45 0 
115 553 71 0 
115 345 44 0 
115 274 39 0 
115 204 21 0 
116 886 77 0 
116 644 36 0 
116 383 40 0 
116 370 92 0 
117 787 41 0 
117 742 65 0 
117 646 85 0 
117 423 54 0 
117 340 46 0 
118 788 74 0 
118 742 68 0 
118 686 21 0 
118 526 1 0 
118 287 31 0 
119 914 46 0 
119 728 58 0 
119 540 71 0 
120 747 44 0 
120 509 73 0 
120 413 4 0 
120 280 51 0 
120 260 48 0 
120 177 59 0 
121 966 46 0 
121 811 62 0 
121 792 78 0 
121 761 86 0 
121 572 34 0 
121 365 49 0 
121 146 87 0 
121 142 51 0 
122 972 104 0 
122 960 18 0 
122 879 43 0 
122 818 51 0 
122 758 35 0 
122 618 58 0 
122 591 38 0 
122 496 84 0 
122 211 39 0 
123 929 82 0 
123 877 93 0 
123 377 64 0 
123 322 54 0 
124 670 20 0 
124 604 83 0 
124 513 83 0 
125 977 64 0 
125 869 47 0 
125 724 21 0 
125 604 63 0 
125 544 72 0 
125 437 24 0 
126 572 55 0 
126 350 25 0 
126 289 77 0 
126 235 10 0 
126 186 14 0 
127 860 54 0 
127 738 53 0 
127 696 37 0 
127 555 74 0 
127 498 76 0 
127 253 68 0 
127 182 78 0 
128 382 84 0 
129 829 47 0 
129 660 88 0 
129 602 39 0 
129 595 40 0 
129 539 35 0 
129 513 43 0 
129 428 21 0 
129 218 59 0 
129 191 66 0 
129 151 27 0 
130 583 72 0 
130 257 75 0 
130 175 83 0 
131 977 18 0 
131 948 40 0 
131 926 87 0 
131 915 75 0 
131 897 93 0 
131 783 79 0 
131 719 85 0 
131 504 76 0 
131 273 32 0 
131 194 16 0 
132 923 104 0 
132 904 62 0 
132 314 83 0 
133 985 13 0 
133 799 42 0 
133 643 48 0 
133 371 28 0 
134 820 70 0 
134 633 59 0 
134 339 21 0 
134 231 26 0 
134 167 28 0 
135 922 57 0 
135 527 88 0 
135 185 51 0 
136 949 37 0 
136 942 49 0 
136 611 88 0 
137 886 58 0 
137 758 52 0 
137 626 35 0 
137 242 38 0 
137 218 15 0 
138 609 77 0 
138 599 98 0 
138 472 82 0 
138 253 26 0 
138 156 64 0 
139 248 23 0 
140 914 56 0 
140 678 37 0 
140 522 56 0 
140 418 25 0 
140 264 38 0 
141 907 51 0 
141 807 28 0 
141 741 25 0 
141 553 50 0 
141 480 34 0 
141 388 16 0 
141 189 3 0 
142 911 47 0 
142 307 20 0 
142 186 9 0 
143 953 49 0 
143 803 32 0 
143 735 66 0 
143 714 46 0 
143 432 20 0 
144 753 66 0 
144 224 57 0 
145 798 16 0 
146 839 63 0 
146 518 71 0 
147 987 41 0 
147 771 118 0 
147 679 67 0 
147 488 101 0 
147 336 76 0 
147 318 89 0 
148 934 85 0 
148 479 93 0 
148 320 6 0 
148 164 77 0 
149 862 56 0 
149 733 32 0 
149 579 47 0 
149 419 56 0 
150 775 57 0 
150 669 10 0 
150 635 39 0 
150 533 45 0 
150 527 58 0 
150 463 71 0 
150 312 40 0 
151 229 84 0 
152 361 28 0 
152 161 49 0 
153 712 88 0 
153 632 15 0 
153 504 26 0 
153 443 81 0 
153 400 77 0 
153 336 73 0 
154 788 74 0 
154 616 65 0 
154 527 60 0 
154 454 85 0 
155 955 69 0 
155 734 75 0 
155 658 32 0 
155 621 44 0 
155 433 67 0 
155 314 35 0 
155 218 41 0 
156 953 40 0 
156 712 67 0 
157 920 45 0 
157 893 94 0 
157 879 50 0 
157 787 56 0 
157 709 50 0 
157 176 7 0 
158 928 76 0 
158 743 47 0 
159 792 74 0 
159 221 30 0 
159 207 43 0 
159 205 99 0 
160 899 64 0 
160 615 81 0 
160 231 68 0 
161 981 23 0 
161 829 47 0 
161 680 43 0 
162 963 72 0 
162 838 48 0 
162 806 23 0 
162 366 81 0 
162 326 91 0 
162 197 84 0 
163 600 67 0 
163 581 91 0 
163 508 53 0 
163 415 27 0 
163 263 37 0 
164 623 75 0 
164 469 29 0 
164 384 33 0 
164 333 41 0 
164 169 90 0 
165 774 71 0 
165 561 50 0 
165 462 104 0 
165 406 117 0 
166 858 82 0 
166 295 61 0 
166 277 92 0 
167 935 16 0 
167 911 39 0 
167 788 27 0 
167 696 79 0 
167 570 27 0 
168 854 30 0 
168 765 20 0 
168 720 39 0 
168 512 58 0 
168 508 37 0 
168 334 52 0 
169 592 58 0 
169 438 89 0 
170 970 23 0 
170 815 77 0 
170 812 50 0 
170 809 41 0 
170 440 25 0 
171 624 29 0 
171 331 41 0 
172 934 81 0 
172 590 53 0 
172 575 18 0 
172 376 52 0 
172 246 31 0 
173 978 55 0 
173 740 77 0 
173 615 22 0 
173 493 56 0 
173 429 33 0 
173 391 23 0 
173 276 63 0 
174 951 30 0 
174 350 50 0 
175 801 85 0 
175 776 22 0 
175 376 35 0 
176 317 55 0 
177 861 35 0 
178 966 17 0 
178 769 42 0 
179 252 34 0 
180 751 24 0 
180 606 41 0 
180 514 15 0 
181 917 37 0 
181 654 87 0 
181 605 67 0 
182 406 74 0 
183 986 44 0 
183 940 26 0 
183 377 52 0 
183 208 61 0 
184 687 25 0 
184 559 32 0 
185 983 69 0 
185 956 42 0 
185 802 89 0 
185 407 55 0 
185 194 77 0 
186 977 36 0 
186 847 31 0 
186 824 49 0 
186 538 36 0 
186 423 22 0 
187 950 51 0 
187 644 42 0 
187 628 68 0 
188 983 45 0 
188 836 35 0 
188 830 52 0 
188 685 32 0 
188 510 73 0 
189 953 8 0 
189 626 74 0 
189 407 38 0 
189 216 35 0 
190 982 12 0 
190 977 57 0 
190 943 72 0 
190 899 28 0 
190 436 82 0 
190 325 36 0 
191 629 18 0 
191 493 21 0 
191 378 41 0 
191 341 45 0 
192 930 59 0 
192 712 52 0 
192 530 76 0 
192 519 59 0 
193 930 49 0 
193 797 45 0 
193 622 82 0 
194 717 20 0 
194 244 25 0 
195 921 61 0 
195 829 30 0 
195 800 41 0 
195 777 64 0 
195 761 48 0 
195 641 71 0 
195 519 54 0 
195 508 65 0 
195 471 52 0 
196 944 6 0 
196 716 90 0 
196 633 50 0 
196 581 33 0 
196 533 31 0 
197 981 14 0 
197 762 65 0 
197 701 51 0 
197 425 65 0 
199 981 55 0 
199 936 95 0 
199 877 25 0 
199 489 21 0 
199 283 29 0 
200 652 45 0 
200 318 36 0 
201 909 32 0 
201 821 41 0 
201 534 105 0 
201 448 30 0 
201 441 94 0 
201 407 68 0 
201 333 26 0 
202 985 64 0 
202 867 71 0 
202 764 76 0 
202 688 84 0 
202 678 69 0 
202 580 34 0 
203 940 13 0 
203 848 22 0 
203 813 61 0 
203 780 59 0 
203 363 62 0 
204 817 79 0 
204 660 49 0 
204 475 58 0 
204 429 35 0 
205 717 86 0 
205 421 71 0 
205 330 44 0 
205 305 57 0 
206 984 36 0 
206 899 18 0 
206 813 21 0 
206 326 53 0 
206 315 36 0 
206 233 77 0 
207 900 55 0 
207 847 56 0 
207 836 35 0 
207 762 6 0 
207 711 60 0 
207 582 50 0 
207 481 75 0 
208 867 37 0 
208 667 18 0 
208 577 45 0 
209 767 73 0 
209 653 93 0 
209 605 93 0 
209 591 73 0 
209 401 76 0 
209 263 77 0 
209 241 85 0 
210 838 104 0 
210 528 78 0 
210 509 16 0 
210 290 64 0 
211 902 97 0 
211 819 75 0 
211 217 52 0 
212 769 89 0 
212 733 106 0 
212 507 10 0 
212 469 86 0 
212 323 54 0 
212 269 83 0 
213 343 94 0 
213 285 28 0 
213 274 60 0 
214 939 32 0 
214 813 9 0 
214 540 4 0 
215 993 69 0 
215 937 73 0 
215 737 55 0 
215 269 45 0 
216 898 17 0 
216 853 35 0 
216 308 70 0 
217 983 30 0 
217 522 25 0 
217 312 33 0 
217 255 26 0 
218 786 57 0 
218 772 79 0 
218 737 71 0 
219 857 22 0 
219 739 30 0 
219 664 19 0 
219 481 69 0 
219 247 14 0 
220 843 71 0 
220 390 81 0 
221 930 39 0 
221 715 22 0 
221 543 86 0 
222 577 23 0 
222 369 78 0 
223 973 49 0 
223 461 53 0 
223 292 71 0 
224 440 44 0 
224 230 63 0 
225 874 30 0 
225 864 57 0 
225 604 69 0 
225 495 25 0 
225 491 80 0 
225 319 46 0 
225 275 44 0 
226 944 29 0 
226 772 30 0 
227 971 50 0 
227 742 31 0 
227 544 47 0 
227 538 43 0 
227 521 31 0 
227 502 27 0 
227 377 40 0 
227 363 23 0 
227 360 46 0 
228 558 91 0 
228 541 6 0 
228 439 106 0 
228 248 75 0 
228 235 44 0 
229 308 69 0 
230 957 35 0 
230 800 56 0 
230 698 65 0 
230 591 34 0 
230 537 36 0 
230 510 24 0 
231 465 19 0 
231 421 79 0 
231 236 96 0 
232 840 56 0 
233 860 38 0 
233 681 79 0 
233 598 66 0 
233 370 84 0 
234 677 9 0 
234 398 62 0 
234 309 33 0 
235 928 37 0 
235 401 16 0 
236 755 106 0 
236 746 92 0 
236 414 29 0 
237 780 10 0 
237 673 33 0 
237 421 46 0 
237 330 74 0 
238 914 32 0 
239 865 59 0 
239 698 56 0 
239 571 75 0 
239 523 33 0 
239 466 43 0 
239 432 36 0 
239 354 18 0 
239 247 41 0 
240 970 97 0 
240 877 111 0 
240 696 119 0 
240 596 40 0 
240 580 60 0 
240 568 92 0 
240 479 92 0 
240 341 69 0 
240 274 104 0 
241 911 59 0 
241 679 32 0 
241 596 24 0 
242 471 49 0 
243 664 63 0 
243 550 81 0 
244 881 41 0 
244 661 38 0 
244 420 72 0 
244 380 28 0 
244 350 23 0 
245 831 43 0 
245 801 96 0 
245 586 22 0 
245 577 84 0 
246 751 35 0 
246 622 50 0 
246 524 66 0 
247 882 17 0 
247 513 34 0 
247 481 73 0 
247 343 28 0 
248 822 90 0 
248 530 82 0 
249 959 82 0 
249 767 25 0 
249 716 82 0 
249 524 49 0 
249 522 40 0 
249 509 96 0 
249 288 89 0 
250 853 64 0 
250 764 56 0 
250 744 42 0 
250 737 10 0 
250 358 74 0 
251 820 17 0 
251 612 54 0 
251 605 43 0 
251 490 7 0 
251 294 72 0 
252 829 13 0 
252 642 11 0 
252 604 50 0 
252 592 15 0 
252 557 19 0 
253 945 93 0 
253 883 64 0 
253 734 52 0 
253 668 53 0 
253 520 73 0 
253 302 95 0 
254 986 14 0 
254 864 13 0 
254 845 58 0 
254 677 50 0 
254 449 11 0 
254 397 4 0 
255 443 53 0 
255 289 59 0 
256 987 78 0 
256 973 76 0 
257 781 49 0 
257 548 43 0 
258 578 58 0 
258 547 83 0 
259 434 6 0 
260 993 77 0 
260 670 73 0 
261 994 30 0 
261 979 75 0 
261 902 77 0 
261 849 59 0 
261 705 54 0 
262 783 65 0 
262 432 22 0 
262 374 21 0 
262 283 29 0 
263 934 37 0 
263 919 64 0 
263 784 50 0 
263 769 59 0 
264 804 16 0 
264 674 66 0 
264 333 54 0 
264 310 44 0 
265 953 72 0 
265 899 56 0 
265 589 126 0 
265 428 58 0 
266 321 59 0 
267 986 30 0 
267 800 44 0 
267 527 33 0 
268 914 29 0 
268 434 11 0 
269 827 39 0 
269 399 34 0 
269 327 39 0 
269 322 64 0 
270 827 35 0 
270 814 40 0 
270 708 35 0 
270 655 13 0 
270 317 53 0 
271 982 82 0 
271 870 68 0 
271 857 16 0 
271 837 86 0 
271 830 84 0 
271 533 64 0 
271 486 18 0 
272 790 63 0 
272 736 26 0 
272 594 45 0 
272 529 34 0 
273 757 13 0 
273 464 64 0 
273 385 43 0 
274 802 38 0 
274 493 68 0 
274 406 34 0 
275 994 41 0 
275 773 32 0 
275 448 38 0 
275 326 72 0 
276 969 64 0 
276 900 27 0 
276 453 44 0 
276 356 45 0 
276 349 61 0 
276 296 48 0 
277 990 66 0 
277 629 45 0 
277 572 84 0 
277 500 54 0 
277 335 30 0 
278 691 53 0 
279 897 80 0 
279 785 13 0 
279 610 30 0 
279 425 12 0 
280 994 38 0 
280 674 37 0 
280 328 60 0 
281 919 41 0 
281 918 64 0 
281 862 59 0 
282 834 42 0 
282 817 82 0 
282 745 74 0 
282 537 21 0 
282 528 10 0 
283 992 69 0 
283 458 63 0 
284 758 45 0 
284 653 35 0 
284 534 13 0 
284 461 48 0 
284 445 41 0 
284 345 51 0 
285 684 67 0 
286 881 39 0 
287 951 70 0 
287 893 71 0 
287 884 36 0 
287 759 29 0 
287 517 70 0 
287 367 56 0 
287 305 42 0 
288 742 60 0 
288 532 56 0 
289 640 60 0 
289 620 39 0 
289 608 81 0 
289 398 114 0 
290 893 86 0 
290 542 13 0 
290 375 40 0 
291 577 40 0 
292 780 16 0 
292 682 68 0 
292 671 12 0 
292 323 51 0 
293 864 48 0 
293 756 36 0 
294 826 51 0 
294 689 67 0 
295 540 43 0 
296 806 34 0 
296 736 22 0 
296 619 35 0 
297 865 65 0 
297 826 43 0 
297 423 44 0 
298 668 43 0 
298 624 73 0 
299 899 51 0 
299 882 76 0 
299 681 4 0 
300 531 83 0 
300 386 58 0 
300 308 44 0 
301 904 33 0 
301 840 33 0 
301 579 66 0 
301 458 48 0 
302 903 44 0 
302 809 104 0 
302 630 40 0 
302 363 81 0 
303 869 43 0 
303 843 90 0 
303 746 95 0 
303 623 87 0 
304 925 45 0 
304 655 24 0 
305 956 61 0 
305 858 41 0 
305 781 44 0 
305 672 33 0 
305 635 29 0 
306 949 51 0 
306 436 21 0 
307 986 22 0 
307 883 77 0 
307 789 64 0 
307 676 24 0 
307 483 36 0 
307 320 85 0 
308 765 28 0 
308 748 75 0 
308 683 75 0 
308 559 81 0 
308 418 62 0 
309 857 51 0 
309 791 66 0 
309 773 48 0 
309 765 41 0 
309 613 6 0 
309 519 57 0 
311 593 57 0 
311 448 58 0 
312 863 60 0 
312 382 83 0 
313 905 51 0 
313 815 44 0 
313 707 78 0 
313 514 23 0 
313 454 29 0 
313 326 80 0 
314 916 31 0 
314 796 56 0 
314 719 35 0 
315 716 86 0 
315 674 37 0 
315 348 59 0 
316 549 76 0 
317 728 60 0 
317 553 69 0 
317 323 69 0 
318 738 42 0 
318 693 76 0 
319 957 31 0 
319 926 60 0 
319 791 51 0 
319 718 75 0 
320 924 55 0 
320 705 65 0 
320 333 34 0 
321 870 71 0 
321 632 82 0 
321 588 50 0 
321 544 18 0 
322 868 51 0 
323 914 42 0 
323 843 36 0 
323 636 24 0 
324 950 39 0 
324 925 55 0 
324 831 25 0 
324 687 36 0 
324 556 72 0 
324 433 68 0 
324 357 18 0 
325 394 36 0 
325 367 62 0 
326 986 61 0 
326 969 43 0 
326 776 75 0 
326 687 39 0 
326 591 69 0 
326 511 49 0 
327 955 48 0 
327 905 29 0 
327 530 65 0 
328 622 40 0 
328 587 59 0 
328 527 41 0 
329 774 72 0 
329 489 59 0 
330 910 48 0 
330 876 60 0 
330 756 82 0 
330 571 18 0 
330 401 60 0 
331 913 26 0 
331 760 69 0 
331 753 11 0 
331 655 35 0 
331 591 35 0 
331 448 56 0 
332 995 81 0 
332 907 45 0 
332 629 47 0 
332 398 52 0 
333 987 54 0 
333 970 49 0 
334 635 81 0 
334 456 70 0 
334 430 15 0 
335 624 44 0 
335 500 48 0 
336 944 97 0 
336 831 67 0 
336 685 29 0 
337 935 35 0 
337 926 40 0 
337 866 17 0 
337 795 51 0 
337 762 36 0 
337 749 44 0 
337 620 44 0 
337 565 42 0 
337 564 39 0 
337 535 58 0 
337 534 63 0 
337 531 41 0 
337 424 69 0 
337 401 36 0 
338 994 41 0 
338 710 79 0 
338 575 49 0 
339 812 25 0 
339 505 61 0 
340 521 4 0 
340 512 63 0 
340 423 25 0 
341 789 33 0 
341 755 59 0 
342 903 55 0 
342 897 18 0 
342 879 46 0 
342 693 88 0 
342 502 70 0 
343 923 30 0 
343 664 11 0 
343 637 99 0 
343 606 28 0 
343 393 53 0 
343 350 50 0 
344 860 33 0 
345 941 29 0 
345 884 19 0 
345 714 25 0 
345 501 18 0 
346 877 55 0 
346 834 69 0 
346 688 53 0 
346 652 44 0 
347 904 6 0 
347 890 48 0 
347 779 16 0 
347 466 30 0 
348 638 32 0 
349 981 44 0 
349 813 9 0 
349 770 82 0 
349 657 12 0 
349 368 19 0 
350 917 43 0 
350 732 52 0 
350 623 55 0 
350 556 66 0 
350 492 25 0 
350 463 62 0 
351 876 18 0 
351 776 72 0 
351 468 57 0 
351 446 68 0 
351 412 122 0 
351 390 31 0 
351 376 59 0 
352 561 93 0 
353 918 71 0 
353 769 76 0 
353 700 82 0 
354 981 82 0 
354 951 103 0 
354 385 56 0 
355 985 41 0 
355 965 59 0 
355 885 17 0 
355 851 93 0 
355 775 42 0 
355 696 83 0 
355 360 67 0 
356 590 16 0 
356 551 40 0 
356 495 6 0 
357 770 33 0 
357 372 21 0 
358 976 29 0 
358 759 36 0 
358 499 68 0 
359 876 14 0 
359 776 43 0 
359 718 31 0 
359 649 26 0 
359 545 56 0 
360 882 93 0 
360 466 67 0 
360 443 63 0 
361 818 16 0 
361 449 55 0 
361 417 20 0 
362 899 44 0 
362 889 74 0 
362 510 44 0 
362 487 60 0 
362 387 76 0 
363 885 56 0 
363 877 28 0 
363 628 57 0 
363 392 60 0 
364 850 52 0 
364 650 48 0 
364 608 27 0 
364 573 91 0 
364 387 55 0 
365 768 38 0 
365 758 22 0 
365 603 51 0 
365 590 34 0 
365 551 42 0 
366 964 46 0 
366 649 57 0 
366 522 66 0 
366 518 79 0 
366 509 13 0 
367 808 70 0 
367 718 74 0 
367 545 63 0 
367 469 54 0 
368 946 37 0 
368 683 77 0 
368 610 46 0 
368 504 52 0 
369 655 41 0 
370 743 38 0 
370 736 32 0 
370 644 61 0 
371 770 70 0 
371 674 42 0 
371 504 49 0 
371 425 25 0 
372 993 45 0 
372 803 10 0 
372 754 55 0 
372 715 70 0 
372 446 89 0 
373 533 39 0 
373 498 67 0 
374 748 97 0 
374 607 69 0 
374 580 64 0 
374 460 58 0 
375 889 79 0 
376 774 22 0 
376 672 26 0 
376 557 31 0 
377 994 27 0 
377 511 30 0 
377 470 82 0 
378 882 100 0 
378 566 57 0 
378 480 56 0 
378 430 87 0 
379 580 24 0 
379 488 39 0 
379 416 72 0 
380 737 57 0 
380 701 35 0 
380 698 34 0 
380 599 59 0 
381 958 63 0 
381 956 69 0 
381 819 27 0 
381 735 70 0 
381 553 47 0 
381 441 64 0 
382 455 13 0 
382 413 65 0 
383 977 65 0 
383 842 71 0 
383 832 46 0 
383 805 68 0 
383 804 46 0 
383 434 69 0 
384 758 29 0 
384 733 45 0 
384 624 53 0 
384 611 53 0 
384 467 57 0 
384 446 59 0 
385 912 42 0 
385 908 40 0 
385 677 67 0 
385 488 44 0 
386 605 25 0 
387 899 56 0 
387 548 40 0 
387 411 97 0 
388 982 21 0 
388 939 44 0 
388 852 67 0 
388 782 89 0 
388 652 15 0 
389 653 80 0 
389 499 87 0 
390 717 58 0 
391 618 60 0 
391 609 78 0 
391 577 60 0 
392 924 93 0 
392 922 75 0 
392 872 73 0 
392 637 124 0 
392 554 82 0 
392 524 58 0 
392 500 117 0 
393 932 21 0 
393 788 35 0 
393 693 58 0 
393 633 62 0 
394 923 36 0 
394 544 37 0 
394 484 6 0 
395 934 76 0 
395 897 43 0 
395 568 65 0 
396 924 90 0 
396 797 73 0 
396 493 64 0 
396 402 83 0 
397 905 12 0 
397 893 85 0 
397 815 58 0 
397 520 54 0 
397 519 17 0 
398 755 105 0 
398 733 68 0 
398 692 59 0 
398 566 91 0 
399 540 67 0 
400 891 80 0 
400 685 38 0 
400 521 59 0 
400 480 19 0 
401 835 15 0 
401 708 69 0 
401 638 72 0 
401 425 46 0 
401 424 56 0 
402 588 57 0 
403 913 64 0 
403 888 18 0 
404 823 45 0 
404 791 78 0 
404 788 73 0 
404 685 93 0 
404 635 27 0 
404 612 115 0 
404 608 5 0 
404 596 85 0 
405 942 45 0 
405 791 76 0 
405 697 21 0 
405 569 27 0 
406 893 81 0 
406 815 115 0 
406 774 47 0 
406 659 101 0 
406 453 97 0 
407 871 35 0 
408 798 28 0 
408 589 24 0 
409 834 26 0 
409 818 40 0 
409 783 65 0 
410 869 23 0 
410 768 77 0 
410 720 89 0 
410 684 67 0 
410 546 70 0 
410 536 26 0 
410 527 98 0 
411 613 41 0 
411 601 73 0 
411 465 14 0 
411 452 49 0 
412 617 116 0 
412 566 79 0 
412 522 61 0 
413 821 39 0 
413 756 74 0 
413 595 27 0 
413 590 4 0 
414 874 80 0 
414 819 54 0 
414 774 50 0 
414 741 44 0 
414 604 16 0 
415 884 49 0 
415 864 80 0 
415 791 98 0 
415 651 49 0 
415 513 70 0 
416 972 44 0 
416 910 91 0 
416 888 56 0 
416 692 54 0 
416 543 64 0 
416 514 58 0 
417 911 63 0 
417 877 49 0 
418 815 14 0 
418 567 104 0 
418 512 67 0 
419 918 99 0 
419 908 60 0 
419 761 58 0 
420 827 13 0 
421 977 29 0 
421 812 65 0 
421 691 24 0 
422 454 63 0 
423 981 39 0 
423 920 51 0 
423 724 25 0 
423 708 42 0 
424 662 25 0 
425 864 32 0 
425 859 8 0 
426 994 43 0 
426 903 64 0 
426 619 11 0 
426 500 103 0 
427 786 24 0 
427 626 92 0 
428 961 64 0 
428 884 53 0 
429 634 97 0 
429 438 18 0 
431 654 30 0 
432 644 39 0 
432 619 32 0 
432 613 34 0 
432 607 60 0 
433 945 108 0 
433 881 78 0 
434 875 35 0 
434 721 55 0 
435 970 55 0 
435 947 55 0 
436 607 39 0 
437 855 27 0 
437 577 18 0 
438 578 44 0 
439 889 66 0 
439 826 53 0 
439 738 54 0 
439 549 47 0 
440 802 35 0 
440 743 52 0 
441 857 48 0 
441 818 49 0 
441 644 43 0 
441 487 58 0 
442 925 31 0 
442 507 11 0 
443 959 78 0 
443 945 79 0 
443 935 80 0 
443 913 56 0 
443 880 8 0 
443 452 49 0 
444 977 42 0 
444 532 99 0 
445 957 6 0 
445 921 42 0 
445 833 43 0 
445 560 50 0 
446 959 55 0 
446 948 51 0 
446 704 60 0 
446 690 68 0 
447 861 61 0 
448 851 65 0 
448 658 75 0 
450 980 19 0 
450 744 5 0 
451 669 35 0 
451 610 31 0 
451 572 23 0 
452 983 23 0 
453 936 75 0 
453 761 41 0 
453 659 42 0 
453 583 35 0 
453 542 42 0 
453 499 96 0 
453 494 95 0 
454 777 90 0 
455 905 38 0 
455 674 34 0 
456 771 6 0 
457 546 23 0 
458 972 69 0 
458 597 7 0 
458 550 46 0 
458 460 59 0 
459 973 33 0 
459 835 76 0 
459 771 21 0 
459 688 64 0 
459 657 68 0 
459 582 59 0 
459 566 25 0 
460 967 38 0 
460 769 52 0 
460 511 33 0 
461 783 16 0 
461 749 58 0 
461 653 22 0 
461 550 55 0 
462 539 39 0 
463 997 75 0 
463 883 98 0 
463 784 58 0 
463 552 54 0 
463 540 75 0 
464 990 64 0 
464 978 59 0 
464 956 51 0 
464 760 83 0 
464 618 30 0 
464 548 69 0 
465 858 78 0 
465 811 19 0 
465 538 75 0 
467 670 87 0 
467 588 55 0 
467 585 89 0 
468 746 68 0 
469 998 57 0 
469 986 26 0 
469 949 30 0 
469 650 59 0 
469 516 20 0 
470 944 46 0 
470 864 72 0 
470 843 31 0 
471 762 38 0 
472 918 98 0 
472 575 9 0 
472 508 71 0 
472 488 3 0 
473 672 48 0 
473 537 58 0 
474 739 80 0 
475 651 84 0 
475 483 75 0 
476 897 89 0 
476 559 29 0 
477 810 48 0 
477 683 77 0 
478 786 65 0 
479 988 54 0 
479 899 33 0 
479 848 82 0 
480 703 47 0 
481 844 57 0 
481 624 5 0 
481 560 88 0 
482 947 3 0 
482 798 79 0 
483 979 54 0 
483 960 56 0 
484 911 12 0 
484 614 49 0 
485 674 67 0 
485 535 69 0 
487 637 94 0 
487 607 72 0 
487 596 60 0 
487 556 83 0 
487 527 74 0 
488 587 88 0 
488 513 87 0 
489 721 50 0 
490 742 36 0 
490 511 37 0 
491 608 84 0 
491 600 45 0 
492 919 53 0 
493 688 55 0 
494 847 35 0 
494 617 44 0 
495 919 24 0 
497 860 33 0 
497 641 63 0 
497 633 83 0 
497 618 53 0 
498 790 60 0 
499 972 40 0 
499 870 33 0 
499 850 93 0 
499 837 4 0 
499 687 36 0 
499 542 69 0 
500 873 28 0 
500 783 31 0 
500 668 51 0 
500 613 52 0 
500 542 70 0 
500 503 71 0 
501 645 67 0 
502 658 56 0 
503 969 37 0 
503 719 97 0 
503 655 49 0 
504 804 13 0 
504 649 44 0 
505 661 45 0 
505 615 3 0 
506 937 51 0 
506 888 52 0 
506 608 64 0 
506 515 64 0 
507 676 71 0 
507 642 56 0 
508 746 73 0 
509 869 64 0 
509 828 77 0 
509 670 21 0 
510 918 100 0 
510 792 6 0 
510 546 34 0 
510 529 64 0 
511 513 54 0 
512 945 76 0 
512 925 77 0 
512 798 109 0 
512 520 71 0 
513 928 50 0 
513 856 60 0 
513 810 84 0 
513 579 87 0 
514 876 48 0 
514 826 27 0 
514 813 38 0 
515 567 8 0 
516 851 40 0 
517 644 51 0 
518 909 97 0 
519 698 60 0 
519 528 72 0 
520 968 37 0 
520 874 54 0 
520 737 26 0 
522 940 37 0 
522 854 42 0 
522 841 28 0 
522 816 45 0 
522 739 49 0 
523 979 31 0 
523 935 38 0 
523 578 23 0 
523 576 34 0 
523 562 39 0 
525 557 43 0 
526 745 74 0 
526 729 88 0 
526 720 87 0 
526 578 32 0 
526 538 75 0 
527 670 54 0 
527 608 27 0 
528 938 72 0 
529 999 59 0 
529 943 55 0 
529 605 42 0 
530 873 66 0 
530 871 63 0 
530 797 34 0 
531 965 24 0 
531 939 42 0 
531 893 89 0 
531 629 57 0 
531 627 63 0 
532 777 86 0 
532 619 85 0 
533 884 11 0 
533 831 31 0 
533 660 42 0 
534 693 83 0 
534 692 42 0 
534 618 79 0 
534 567 114 0 
535 739 10 0 
535 698 84 0 
536 836 43 0 
536 728 37 0 
536 593 46 0 
537 714 12 0 
537 595 17 0 
538 798 97 0 
538 748 22 0 
538 610 61 0 
538 601 32 0 
539 811 24 0 
539 706 33 0 
539 557 24 0 
540 828 45 0 
541 904 61 0 
541 892 18 0 
542 760 57 0 
543 833 14 0 
543 671 28 0 
543 624 91 0 
544 697 91 0 
545 764 31 0 
545 749 28 0 
546 885 42 0 
546 827 63 0 
546 754 11 0 
546 743 69 0 
546 720 22 0 
546 709 38 0 
546 695 39 0 
546 655 47 0 
550 798 74 0 
550 569 18 0 
551 668 66 0 
552 849 23 0 
554 990 14 0 
554 956 64 0 
554 952 31 0 
554 879 48 0 
554 860 31 0 
554 695 63 0 
554 651 86 0 
555 833 34 0 
555 572 79 0 
557 994 67 0 
557 726 27 0 
557 658 41 0 
557 559 62 0 
558 739 110 0 
559 860 48 0 
559 623 85 0 
560 667 47 0 
561 785 40 0 
562 808 24 0 
562 565 24 0 
563 819 32 0 
563 784 28 0 
563 676 10 0 
564 957 53 0 
564 858 71 0 
564 811 54 0 
564 655 38 0 
564 591 57 0 
565 946 16 0 
565 862 28 0 
565 719 60 0 
566 962 80 0 
566 947 44 0 
566 927 39 0 
566 888 27 0 
566 773 35 0 
567 968 97 0 
568 949 26 0 
568 658 85 0 
569 805 79 0 
571 839 47 0 
571 710 40 0 
572 814 14 0 
572 627 78 0 
573 726 16 0 
574 981 33 0 
574 889 37 0 
574 860 28 0 
574 699 35 0 
575 831 57 0 
575 693 76 0 
575 634 47 0 
576 907 78 0 
577 825 23 0 
577 625 65 0 
577 609 26 0 
578 931 44 0 
579 850 108 0 
580 816 2 0 
580 584 57 0 
581 858 84 0 
582 976 58 0 
582 797 28 0 
583 965 40 0 
583 756 57 0 
583 743 22 0 
583 605 62 0 
584 998 53 0 
584 925 76 0 
584 818 24 0 
584 608 44 0 
585 855 61 0 
587 742 54 0 
588 930 24 0 
588 807 39 0 
588 789 34 0 
589 639 77 0 
590 739 86 0 
591 786 58 0 
591 692 24 0 
592 978 17 0 
592 745 36 0 
593 957 25 0 
593 880 69 0 
594 962 50 0 
594 939 4 0 
594 792 66 0 
594 721 49 0 
594 643 51 0 
595 868 28 0 
595 596 35 0 
596 988 59 0 
596 775 18 0 
598 949 41 0 
598 619 33 0 
599 632 51 0 
600 965 31 0 
600 827 55 0 
600 719 85 0 
600 672 58 0 
602 778 49 0 
604 787 65 0 
605 945 22 0 
605 694 73 0 
605 688 19 0 
605 653 14 0 
606 866 54 0 
606 661 39 0 
607 853 64 0 
607 747 31 0 
607 727 42 0 
609 957 37 0 
609 755 30 0 
610 686 43 0 
611 808 67 0 
611 799 105 0 
611 735 103 0 
612 940 18 0 
612 741 56 0 
613 747 24 0 
613 699 22 0 
614 825 89 0 
614 755 89 0 
615 950 66 0 
615 787 51 0 
616 898 75 0 
616 816 62 0 
616 812 55 0 
616 652 97 0 
617 948 48 0 
617 650 88 0 
617 629 46 0 
618 993 46 0 
618 746 71 0 
619 688 35 0 
619 681 75 0 
619 655 40 0 
620 782 33 0 
620 680 56 0 
620 653 23 0 
621 878 71 0 
621 671 24 0 
622 988 99 0 
622 955 92 0 
623 809 60 0 
624 867 61 0 
625 707 90 0 
627 992 35 0 
627 850 86 0 
627 844 29 0 
627 658 40 0 
628 950 36 0 
628 832 71 0 
628 806 92 0 
628 781 60 0 
629 857 63 0 
629 663 67 0 
630 742 48 0 
631 824 6 0 
632 984 100 0 
632 956 51 0 
632 649 44 0 
633 993 82 0 
633 877 37 0 
633 783 84 0 
634 853 32 0 
634 656 34 0 
635 868 33 0 
635 818 27 0 
635 741 33 0 
636 701 77 0 
637 803 90 0 
637 766 53 0 
639 922 25 0 
639 902 67 0 
639 844 57 0 
640 778 60 0 
640 734 94 0 
641 908 47 0 
641 896 61 0 
641 656 64 0 
642 686 45 0 
642 670 11 0 
643 731 53 0 
643 726 20 0 
643 666 6 0 
644 987 44 0 
644 972 61 0 
644 964 22 0 
644 744 41 0 
644 742 36 0 
644 701 41 0 
646 974 23 0 
646 796 48 0 
647 898 28 0 
647 710 96 0 
650 953 66 0 
650 861 90 0 
650 746 89 0 
651 861 19 0 
651 860 55 0 
653 998 19 0 
653 899 86 0 
653 715 43 0 
654 745 28 0 
656 874 118 0 
657 832 43 0 
657 673 37 0 
658 990 81 0 
658 813 80 0 
659 960 13 0 
659 745 46 0 
660 823 51 0 
660 741 52 0 
662 936 67 0 
662 879 19 0 
662 731 47 0 
663 933 92 0 
663 839 45 0 
663 742 92 0 
663 711 94 0 
667 718 56 0 
668 901 54 0 
668 846 49 0 
668 761 72 0 
669 844 32 0 
669 784 25 0 
670 996 52 0 
671 947 26 0 
671 925 63 0 
671 922 48 0 
671 885 79 0 
671 831 26 0 
673 942 16 0 
674 800 46 0 
674 788 81 0 
675 988 51 0 
675 962 41 0 
678 850 62 0 
678 756 31 0 
678 725 51 0 
679 687 29 0 
680 684 57 0 
681 984 83 0 
681 740 51 0 
682 817 96 0 
682 727 30 0 
682 710 66 0 
683 975 94 0 
683 940 20 0 
684 815 31 0 
684 748 38 0 
685 919 71 0 
685 816 69 0 
685 734 90 0 
685 692 35 0 
688 929 75 0 
688 754 41 0 
689 769 50 0 
691 942 47 0 
691 883 90 0 
692 723 59 0 
694 963 25 0 
695 859 59 0 
695 760 73 0 
696 994 41 0 
696 931 100 0 
696 839 42 0 
696 805 106 0 
696 769 32 0 
696 705 68 0 
698 869 51 0 
699 829 17 0 
700 846 29 0 
702 916 43 0 
702 800 64 0 
703 901 61 0 
703 778 57 0 
703 761 82 0 
704 906 27 0 
705 932 36 0 
705 881 42 0 
706 884 46 0 
706 815 86 0 
708 882 83 0 
708 858 85 0 
709 942 9 0 
709 895 62 0 
709 888 10 0 
709 879 32 0 
709 813 31 0 
709 762 37 0 
711 731 15 0 
713 881 27 0 
713 832 28 0 
714 949 34 0 
715 920 37 0 
715 873 14 0 
716 916 34 0 
717 893 114 0 
718 945 119 0 
718 728 53 0 
719 954 47 0 
722 874 80 0 
723 814 75 0 
724 881 30 0 
724 807 31 0 
724 785 50 0 
725 980 64 0 
725 930 62 0 
725 891 88 0 
726 876 83 0 
726 854 71 0 
727 909 12 0 
728 965 30 0 
729 880 106 0 
729 773 41 0 
730 736 56 0 
731 847 36 0 
732 966 41 0 
732 873 37 0 
732 760 46 0 
732 749 72 0 
733 789 60 0 
734 997 29 0 
734 908 103 0 
734 876 13 0 
736 908 44 0 
736 874 72 0 
737 796 101 0 
738 943 48 0 
738 902 64 0 
738 901 22 0 
738 884 28 0 
738 776 16 0 
739 946 44 0 
739 934 76 0 
739 811 57 0 
740 854 62 0 
740 756 78 0 
740 755 4 0 
741 894 39 0 
742 912 56 0 
743 997 58 0 
743 781 72 0 
744 845 56 0 
745 917 50 0 
746 802 89 0 
748 966 54 0 
748 791 75 0 
750 897 45 0 
751 989 30 0 
753 810 75 0 
754 938 54 0 
754 806 72 0 
755 833 70 0 
757 894 67 0 
758 907 75 0 
759 920 36 0 
760 809 20 0 
761 962 67 0 
762 805 80 0 
763 837 9 0 
764 916 46 0 
766 915 36 0 
766 910 15 0 
767 939 29 0 
768 813 14 0 
769 864 47 0 
770 953 80 0 
771 964 45 0 
771 937 76 0 
772 952 33 0 
772 887 34 0 
772 883 16 0 
773 799 33 0 
774 917 58 0 
778 955 88 0 
778 899 87 0 
779 991 56 0 
779 971 54 0 
780 863 76 0 
780 807 51 0 
780 797 30 0 
781 859 31 0 
782 876 84 0 
783 982 83 0 
783 972 92 0 
783 946 47 0 
784 905 25 0 
784 800 25 0 
785 878 68 0 
785 801 62 0 
789 986 44 0 
792 940 64 0 
792 893 7 0 
793 850 69 0 
794 950 22 0 
795 909 68 0 
796 978 57 0 
797 904 42 0 
799 951 85 0 
799 842 35 0 
800 953 40 0 
800 893 68 0 
800 857 23 0 
801 856 51 0 
802 821 76 0 
803 979 51 0 
803 846 51 0 
808 900 18 0 
810 954 78 0 
811 972 70 0 
812 879 44 0 
813 927 13 0 
817 952 45 0 
817 884 75 0 
819 920 40 0 
820 845 70 0 
821 938 74 0 
822 943 62 0 
823 898 36 0 
824 899 17 0 
825 827 52 0 
827 893 50 0 
828 981 40 0 
830 949 43 0 
831 890 39 0 
832 834 55 0 
833 858 18 0 
835 897 43 0 
837 978 52 0 
838 874 81 0 
839 979 47 0 
840 916 76 0 
841 951 50 0 
841 858 51 0 
842 993 9 0 
842 935 16 0 
842 879 55 0 
843 895 97 0 
845 961 56 0 
846 957 13 0 
847 893 51 0 
847 850 70 0 
848 931 43 0 
849 926 69 0 
851 877 79 0 
857 940 43 0 
857 862 31 0 
859 944 34 0 
859 941 43 0 
861 948 60 0 
864 973 58 0 
864 943 78 0 
865 914 40 0 
866 911 65 0 
868 984 96 0 
868 921 61 0 
868 902 25 0 
869 945 51 0 
869 891 60 0 
869 870 51 0 
870 995 77 0 
871 990 22 0 
875 887 21 0 
875 885 77 0 
876 938 69 0 
876 909 25 0 
876 903 54 0 
876 887 34 0 
881 891 27 0 
882 951 68 0 
885 992 8 0 
886 982 26 0 
888 963 46 0 
890 993 78 0 
890 971 90 0 
891 991 63 0 
891 895 89 0 
895 989 39 0 
896 966 32 0 
896 944 11 0 
897 982 115 0 
897 957 62 0 
898 975 8 0 
899 931 77 0 
906 998 30 0 
909 911 72 0 
910 991 52 0 
910 950 30 0 
913 978 40 0 
917 953 68 0 
920 993 81 0 
920 944 15 0 
923 964 71 0 
923 930 50 0 
924 998 21 0 
924 963 70 0 
935 989 65 0 
935 979 8 0 
937 945 26 0 
938 998 29 0 
938 975 47 0 
940 967 31 0 
942 961 36 0 
944 946 56 0 
947 965 29 0 
949 973 23 0 
949 967 58 0 
951 999 20 0 
955 982 31 0 
956 986 68 0 
960 963 75 0 
968 983 91 0 
970 975 9 0 
978 992 60 0 
986 999 67 0 
987 989 38 0 
