#GRAPH (#nodes #edges id uu vv ww xx yy zz):
#1000 5056 geo(0,{1000,100,3,0.005,0.000,0.000}) 100 
#
VERTICES (index name u v w x y z):
0 0 92 13 
1 1 83 23 
2 2 27 81 
3 3 38 76 
4 4 72 61 
5 5 47 70 
6 6 0 71 
7 7 40 94 
8 8 96 32 
9 9 89 15 
10 10 26 30 
11 11 78 23 
12 12 34 4 
13 13 91 60 
14 14 13 43 
15 15 57 79 
16 16 50 77 
17 17 57 56 
18 18 19 79 
19 19 36 11 
20 20 18 8 
21 21 52 24 
22 22 36 28 
23 23 31 7 
24 24 66 61 
25 25 29 7 
26 26 68 14 
27 27 99 95 
28 28 29 50 
29 29 78 52 
30 30 92 5 
31 31 89 35 
32 32 15 61 
33 33 41 62 
34 34 30 32 
35 35 55 39 
36 36 71 7 
37 37 29 8 
38 38 18 92 
39 39 25 45 
40 40 84 33 
41 41 93 23 
42 42 37 81 
43 43 87 37 
44 44 94 34 
45 45 77 38 
46 46 41 8 
47 47 87 5 
48 48 9 30 
49 49 56 90 
50 50 15 28 
51 51 58 43 
52 52 43 24 
53 53 35 30 
54 54 53 29 
55 55 64 6 
56 56 46 92 
57 57 49 69 
58 58 23 45 
59 59 27 71 
60 60 5 16 
61 61 16 94 
62 62 13 51 
63 63 49 23 
64 64 18 53 
65 65 72 38 
66 66 9 18 
67 67 79 71 
68 68 52 34 
69 69 3 23 
70 70 82 92 
71 71 56 44 
72 72 56 25 
73 73 94 84 
74 74 19 52 
75 75 90 96 
76 76 89 13 
77 77 5 24 
78 78 50 76 
79 79 11 46 
80 80 27 53 
81 81 55 20 
82 82 69 28 
83 83 78 66 
84 84 93 24 
85 85 99 22 
86 86 69 77 
87 87 21 41 
88 88 40 91 
89 89 85 39 
90 90 78 30 
91 91 80 45 
92 92 97 30 
93 93 23 81 
94 94 60 36 
95 95 28 28 
96 96 99 73 
97 97 70 1 
98 98 76 50 
99 99 98 12 
100 100 76 73 
101 101 9 22 
102 102 73 19 
103 103 91 21 
104 104 96 59 
105 105 38 68 
106 106 44 29 
107 107 78 43 
108 108 28 56 
109 109 89 37 
110 110 3 44 
111 111 65 47 
112 112 6 1 
113 113 90 21 
114 114 5 89 
115 115 70 40 
116 116 17 46 
117 117 86 30 
118 118 32 30 
119 119 16 32 
120 120 25 47 
121 121 31 32 
122 122 25 82 
123 123 1 94 
124 124 18 98 
125 125 80 96 
126 126 20 80 
127 127 19 0 
128 128 74 87 
129 129 53 96 
130 130 46 98 
131 131 29 0 
132 132 10 32 
133 133 29 65 
134 134 75 3 
135 135 7 62 
136 136 47 78 
137 137 49 7 
138 138 92 7 
139 139 81 44 
140 140 92 47 
141 141 28 29 
142 142 74 98 
143 143 94 44 
144 144 97 54 
145 145 39 27 
146 146 2 75 
147 147 36 66 
148 148 9 11 
149 149 88 44 
150 150 52 6 
151 151 66 10 
152 152 57 43 
153 153 93 76 
154 154 15 72 
155 155 94 73 
156 156 97 80 
157 157 91 5 
158 158 28 89 
159 159 37 11 
160 160 30 52 
161 161 69 51 
162 162 71 71 
163 163 6 18 
164 164 96 26 
165 165 38 91 
166 166 56 77 
167 167 81 61 
168 168 53 42 
169 169 93 14 
170 170 7 96 
171 171 63 47 
172 172 2 77 
173 173 44 72 
174 174 80 84 
175 175 30 71 
176 176 69 49 
177 177 99 52 
178 178 63 79 
179 179 42 34 
180 180 84 8 
181 181 39 98 
182 182 29 98 
183 183 52 62 
184 184 31 78 
185 185 43 42 
186 186 57 86 
187 187 92 90 
188 188 50 38 
189 189 24 61 
190 190 23 66 
191 191 24 72 
192 192 13 80 
193 193 31 36 
194 194 78 37 
195 195 98 52 
196 196 14 45 
197 197 79 95 
198 198 2 92 
199 199 60 79 
200 200 1 33 
201 201 95 93 
202 202 95 78 
203 203 50 66 
204 204 78 76 
205 205 46 93 
206 206 83 16 
207 207 44 41 
208 208 0 10 
209 209 17 68 
210 210 45 58 
211 211 17 65 
212 212 71 47 
213 213 85 63 
214 214 6 45 
215 215 14 71 
216 216 73 71 
217 217 25 14 
218 218 80 64 
219 219 56 73 
220 220 28 94 
221 221 66 13 
222 222 45 74 
223 223 72 42 
224 224 66 98 
225 225 5 94 
226 226 80 95 
227 227 76 27 
228 228 13 53 
229 229 36 57 
230 230 86 60 
231 231 16 40 
232 232 52 85 
233 233 70 65 
234 234 40 72 
235 235 28 20 
236 236 79 29 
237 237 38 8 
238 238 60 13 
239 239 51 74 
240 240 68 53 
241 241 32 60 
242 242 39 95 
243 243 52 30 
244 244 51 4 
245 245 63 39 
246 246 18 11 
247 247 6 47 
248 248 86 62 
249 249 28 21 
250 250 58 17 
251 251 50 81 
252 252 87 80 
253 253 31 94 
254 254 54 67 
255 255 19 43 
256 256 68 21 
257 257 51 89 
258 258 15 29 
259 259 8 4 
260 260 85 24 
261 261 16 55 
262 262 92 33 
263 263 11 25 
264 264 11 34 
265 265 89 57 
266 266 8 18 
267 267 18 91 
268 268 90 5 
269 269 35 8 
270 270 66 36 
271 271 15 20 
272 272 89 19 
273 273 70 21 
274 274 17 30 
275 275 69 82 
276 276 15 5 
277 277 20 5 
278 278 82 38 
279 279 83 89 
280 280 18 82 
281 281 60 92 
282 282 12 63 
283 283 89 91 
284 284 50 99 
285 285 41 85 
286 286 78 4 
287 287 41 94 
288 288 54 53 
289 289 97 45 
290 290 47 49 
291 291 45 90 
292 292 76 20 
293 293 7 75 
294 294 31 46 
295 295 77 91 
296 296 23 25 
297 297 9 47 
298 298 91 17 
299 299 19 96 
300 300 3 89 
301 301 54 27 
302 302 89 48 
303 303 77 28 
304 304 74 44 
305 305 58 20 
306 306 14 47 
307 307 82 58 
308 308 99 19 
309 309 45 46 
310 310 49 93 
311 311 64 81 
312 312 67 90 
313 313 89 69 
314 314 5 35 
315 315 31 24 
316 316 76 17 
317 317 28 63 
318 318 75 19 
319 319 0 50 
320 320 93 93 
321 321 60 10 
322 322 89 45 
323 323 88 38 
324 324 63 44 
325 325 48 61 
326 326 26 64 
327 327 17 34 
328 328 28 17 
329 329 98 68 
330 330 74 80 
331 331 37 78 
332 332 86 67 
333 333 2 78 
334 334 85 19 
335 335 84 47 
336 336 69 58 
337 337 18 39 
338 338 72 68 
339 339 47 72 
340 340 50 9 
341 341 32 90 
342 342 70 97 
343 343 76 80 
344 344 34 95 
345 345 45 4 
346 346 21 28 
347 347 83 92 
348 348 42 48 
349 349 97 44 
350 350 58 84 
351 351 57 89 
352 352 40 1 
353 353 65 83 
354 354 81 25 
355 355 45 9 
356 356 85 28 
357 357 7 90 
358 358 11 78 
359 359 96 68 
360 360 16 89 
361 361 48 44 
362 362 28 27 
363 363 35 7 
364 364 69 73 
365 365 99 82 
366 366 53 3 
367 367 72 37 
368 368 73 84 
369 369 17 59 
370 370 30 66 
371 371 99 13 
372 372 78 41 
373 373 39 5 
374 374 5 97 
375 375 65 37 
376 376 26 91 
377 377 14 14 
378 378 24 71 
379 379 25 58 
380 380 59 12 
381 381 31 62 
382 382 12 3 
383 383 25 17 
384 384 35 19 
385 385 64 27 
386 386 35 45 
387 387 83 8 
388 388 66 67 
389 389 70 43 
390 390 65 69 
391 391 76 55 
392 392 72 17 
393 393 94 31 
394 394 45 30 
395 395 51 38 
396 396 3 92 
397 397 14 69 
398 398 81 71 
399 399 54 88 
400 400 78 61 
401 401 57 96 
402 402 94 67 
403 403 82 15 
404 404 21 74 
405 405 15 86 
406 406 81 78 
407 407 57 51 
408 408 3 86 
409 409 98 84 
410 410 38 44 
411 411 10 12 
412 412 70 57 
413 413 51 46 
414 414 55 59 
415 415 18 88 
416 416 86 68 
417 417 4 87 
418 418 77 81 
419 419 3 28 
420 420 7 74 
421 421 5 41 
422 422 27 91 
423 423 9 0 
424 424 5 26 
425 425 94 37 
426 426 53 7 
427 427 67 53 
428 428 68 84 
429 429 53 88 
430 430 94 86 
431 431 34 30 
432 432 81 67 
433 433 18 80 
434 434 51 52 
435 435 27 79 
436 436 72 89 
437 437 62 52 
438 438 63 51 
439 439 29 41 
440 440 47 46 
441 441 62 81 
442 442 80 90 
443 443 22 85 
444 444 5 62 
445 445 8 77 
446 446 0 99 
447 447 59 67 
448 448 60 49 
449 449 97 67 
450 450 28 58 
451 451 47 57 
452 452 45 85 
453 453 8 87 
454 454 46 79 
455 455 33 84 
456 456 77 23 
457 457 15 65 
458 458 13 12 
459 459 58 50 
460 460 49 37 
461 461 87 98 
462 462 41 31 
463 463 58 60 
464 464 45 70 
465 465 11 28 
466 466 55 89 
467 467 51 17 
468 468 11 71 
469 469 71 17 
470 470 9 68 
471 471 65 77 
472 472 86 41 
473 473 79 50 
474 474 7 93 
475 475 40 49 
476 476 34 58 
477 477 15 46 
478 478 38 65 
479 479 15 66 
480 480 46 31 
481 481 94 27 
482 482 76 85 
483 483 59 89 
484 484 90 87 
485 485 34 67 
486 486 48 29 
487 487 59 75 
488 488 16 21 
489 489 72 0 
490 490 41 16 
491 491 69 11 
492 492 25 84 
493 493 19 86 
494 494 84 73 
495 495 39 8 
496 496 47 48 
497 497 64 74 
498 498 31 29 
499 499 1 18 
500 500 54 90 
501 501 56 3 
502 502 48 83 
503 503 48 48 
504 504 94 32 
505 505 49 16 
506 506 21 19 
507 507 87 94 
508 508 62 21 
509 509 79 5 
510 510 75 34 
511 511 27 74 
512 512 33 97 
513 513 69 2 
514 514 11 47 
515 515 65 31 
516 516 45 22 
517 517 92 44 
518 518 27 52 
519 519 17 73 
520 520 48 19 
521 521 58 73 
522 522 62 16 
523 523 2 37 
524 524 98 46 
525 525 18 60 
526 526 28 67 
527 527 4 89 
528 528 55 67 
529 529 24 73 
530 530 32 73 
531 531 69 5 
532 532 50 54 
533 533 97 43 
534 534 45 47 
535 535 7 36 
536 536 48 59 
537 537 20 52 
538 538 39 28 
539 539 31 27 
540 540 62 93 
541 541 15 6 
542 542 11 92 
543 543 14 15 
544 544 70 44 
545 545 44 33 
546 546 24 32 
547 547 46 39 
548 548 86 16 
549 549 2 81 
550 550 58 41 
551 551 19 32 
552 552 33 54 
553 553 82 7 
554 554 68 1 
555 555 74 83 
556 556 8 98 
557 557 83 17 
558 558 2 8 
559 559 67 56 
560 560 13 26 
561 561 65 67 
562 562 94 5 
563 563 41 95 
564 564 16 28 
565 565 94 96 
566 566 43 40 
567 567 59 85 
568 568 38 71 
569 569 22 33 
570 570 52 89 
571 571 76 42 
572 572 12 19 
573 573 30 40 
574 574 90 91 
575 575 66 25 
576 576 84 11 
577 577 82 83 
578 578 32 22 
579 579 82 78 
580 580 68 40 
581 581 70 29 
582 582 63 81 
583 583 16 50 
584 584 73 35 
585 585 18 21 
586 586 41 70 
587 587 74 99 
588 588 90 4 
589 589 77 12 
590 590 81 31 
591 591 83 58 
592 592 82 79 
593 593 55 16 
594 594 7 20 
595 595 23 98 
596 596 25 96 
597 597 47 29 
598 598 67 45 
599 599 82 14 
600 600 84 61 
601 601 38 30 
602 602 24 10 
603 603 60 58 
604 604 94 15 
605 605 89 75 
606 606 81 87 
607 607 62 40 
608 608 46 74 
609 609 86 71 
610 610 70 79 
611 611 60 63 
612 612 58 89 
613 613 4 24 
614 614 81 54 
615 615 61 60 
616 616 71 27 
617 617 43 74 
618 618 42 44 
619 619 93 78 
620 620 16 19 
621 621 40 58 
622 622 77 29 
623 623 65 65 
624 624 37 68 
625 625 89 49 
626 626 43 65 
627 627 89 54 
628 628 36 9 
629 629 16 38 
630 630 86 77 
631 631 94 50 
632 632 52 4 
633 633 6 15 
634 634 67 18 
635 635 12 50 
636 636 56 62 
637 637 27 70 
638 638 8 42 
639 639 41 81 
640 640 56 84 
641 641 50 7 
642 642 99 58 
643 643 6 61 
644 644 23 67 
645 645 15 67 
646 646 72 3 
647 647 2 38 
648 648 5 78 
649 649 36 36 
650 650 81 10 
651 651 83 0 
652 652 91 2 
653 653 61 13 
654 654 21 30 
655 655 99 23 
656 656 77 74 
657 657 55 78 
658 658 62 62 
659 659 22 89 
660 660 96 55 
661 661 82 37 
662 662 70 46 
663 663 99 68 
664 664 85 50 
665 665 13 2 
666 666 37 29 
667 667 34 66 
668 668 39 56 
669 669 94 45 
670 670 40 76 
671 671 42 8 
672 672 19 88 
673 673 57 39 
674 674 68 54 
675 675 95 69 
676 676 72 88 
677 677 22 15 
678 678 21 70 
679 679 75 96 
680 680 61 42 
681 681 55 43 
682 682 47 55 
683 683 17 93 
684 684 1 44 
685 685 80 92 
686 686 32 69 
687 687 79 69 
688 688 72 11 
689 689 61 88 
690 690 59 87 
691 691 91 19 
692 692 78 2 
693 693 88 45 
694 694 53 84 
695 695 13 29 
696 696 14 30 
697 697 37 64 
698 698 78 50 
699 699 41 97 
700 700 70 74 
701 701 82 22 
702 702 75 68 
703 703 26 92 
704 704 5 43 
705 705 10 43 
706 706 3 47 
707 707 49 50 
708 708 63 89 
709 709 99 93 
710 710 61 18 
711 711 61 84 
712 712 62 42 
713 713 45 19 
714 714 66 0 
715 715 71 6 
716 716 92 37 
717 717 62 79 
718 718 60 40 
719 719 69 70 
720 720 52 16 
721 721 47 69 
722 722 67 66 
723 723 67 96 
724 724 55 37 
725 725 24 1 
726 726 93 9 
727 727 65 1 
728 728 95 61 
729 729 7 38 
730 730 33 18 
731 731 93 98 
732 732 0 84 
733 733 17 95 
734 734 62 18 
735 735 23 0 
736 736 88 25 
737 737 5 80 
738 738 2 14 
739 739 10 88 
740 740 24 60 
741 741 4 90 
742 742 19 91 
743 743 21 31 
744 744 33 53 
745 745 25 42 
746 746 44 44 
747 747 80 74 
748 748 88 75 
749 749 30 48 
750 750 32 5 
751 751 43 6 
752 752 96 81 
753 753 87 1 
754 754 16 79 
755 755 94 7 
756 756 15 75 
757 757 74 56 
758 758 84 21 
759 759 24 25 
760 760 26 40 
761 761 66 7 
762 762 53 19 
763 763 58 87 
764 764 13 90 
765 765 93 57 
766 766 57 49 
767 767 5 46 
768 768 0 45 
769 769 28 99 
770 770 50 48 
771 771 86 9 
772 772 61 27 
773 773 86 74 
774 774 38 4 
775 775 79 60 
776 776 21 1 
777 777 31 75 
778 778 55 6 
779 779 27 21 
780 780 39 76 
781 781 3 82 
782 782 51 25 
783 783 56 83 
784 784 83 1 
785 785 88 19 
786 786 0 32 
787 787 96 70 
788 788 75 79 
789 789 74 68 
790 790 99 38 
791 791 39 20 
792 792 49 74 
793 793 4 93 
794 794 47 74 
795 795 18 18 
796 796 74 74 
797 797 22 45 
798 798 86 28 
799 799 26 71 
800 800 54 97 
801 801 5 86 
802 802 58 92 
803 803 51 73 
804 804 8 31 
805 805 45 12 
806 806 47 37 
807 807 28 82 
808 808 19 2 
809 809 77 5 
810 810 62 58 
811 811 83 38 
812 812 73 37 
813 813 69 52 
814 814 46 35 
815 815 57 48 
816 816 93 48 
817 817 30 43 
818 818 59 22 
819 819 34 3 
820 820 66 15 
821 821 76 10 
822 822 85 81 
823 823 24 86 
824 824 39 46 
825 825 88 9 
826 826 59 3 
827 827 82 81 
828 828 20 40 
829 829 83 65 
830 830 79 12 
831 831 88 1 
832 832 27 32 
833 833 98 56 
834 834 81 93 
835 835 6 88 
836 836 40 65 
837 837 12 99 
838 838 63 72 
839 839 14 66 
840 840 91 92 
841 841 85 15 
842 842 32 1 
843 843 35 4 
844 844 74 32 
845 845 63 0 
846 846 43 89 
847 847 68 48 
848 848 86 58 
849 849 29 76 
850 850 28 5 
851 851 48 52 
852 852 10 87 
853 853 38 88 
854 854 50 78 
855 855 77 82 
856 856 15 44 
857 857 59 95 
858 858 60 78 
859 859 80 31 
860 860 33 16 
861 861 78 96 
862 862 75 39 
863 863 10 10 
864 864 72 93 
865 865 80 93 
866 866 20 38 
867 867 36 65 
868 868 81 4 
869 869 28 15 
870 870 60 82 
871 871 20 74 
872 872 23 90 
873 873 48 63 
874 874 70 90 
875 875 20 39 
876 876 29 45 
877 877 68 9 
878 878 51 7 
879 879 40 14 
880 880 9 3 
881 881 69 86 
882 882 76 60 
883 883 83 39 
884 884 57 85 
885 885 30 20 
886 886 15 99 
887 887 59 5 
888 888 10 68 
889 889 31 93 
890 890 38 64 
891 891 98 15 
892 892 2 71 
893 893 18 61 
894 894 83 57 
895 895 48 4 
896 896 77 48 
897 897 74 17 
898 898 31 21 
899 899 52 73 
900 900 98 66 
901 901 45 43 
902 902 55 56 
903 903 40 69 
904 904 11 10 
905 905 86 47 
906 906 94 71 
907 907 67 4 
908 908 53 72 
909 909 0 6 
910 910 59 94 
911 911 82 75 
912 912 13 4 
913 913 45 25 
914 914 5 47 
915 915 46 89 
916 916 21 94 
917 917 77 90 
918 918 95 71 
919 919 5 10 
920 920 0 53 
921 921 84 96 
922 922 54 95 
923 923 94 35 
924 924 94 77 
925 925 23 74 
926 926 75 81 
927 927 84 17 
928 928 49 92 
929 929 35 56 
930 930 20 79 
931 931 14 56 
932 932 9 78 
933 933 73 0 
934 934 50 82 
935 935 54 39 
936 936 71 2 
937 937 46 26 
938 938 46 65 
939 939 30 28 
940 940 94 11 
941 941 69 32 
942 942 49 80 
943 943 44 78 
944 944 90 37 
945 945 39 39 
946 946 36 70 
947 947 31 85 
948 948 52 1 
949 949 39 75 
950 950 18 50 
951 951 96 28 
952 952 2 24 
953 953 10 89 
954 954 83 84 
955 955 4 40 
956 956 35 35 
957 957 79 63 
958 958 1 31 
959 959 5 27 
960 960 25 92 
961 961 87 66 
962 962 72 51 
963 963 71 95 
964 964 82 65 
965 965 88 95 
966 966 44 27 
967 967 77 49 
968 968 38 69 
969 969 41 56 
970 970 27 45 
971 971 12 88 
972 972 9 25 
973 973 37 46 
974 974 62 46 
975 975 66 5 
976 976 91 89 
977 977 42 29 
978 978 30 41 
979 979 98 28 
980 980 91 34 
981 981 73 12 
982 982 92 14 
983 983 39 55 
984 984 61 50 
985 985 14 13 
986 986 7 45 
987 987 33 21 
988 988 47 2 
989 989 54 11 
990 990 41 29 
991 991 54 55 
992 992 92 93 
993 993 53 75 
994 994 37 8 
995 995 89 99 
996 996 22 88 
997 997 14 86 
998 998 35 21 
999 999 8 88 
#
EDGES (from-node to-node length a b):
0 958 93 0 
0 918 58 0 
0 815 49 0 
0 812 31 0 
0 428 75 0 
0 103 8 0 
1 978 56 0 
1 788 57 0 
1 779 56 0 
1 361 41 0 
1 85 16 0 
1 51 32 0 
2 859 73 0 
2 808 79 0 
2 794 21 0 
2 383 64 0 
2 79 38 0 
2 8 85 0 
3 632 73 0 
3 320 58 0 
3 284 26 0 
4 638 67 0 
4 601 46 0 
4 516 47 0 
4 252 24 0 
4 136 30 0 
5 103 66 0 
5 93 26 0 
5 85 71 0 
6 955 31 0 
6 808 72 0 
6 341 37 0 
6 148 61 0 
7 883 70 0 
7 827 44 0 
7 818 74 0 
7 773 50 0 
7 428 30 0 
7 376 14 0 
7 23 87 0 
8 824 59 0 
8 773 43 0 
8 624 69 0 
8 493 94 0 
8 480 50 0 
8 473 25 0 
8 221 36 0 
8 175 77 0 
9 596 103 0 
9 595 106 0 
9 434 53 0 
9 330 67 0 
10 976 88 0 
10 695 13 0 
10 649 12 0 
10 344 65 0 
11 809 18 0 
11 670 65 0 
12 770 47 0 
12 676 92 0 
12 643 64 0 
12 624 64 0 
12 318 44 0 
13 987 70 0 
13 846 56 0 
14 986 6 0 
14 763 63 0 
15 752 39 0 
15 524 53 0 
16 977 49 0 
16 908 6 0 
16 624 16 0 
16 568 13 0 
16 382 83 0 
17 705 49 0 
17 513 55 0 
17 463 4 0 
17 178 24 0 
18 970 35 0 
18 817 38 0 
18 626 28 0 
18 591 67 0 
18 573 41 0 
18 434 42 0 
19 870 75 0 
19 514 44 0 
20 979 82 0 
20 947 78 0 
21 983 34 0 
21 886 84 0 
21 523 52 0 
21 434 28 0 
21 360 74 0 
22 923 58 0 
22 833 68 0 
22 818 24 0 
22 705 30 0 
22 650 48 0 
22 527 69 0 
22 494 66 0 
22 445 56 0 
22 406 67 0 
22 404 48 0 
22 302 57 0 
23 855 88 0 
23 654 25 0 
23 599 51 0 
23 568 64 0 
23 499 32 0 
23 155 91 0 
23 116 41 0 
24 887 56 0 
24 882 10 0 
24 840 40 0 
24 676 28 0 
24 88 40 0 
25 700 79 0 
25 506 14 0 
25 317 56 0 
25 125 103 0 
26 790 39 0 
26 356 22 0 
26 249 41 0 
26 182 93 0 
26 38 93 0 
27 667 71 0 
27 533 52 0 
27 389 60 0 
28 680 33 0 
28 656 54 0 
28 504 67 0 
28 273 50 0 
29 650 42 0 
29 109 19 0 
30 780 89 0 
30 682 67 0 
31 878 47 0 
31 851 44 0 
31 435 76 0 
31 411 82 0 
31 409 50 0 
31 264 78 0 
31 65 17 0 
31 63 42 0 
32 802 53 0 
32 734 64 0 
32 490 52 0 
32 329 83 0 
33 990 33 0 
33 957 38 0 
33 949 13 0 
33 734 49 0 
33 631 54 0 
33 129 36 0 
34 928 63 0 
34 679 78 0 
34 448 34 0 
34 416 67 0 
34 339 43 0 
34 213 63 0 
34 176 43 0 
34 68 22 0 
34 40 54 0 
35 952 55 0 
35 763 48 0 
35 570 50 0 
35 152 4 0 
35 141 29 0 
36 845 11 0 
36 778 16 0 
36 631 49 0 
36 600 56 0 
36 552 60 0 
36 344 95 0 
36 230 55 0 
37 996 80 0 
37 896 62 0 
37 793 89 0 
37 737 76 0 
37 674 60 0 
37 428 85 0 
37 327 29 0 
37 189 53 0 
38 967 73 0 
38 873 42 0 
38 748 72 0 
38 718 67 0 
38 579 66 0 
38 343 59 0 
38 86 53 0 
39 742 46 0 
39 562 80 0 
39 560 22 0 
39 81 39 0 
40 904 77 0 
40 696 70 0 
40 170 99 0 
41 763 73 0 
41 729 87 0 
41 697 69 0 
41 102 20 0 
42 879 67 0 
42 752 59 0 
42 678 19 0 
42 648 32 0 
42 325 23 0 
42 261 33 0 
42 212 48 0 
43 693 8 0 
43 660 20 0 
43 513 39 0 
43 448 30 0 
44 796 45 0 
44 731 64 0 
44 523 92 0 
44 367 22 0 
45 903 48 0 
45 621 42 0 
45 578 48 0 
45 437 21 0 
45 419 75 0 
46 965 99 0 
46 962 53 0 
46 738 39 0 
46 236 43 0 
46 122 76 0 
47 867 79 0 
47 782 41 0 
47 728 57 0 
47 485 82 0 
47 230 55 0 
48 755 88 0 
48 621 42 0 
48 519 44 0 
48 343 84 0 
49 806 54 0 
49 741 52 0 
49 245 51 0 
49 147 31 0 
50 931 28 0 
50 895 41 0 
50 776 28 0 
50 355 36 0 
50 222 55 0 
50 101 8 0 
50 64 25 0 
51 522 27 0 
51 510 19 0 
51 237 40 0 
51 166 34 0 
52 831 51 0 
52 752 78 0 
52 646 36 0 
52 173 48 0 
53 914 34 0 
53 837 73 0 
53 544 38 0 
54 701 30 0 
54 548 35 0 
54 477 42 0 
54 437 25 0 
54 145 14 0 
55 593 13 0 
55 506 45 0 
55 456 21 0 
56 982 91 0 
56 571 58 0 
56 456 76 0 
56 407 42 0 
56 193 58 0 
57 989 58 0 
57 840 48 0 
57 740 27 0 
57 694 16 0 
57 309 23 0 
57 75 49 0 
58 789 56 0 
58 707 26 0 
58 533 74 0 
58 230 65 0 
59 628 63 0 
59 483 37 0 
59 388 39 0 
59 325 23 0 
59 75 68 0 
60 946 62 0 
60 937 42 0 
60 797 34 0 
60 728 101 0 
60 673 57 0 
60 371 94 0 
61 990 70 0 
61 362 68 0 
61 286 109 0 
61 265 82 0 
62 878 58 0 
62 824 26 0 
62 563 52 0 
62 485 26 0 
62 187 88 0 
63 915 66 0 
63 630 65 0 
63 617 51 0 
63 518 36 0 
63 471 56 0 
63 458 38 0 
64 878 57 0 
64 733 42 0 
64 703 40 0 
65 928 59 0 
65 893 59 0 
65 691 27 0 
66 957 83 0 
66 606 100 0 
66 475 44 0 
66 121 26 0 
67 146 77 0 
68 706 51 0 
68 678 48 0 
68 609 50 0 
68 430 67 0 
68 377 43 0 
68 185 12 0 
68 126 56 0 
69 860 31 0 
69 707 53 0 
69 381 48 0 
70 942 35 0 
70 875 82 0 
71 842 49 0 
71 505 29 0 
71 361 8 0 
71 92 43 0 
72 921 76 0 
72 808 44 0 
72 762 7 0 
72 740 47 0 
73 219 40 0 
73 209 79 0 
73 199 34 0 
74 911 67 0 
74 760 14 0 
74 738 42 0 
74 193 20 0 
75 978 81 0 
75 605 21 0 
75 470 86 0 
75 338 33 0 
75 152 62 0 
75 132 102 0 
76 855 70 0 
76 483 82 0 
77 983 46 0 
77 324 61 0 
78 891 78 0 
78 820 63 0 
78 817 39 0 
78 561 17 0 
78 477 46 0 
78 176 33 0 
78 131 79 0 
79 780 41 0 
79 644 24 0 
79 492 40 0 
79 373 50 0 
79 322 78 0 
79 309 34 0 
79 190 23 0 
79 185 32 0 
80 905 59 0 
80 847 41 0 
80 726 79 0 
80 376 38 0 
80 123 49 0 
81 884 65 0 
81 841 30 0 
81 624 51 0 
81 591 47 0 
81 301 7 0 
81 237 21 0 
81 189 51 0 
82 408 88 0 
82 282 67 0 
83 745 58 0 
83 429 33 0 
83 321 59 0 
83 303 38 0 
83 134 63 0 
84 866 74 0 
84 216 51 0 
84 178 63 0 
84 87 74 0 
85 922 86 0 
85 703 101 0 
85 481 7 0 
85 407 51 0 
85 289 23 0 
85 149 25 0 
86 315 65 0 
86 264 72 0 
87 840 87 0 
87 481 74 0 
87 278 61 0 
89 833 21 0 
89 629 69 0 
89 428 48 0 
89 147 56 0 
90 975 28 0 
90 842 54 0 
90 830 18 0 
90 814 32 0 
90 694 60 0 
90 391 25 0 
90 354 6 0 
90 306 66 0 
90 258 63 0 
91 998 51 0 
91 696 68 0 
91 151 38 0 
92 919 94 0 
92 754 95 0 
92 650 26 0 
92 349 14 0 
92 137 53 0 
93 966 58 0 
93 901 44 0 
93 892 23 0 
93 737 18 0 
93 313 67 0 
94 508 15 0 
94 431 27 0 
94 209 54 0 
95 961 70 0 
95 605 77 0 
95 450 30 0 
96 946 63 0 
96 876 75 0 
96 522 68 0 
96 247 97 0 
97 931 78 0 
97 750 38 0 
98 975 46 0 
98 950 58 0 
98 661 14 0 
98 623 19 0 
98 565 49 0 
98 485 45 0 
98 478 41 0 
99 752 69 0 
99 744 77 0 
99 668 74 0 
100 974 30 0 
100 798 46 0 
100 685 19 0 
100 586 35 0 
100 550 37 0 
100 228 66 0 
100 125 23 0 
100 121 61 0 
101 999 66 0 
101 299 75 0 
102 869 45 0 
102 544 25 0 
102 308 26 0 
103 706 92 0 
103 651 22 0 
103 610 62 0 
103 145 52 0 
104 860 76 0 
104 853 65 0 
104 713 65 0 
105 876 25 0 
105 779 48 0 
105 668 12 0 
105 644 15 0 
105 357 38 0 
105 311 29 0 
105 282 26 0 
105 194 51 0 
106 931 40 0 
106 929 28 0 
106 765 56 0 
106 579 62 0 
106 504 50 0 
107 940 36 0 
107 582 41 0 
107 487 37 0 
107 431 46 0 
107 252 38 0 
107 184 59 0 
107 135 73 0 
108 979 75 0 
108 842 55 0 
109 896 16 0 
109 556 101 0 
109 296 67 0 
110 974 59 0 
110 951 94 0 
110 867 39 0 
110 810 61 0 
110 659 49 0 
110 469 73 0 
111 918 38 0 
111 872 60 0 
111 773 34 0 
111 667 36 0 
111 649 31 0 
111 132 57 0 
112 516 44 0 
112 327 35 0 
113 983 61 0 
114 768 44 0 
114 745 51 0 
114 717 58 0 
114 534 58 0 
114 312 62 0 
114 234 39 0 
115 751 43 0 
115 690 48 0 
115 212 7 0 
115 140 23 0 
116 853 47 0 
116 472 69 0 
116 164 81 0 
116 163 30 0 
117 612 65 0 
117 563 79 0 
117 372 14 0 
117 266 79 0 
118 896 48 0 
118 687 61 0 
118 478 36 0 
118 323 57 0 
119 498 15 0 
119 442 86 0 
120 950 8 0 
120 734 47 0 
120 727 61 0 
121 913 16 0 
121 902 34 0 
121 659 58 0 
121 587 80 0 
121 512 65 0 
121 213 62 0 
122 963 48 0 
122 852 16 0 
122 439 41 0 
123 812 92 0 
123 347 82 0 
123 294 57 0 
123 202 95 0 
123 152 76 0 
124 711 45 0 
124 640 40 0 
124 576 109 0 
125 302 49 0 
125 282 76 0 
125 146 81 0 
126 985 67 0 
126 510 72 0 
126 412 55 0 
127 754 79 0 
127 437 67 0 
127 352 21 0 
128 630 16 0 
128 612 16 0 
128 563 34 0 
129 824 52 0 
129 686 34 0 
129 505 80 0 
129 204 32 0 
129 176 50 0 
130 735 101 0 
130 415 30 0 
130 286 99 0 
130 237 90 0 
131 922 98 0 
131 803 76 0 
131 560 31 0 
131 505 26 0 
131 474 96 0 
132 796 77 0 
132 180 78 0 
133 961 58 0 
133 645 14 0 
133 492 19 0 
133 308 84 0 
133 291 30 0 
133 240 41 0 
133 190 6 0 
134 901 50 0 
134 857 93 0 
134 606 84 0 
135 617 38 0 
135 301 59 0 
136 903 11 0 
136 803 6 0 
136 676 27 0 
136 170 44 0 
136 159 68 0 
137 709 99 0 
137 581 30 0 
137 171 42 0 
137 144 67 0 
138 871 98 0 
138 466 90 0 
138 195 45 0 
139 839 71 0 
139 824 42 0 
139 558 87 0 
139 545 39 0 
139 445 80 0 
139 419 80 0 
139 375 17 0 
140 701 27 0 
140 637 69 0 
140 620 81 0 
140 209 78 0 
140 186 52 0 
141 591 62 0 
141 383 12 0 
142 906 34 0 
142 780 41 0 
142 518 66 0 
142 497 26 0 
142 223 56 0 
143 871 80 0 
143 418 41 0 
144 970 71 0 
144 793 101 0 
144 792 52 0 
144 590 28 0 
144 481 27 0 
144 334 37 0 
144 294 66 0 
144 165 70 0 
145 231 26 0 
146 785 103 0 
146 529 22 0 
146 507 87 0 
146 491 93 0 
146 338 70 0 
147 938 10 0 
147 614 47 0 
147 597 39 0 
147 450 11 0 
148 309 50 0 
148 165 85 0 
149 734 37 0 
149 722 30 0 
149 644 69 0 
149 573 58 0 
149 554 47 0 
149 232 55 0 
150 927 34 0 
150 872 89 0 
150 841 34 0 
150 680 37 0 
150 596 94 0 
150 326 64 0 
150 278 44 0 
150 208 52 0 
151 864 83 0 
151 683 96 0 
151 169 27 0 
152 826 40 0 
152 628 40 0 
152 466 46 0 
152 258 44 0 
153 989 76 0 
153 570 43 0 
153 188 57 0 
153 167 19 0 
154 841 90 0 
154 708 51 0 
154 333 14 0 
154 208 64 0 
155 906 2 0 
155 307 19 0 
155 231 85 0 
156 951 52 0 
156 949 58 0 
156 662 43 0 
156 455 64 0 
156 365 3 0 
156 185 66 0 
156 159 91 0 
157 887 32 0 
157 792 81 0 
157 652 3 0 
157 332 62 0 
157 302 43 0 
158 467 76 0 
159 905 61 0 
159 800 88 0 
159 707 41 0 
160 945 16 0 
160 804 30 0 
160 711 45 0 
160 695 29 0 
160 632 53 0 
160 451 18 0 
160 206 64 0 
161 981 39 0 
161 921 47 0 
161 558 80 0 
161 392 34 0 
161 363 56 0 
162 953 64 0 
162 865 24 0 
162 784 71 0 
162 491 60 0 
162 467 58 0 
163 604 88 0 
163 486 43 0 
163 448 62 0 
163 198 74 0 
164 791 57 0 
164 297 89 0 
164 290 54 0 
164 193 66 0 
165 817 49 0 
165 639 10 0 
165 578 69 0 
165 535 63 0 
165 441 26 0 
166 329 43 0 
167 393 33 0 
168 884 43 0 
168 858 37 0 
168 730 31 0 
169 252 66 0 
170 797 53 0 
170 217 84 0 
171 823 55 0 
171 558 72 0 
171 520 32 0 
171 489 48 0 
172 874 69 0 
172 771 108 0 
172 564 51 0 
172 255 38 0 
172 232 51 0 
173 874 32 0 
173 841 70 0 
173 794 4 0 
173 747 36 0 
174 756 66 0 
174 643 77 0 
174 565 18 0 
174 515 55 0 
174 329 24 0 
174 328 85 0 
175 823 16 0 
175 770 30 0 
175 404 9 0 
175 367 54 0 
176 765 25 0 
176 364 24 0 
177 817 70 0 
177 648 98 0 
177 629 84 0 
177 425 16 0 
177 249 77 0 
178 690 9 0 
178 489 80 0 
178 287 27 0 
178 211 48 0 
179 260 44 0 
180 855 74 0 
180 816 41 0 
180 623 60 0 
181 940 103 0 
181 257 15 0 
182 708 35 0 
182 588 112 0 
182 307 66 0 
182 262 91 0 
183 580 27 0 
183 495 56 0 
184 553 87 0 
184 498 49 0 
184 467 64 0 
185 771 54 0 
185 758 46 0 
185 515 25 0 
185 365 69 0 
185 331 36 0 
185 323 45 0 
186 930 38 0 
186 584 53 0 
186 549 55 0 
186 476 36 0 
186 322 52 0 
187 870 33 0 
187 769 65 0 
187 712 57 0 
187 650 81 0 
188 975 37 0 
188 850 40 0 
188 745 25 0 
188 697 29 0 
188 323 38 0 
188 239 36 0 
189 447 36 0 
189 256 59 0 
190 193 31 0 
191 378 1 0 
191 248 63 0 
192 950 30 0 
192 719 57 0 
192 526 20 0 
192 219 44 0 
192 218 69 0 
193 245 32 0 
194 966 35 0 
194 865 56 0 
194 765 25 0 
194 621 43 0 
194 526 58 0 
194 388 32 0 
194 379 57 0 
194 198 94 0 
195 897 42 0 
195 503 50 0 
195 318 40 0 
195 275 42 0 
196 473 65 0 
197 989 88 0 
197 852 69 0 
197 592 16 0 
198 992 90 0 
198 990 74 0 
198 916 19 0 
198 897 104 0 
198 662 82 0 
199 627 38 0 
199 611 16 0 
199 441 3 0 
199 233 17 0 
200 924 103 0 
200 701 82 0 
200 635 20 0 
200 228 23 0 
201 844 65 0 
201 745 87 0 
201 652 91 0 
201 518 79 0 
201 222 53 0 
202 932 86 0 
202 855 18 0 
202 705 92 0 
202 665 112 0 
202 602 98 0 
202 329 10 0 
203 927 60 0 
203 758 56 0 
203 638 48 0 
203 361 22 0 
204 855 6 0 
204 817 58 0 
204 418 5 0 
204 279 14 0 
205 958 77 0 
206 755 14 0 
206 747 58 0 
206 556 111 0 
206 550 35 0 
206 547 44 0 
206 395 39 0 
206 290 49 0 
207 477 29 0 
208 706 37 0 
208 548 86 0 
209 718 51 0 
209 607 53 0 
209 418 61 0 
210 915 31 0 
210 781 48 0 
210 700 30 0 
210 635 34 0 
210 454 21 0 
210 286 63 0 
211 494 67 0 
211 425 82 0 
211 370 13 0 
211 339 31 0 
212 993 33 0 
212 985 66 0 
213 944 26 0 
213 899 34 0 
213 818 49 0 
213 732 88 0 
213 664 13 0 
213 653 55 0 
213 536 37 0 
213 471 24 0 
213 428 27 0 
213 358 76 0 
213 353 28 0 
213 328 73 0 
213 252 17 0 
214 797 16 0 
214 452 56 0 
215 975 84 0 
215 911 68 0 
215 869 58 0 
215 866 34 0 
215 619 79 0 
215 449 83 0 
216 943 30 0 
217 979 74 0 
217 977 23 0 
217 827 88 0 
218 967 15 0 
218 852 74 0 
218 619 19 0 
218 416 7 0 
218 303 36 0 
219 721 10 0 
219 632 69 0 
219 316 59 0 
219 296 58 0 
220 792 29 0 
220 737 27 0 
220 706 53 0 
220 664 72 0 
220 545 63 0 
220 508 81 0 
220 450 36 0 
220 241 34 0 
221 616 15 0 
221 566 35 0 
222 888 36 0 
222 484 47 0 
222 315 52 0 
222 298 73 0 
222 242 22 0 
223 961 28 0 
223 932 73 0 
223 927 28 0 
223 779 50 0 
223 671 45 0 
223 234 44 0 
224 725 106 0 
225 941 89 0 
225 920 41 0 
225 884 53 0 
225 863 84 0 
225 736 108 0 
225 649 66 0 
225 612 53 0 
225 519 24 0 
225 432 81 0 
225 375 83 0 
226 715 89 0 
226 645 71 0 
226 644 64 0 
226 564 93 0 
226 541 110 0 
226 449 33 0 
226 386 67 0 
227 436 62 0 
227 379 60 0 
227 327 59 0 
228 870 55 0 
228 810 49 0 
228 740 13 0 
228 336 56 0 
229 690 38 0 
229 577 53 0 
230 988 70 0 
230 874 34 0 
230 471 27 0 
230 419 89 0 
230 324 28 0 
231 894 69 0 
231 543 25 0 
231 256 55 0 
232 905 51 0 
233 822 22 0 
233 709 40 0 
233 697 33 0 
233 622 37 0 
233 431 50 0 
233 281 29 0 
234 958 57 0 
234 840 55 0 
234 676 36 0 
234 304 44 0 
235 639 62 0 
235 476 38 0 
235 370 46 0 
235 344 75 0 
236 916 87 0 
236 792 54 0 
236 768 81 0 
236 700 46 0 
236 602 58 0 
236 542 93 0 
236 457 73 0 
236 265 30 0 
236 249 52 0 
237 648 77 0 
237 373 3 0 
237 295 92 0 
238 825 28 0 
238 661 33 0 
238 308 39 0 
239 957 30 0 
239 578 55 0 
239 494 33 0 
240 728 28 0 
240 337 52 0 
240 245 15 0 
241 814 29 0 
241 629 27 0 
241 510 50 0 
241 460 29 0 
242 722 40 0 
242 439 55 0 
243 967 31 0 
243 929 31 0 
244 867 63 0 
244 775 63 0 
244 733 97 0 
244 411 42 0 
245 896 17 0 
245 761 32 0 
245 566 20 0 
245 436 51 0 
246 920 46 0 
246 868 63 0 
246 295 99 0 
247 694 60 0 
247 480 43 0 
247 432 78 0 
247 328 37 0 
248 753 61 0 
248 718 34 0 
248 654 72 0 
248 560 81 0 
249 634 39 0 
249 443 64 0 
250 995 88 0 
250 928 76 0 
250 779 31 0 
250 529 66 0 
250 253 82 0 
251 899 8 0 
251 829 37 0 
251 810 26 0 
251 733 36 0 
251 709 50 0 
251 553 81 0 
252 940 69 0 
252 518 66 0 
253 982 101 0 
253 866 57 0 
253 748 60 0 
253 544 63 0 
254 728 41 0 
254 682 14 0 
254 553 66 0 
254 435 30 0 
254 320 47 0 
254 276 73 0 
255 954 76 0 
255 812 54 0 
255 808 41 0 
255 366 52 0 
255 291 54 0 
255 287 56 0 
256 952 66 0 
256 520 20 0 
256 264 58 0 
257 850 87 0 
257 784 94 0 
257 583 52 0 
257 399 3 0 
257 327 65 0 
258 786 15 0 
258 495 32 0 
258 375 51 0 
259 987 30 0 
259 837 95 0 
259 757 84 0 
259 689 99 0 
260 691 8 0 
260 588 21 0 
261 960 38 0 
261 677 40 0 
261 469 67 0 
261 424 31 0 
261 337 16 0 
262 782 42 0 
262 324 31 0 
263 960 68 0 
263 861 98 0 
263 774 34 0 
263 476 40 0 
264 823 54 0 
264 649 25 0 
264 630 86 0 
265 849 63 0 
265 551 74 0 
265 532 39 0 
265 471 31 0 
265 303 31 0 
266 748 98 0 
266 745 29 0 
266 571 72 0 
267 876 47 0 
267 767 47 0 
267 735 91 0 
267 596 9 0 
267 512 16 0 
267 370 28 0 
268 956 63 0 
268 748 70 0 
269 639 73 0 
269 297 47 0 
270 946 45 0 
271 999 68 0 
271 997 66 0 
271 446 80 0 
271 420 55 0 
271 407 52 0 
272 707 51 0 
273 768 74 0 
273 650 16 0 
273 496 35 0 
273 369 65 0 
273 355 28 0 
273 337 55 0 
274 815 44 0 
275 881 4 0 
275 575 57 0 
275 323 48 0 
276 444 58 0 
277 810 68 0 
277 624 65 0 
277 548 67 0 
277 424 26 0 
277 360 84 0 
278 875 62 0 
278 832 55 0 
278 440 36 0 
279 992 10 0 
280 910 43 0 
280 826 89 0 
280 816 82 0 
280 629 44 0 
281 943 21 0 
281 633 94 0 
281 418 20 0 
282 657 46 0 
282 338 60 0 
283 992 4 0 
283 702 27 0 
283 519 74 0 
284 950 59 0 
284 900 58 0 
284 833 64 0 
284 819 97 0 
284 718 60 0 
284 689 16 0 
284 315 77 0 
285 957 44 0 
285 846 4 0 
285 663 60 0 
286 830 8 0 
286 659 102 0 
286 635 80 0 
286 580 37 0 
286 486 39 0 
286 330 76 0 
287 808 95 0 
287 509 97 0 
287 440 48 0 
288 690 34 0 
288 591 29 0 
288 474 62 0 
289 909 105 0 
289 290 50 0 
290 957 35 0 
290 934 33 0 
290 919 57 0 
290 741 59 0 
291 616 68 0 
291 612 13 0 
291 394 60 0 
291 350 14 0 
292 873 51 0 
292 828 59 0 
292 798 13 0 
292 613 72 0 
292 583 67 0 
292 305 18 0 
293 957 73 0 
293 867 31 0 
293 688 91 0 
293 670 33 0 
294 837 56 0 
294 757 44 0 
294 713 30 0 
294 618 11 0 
294 580 37 0 
294 537 13 0 
294 397 29 0 
295 969 50 0 
295 873 40 0 
296 895 33 0 
296 857 79 0 
296 815 41 0 
296 457 41 0 
297 648 31 0 
297 573 22 0 
298 884 76 0 
298 819 59 0 
298 791 52 0 
298 790 22 0 
298 714 30 0 
298 684 94 0 
298 405 103 0 
299 910 40 0 
299 580 74 0 
299 545 68 0 
299 401 38 0 
300 605 87 0 
300 351 54 0 
300 334 108 0 
301 887 23 0 
301 824 24 0 
301 454 53 0 
301 446 90 0 
301 338 45 0 
301 329 60 0 
301 317 44 0 
302 798 20 0 
302 681 34 0 
303 447 43 0 
304 967 6 0 
304 796 30 0 
304 748 34 0 
304 636 25 0 
305 789 51 0 
305 525 57 0 
306 953 42 0 
306 544 56 0 
306 480 36 0 
306 479 19 0 
307 984 22 0 
307 973 47 0 
307 882 6 0 
307 531 55 0 
307 461 40 0 
308 975 36 0 
308 969 69 0 
308 901 59 0 
308 841 15 0 
308 694 80 0 
308 677 77 0 
309 981 44 0 
309 945 9 0 
309 572 43 0 
309 505 30 0 
309 382 54 0 
310 905 59 0 
310 817 53 0 
310 763 11 0 
310 754 36 0 
310 439 56 0 
311 995 31 0 
311 837 55 0 
312 773 25 0 
312 756 54 0 
312 487 17 0 
312 407 40 0 
313 976 20 0 
313 551 79 0 
313 433 72 0 
313 398 8 0 
314 891 95 0 
314 869 30 0 
314 743 16 0 
314 323 83 0 
316 793 105 0 
316 326 69 0 
317 680 39 0 
317 488 44 0 
318 954 65 0 
318 942 66 0 
318 919 71 0 
318 860 42 0 
318 746 40 0 
318 411 65 0 
318 344 86 0 
319 770 50 0 
319 661 83 0 
319 596 52 0 
319 586 46 0 
319 558 42 0 
319 409 104 0 
320 958 111 0 
320 855 19 0 
320 799 71 0 
320 729 102 0 
320 600 33 0 
320 513 94 0 
321 989 6 0 
321 921 89 0 
321 704 64 0 
321 686 65 0 
321 602 36 0 
321 569 44 0 
321 499 60 0 
321 497 64 0 
321 408 95 0 
321 340 10 0 
322 932 87 0 
322 891 31 0 
322 784 44 0 
322 737 91 0 
322 716 9 0 
322 676 46 0 
323 846 68 0 
323 812 15 0 
323 793 100 0 
323 721 51 0 
324 883 21 0 
324 726 46 0 
325 615 13 0 
325 529 27 0 
326 999 30 0 
326 964 56 0 
326 924 69 0 
326 820 63 0 
326 726 87 0 
326 588 88 0 
327 891 83 0 
327 823 52 0 
327 508 47 0 
330 651 81 0 
330 437 30 0 
331 960 18 0 
332 899 35 0 
332 487 28 0 
332 347 25 0 
333 976 90 0 
333 785 104 0 
333 739 13 0 
333 692 107 0 
333 356 97 0 
334 993 64 0 
334 980 16 0 
335 949 53 0 
335 548 31 0 
336 926 24 0 
336 831 60 0 
336 573 43 0 
336 436 31 0 
337 661 64 0 
337 569 7 0 
337 438 47 0 
337 390 56 0 
338 403 54 0 
338 393 43 0 
339 845 74 0 
339 497 17 0 
339 371 79 0 
340 823 81 0 
341 898 69 0 
341 753 105 0 
341 568 20 0 
341 469 83 0 
342 989 87 0 
342 666 76 0 
343 906 20 0 
343 734 64 0 
343 646 77 0 
343 584 45 0 
343 510 46 0 
343 367 43 0 
344 445 32 0 
345 612 86 0 
346 656 72 0 
346 509 62 0 
346 357 64 0 
347 985 105 0 
347 813 42 0 
347 790 56 0 
347 615 39 0 
347 547 65 0 
347 485 55 0 
347 392 76 0 
348 928 45 0 
348 725 50 0 
348 676 50 0 
349 725 85 0 
349 713 58 0 
349 604 29 0 
349 434 47 0 
350 893 46 0 
350 863 88 0 
350 436 15 0 
351 803 17 0 
351 478 31 0 
351 383 79 0 
351 374 53 0 
352 836 64 0 
352 755 54 0 
352 612 90 0 
353 685 17 0 
353 430 29 0 
354 961 41 0 
354 630 52 0 
354 526 68 0 
354 402 44 0 
355 868 36 0 
356 740 69 0 
356 690 64 0 
357 428 61 0 
357 382 87 0 
358 997 9 0 
358 825 103 0 
358 535 42 0 
358 516 66 0 
358 458 66 0 
359 931 83 0 
359 823 74 0 
359 595 79 0 
359 477 84 0 
359 379 72 0 
360 944 90 0 
360 896 73 0 
360 598 67 0 
360 543 74 0 
360 512 19 0 
360 476 36 0 
361 890 22 0 
362 866 14 0 
363 855 86 0 
363 829 75 0 
364 995 33 0 
364 849 40 0 
364 383 71 0 
365 515 61 0 
365 405 84 0 
365 368 26 0 
366 597 27 0 
366 550 38 0 
367 984 17 0 
367 795 57 0 
367 770 25 0 
367 677 55 0 
368 865 11 0 
369 854 38 0 
369 783 46 0 
369 668 22 0 
369 620 40 0 
369 573 23 0 
369 425 80 0 
370 936 76 0 
370 732 35 0 
370 494 54 0 
370 438 36 0 
371 749 77 0 
371 747 64 0 
371 426 46 0 
372 982 30 0 
372 710 29 0 
372 424 75 0 
374 671 96 0 
375 970 39 0 
375 593 23 0 
375 557 27 0 
375 446 90 0 
376 991 46 0 
376 941 73 0 
376 795 73 0 
376 776 90 0 
376 554 99 0 
376 539 64 0 
376 538 64 0 
378 784 92 0 
378 628 63 0 
379 868 78 0 
379 762 48 0 
379 648 28 0 
380 897 16 0 
380 607 28 0 
381 974 35 0 
381 949 15 0 
381 484 64 0 
382 834 113 0 
382 718 61 0 
382 647 36 0 
382 609 100 0 
383 662 54 0 
383 456 52 0 
384 670 57 0 
384 477 34 0 
385 603 31 0 
385 495 31 0 
386 581 38 0 
386 408 52 0 
387 974 43 0 
387 742 105 0 
388 791 54 0 
388 774 69 0 
388 584 33 0 
388 398 16 0 
389 697 39 0 
389 506 55 0 
390 724 34 0 
390 560 67 0 
391 966 43 0 
391 787 25 0 
392 992 79 0 
392 550 28 0 
392 517 34 0 
392 448 34 0 
393 886 104 0 
393 856 80 0 
393 568 69 0 
394 783 54 0 
394 589 37 0 
394 452 55 0 
394 429 59 0 
395 956 16 0 
395 770 10 0 
395 733 66 0 
396 919 82 0 
396 590 99 0 
396 569 62 0 
398 907 68 0 
398 803 30 0 
398 794 34 0 
398 649 57 0 
398 481 46 0 
399 870 8 0 
399 523 73 0 
399 483 5 0 
400 647 79 0 
400 607 26 0 
400 580 23 0 
400 487 24 0 
400 483 34 0 
401 786 86 0 
401 731 36 0 
401 599 86 0 
402 940 56 0 
402 528 39 0 
403 988 37 0 
403 958 83 0 
404 918 74 0 
404 795 56 0 
404 787 75 0 
404 622 72 0 
404 613 53 0 
404 608 25 0 
405 433 7 0 
406 949 42 0 
406 935 47 0 
406 916 62 0 
406 850 90 0 
406 613 94 0 
406 448 36 0 
407 950 39 0 
407 935 12 0 
407 821 45 0 
407 586 25 0 
407 420 55 0 
408 839 23 0 
410 615 28 0 
410 518 14 0 
411 959 16 0 
411 925 63 0 
411 693 85 0 
412 674 4 0 
413 707 4 0 
413 661 32 0 
413 525 36 0 
413 510 27 0 
414 658 8 0 
414 584 30 0 
414 524 45 0 
414 446 68 0 
415 672 1 0 
415 599 98 0 
415 552 37 0 
416 957 9 0 
416 887 69 0 
416 871 66 0 
416 857 38 0 
416 850 86 0 
416 773 6 0 
416 663 13 0 
417 870 56 0 
417 810 65 0 
417 790 107 0 
417 680 73 0 
417 446 13 0 
418 845 82 0 
418 699 39 0 
419 757 76 0 
419 692 79 0 
420 854 43 0 
420 684 31 0 
420 540 58 0 
420 529 17 0 
420 430 88 0 
421 947 51 0 
421 941 65 0 
421 940 94 0 
421 850 43 0 
421 676 82 0 
421 539 30 0 
422 834 54 0 
422 800 28 0 
422 773 61 0 
422 767 50 0 
423 605 110 0 
423 468 71 0 
424 763 81 0 
424 750 34 0 
424 670 61 0 
424 605 97 0 
424 591 84 0 
424 548 82 0 
424 501 56 0 
425 847 28 0 
425 652 35 0 
426 996 87 0 
426 941 30 0 
426 639 75 0 
426 526 65 0 
426 484 88 0 
427 770 18 0 
427 753 56 0 
428 872 45 0 
429 947 22 0 
429 851 36 0 
429 526 33 0 
429 497 18 0 
429 460 51 0 
430 724 63 0 
430 721 50 0 
430 593 80 0 
430 475 65 0 
431 912 33 0 
431 885 11 0 
432 771 58 0 
432 558 99 0 
432 461 32 0 
432 442 23 0 
433 916 14 0 
433 490 68 0 
434 821 49 0 
434 529 34 0 
435 956 45 0 
435 816 73 0 
435 736 81 0 
435 537 28 0 
436 906 28 0 
437 485 32 0 
438 983 24 0 
438 960 56 0 
438 775 18 0 
438 667 33 0 
438 644 43 0 
438 597 27 0 
439 931 21 0 
439 814 18 0 
440 938 19 0 
440 802 47 0 
440 707 4 0 
440 524 51 0 
441 943 18 0 
441 633 87 0 
441 552 40 0 
442 960 55 0 
443 985 72 0 
443 955 48 0 
443 732 22 0 
443 555 52 0 
443 477 40 0 
444 709 99 0 
445 662 69 0 
446 992 92 0 
446 716 111 0 
447 948 66 0 
447 925 37 0 
447 883 37 0 
447 793 61 0 
447 664 31 0 
447 542 54 0 
447 504 49 0 
448 776 62 0 
449 924 10 0 
449 797 78 0 
450 835 37 0 
450 672 31 0 
450 654 29 0 
450 583 14 0 
453 572 68 0 
454 956 45 0 
455 999 25 0 
456 953 94 0 
456 863 68 0 
456 836 56 0 
456 748 53 0 
457 883 73 0 
457 650 86 0 
458 797 34 0 
458 732 73 0 
458 676 96 0 
458 589 64 0 
459 913 28 0 
459 819 53 0 
459 734 32 0 
459 610 31 0 
460 766 14 0 
460 507 69 0 
461 769 59 0 
461 592 20 0 
461 528 45 0 
461 490 94 0 
462 896 40 0 
462 783 54 0 
462 516 10 0 
462 509 46 0 
463 842 64 0 
463 830 52 0 
463 747 26 0 
463 555 28 0 
463 545 30 0 
463 501 57 0 
464 804 54 0 
464 750 66 0 
464 674 28 0 
464 636 14 0 
464 477 38 0 
465 954 91 0 
465 918 94 0 
465 875 14 0 
465 713 35 0 
465 561 67 0 
465 500 75 0 
466 974 44 0 
466 939 66 0 
466 813 40 0 
466 636 27 0 
467 967 41 0 
467 723 81 0 
468 898 54 0 
468 749 30 0 
468 616 74 0 
468 607 60 0 
468 532 43 0 
469 857 79 0 
469 855 65 0 
470 698 71 0 
470 611 51 0 
471 778 72 0 
473 783 40 0 
473 706 76 0 
474 487 55 0 
474 476 44 0 
475 876 12 0 
475 611 24 0 
476 650 67 0 
476 627 55 0 
476 619 62 0 
477 909 43 0 
477 689 62 0 
477 659 44 0 
478 994 57 0 
478 561 27 0 
478 514 32 0 
478 489 73 0 
479 934 38 0 
479 930 14 0 
479 676 61 0 
479 559 53 0 
480 906 62 0 
481 957 39 0 
481 754 94 0 
481 488 78 0 
482 839 65 0 
482 832 72 0 
482 767 81 0 
482 532 40 0 
483 999 51 0 
483 694 8 0 
483 682 36 0 
483 518 49 0 
484 892 89 0 
485 574 61 0 
486 909 53 0 
486 886 77 0 
486 736 40 0 
486 682 26 0 
486 608 45 0 
487 707 27 0 
489 608 78 0 
490 857 81 0 
490 810 47 0 
490 701 41 0 
490 583 42 0 
491 808 51 0 
491 597 28 0 
492 837 20 0 
492 731 69 0 
492 531 90 0 
495 852 84 0 
496 999 56 0 
496 815 10 0 
496 500 43 0 
497 976 31 0 
497 810 16 0 
497 809 70 0 
497 772 47 0 
498 906 76 0 
498 626 38 0 
498 569 10 0 
499 604 93 0 
499 565 121 0 
500 743 68 0 
500 677 82 0 
501 939 36 0 
501 844 34 0 
501 773 77 0 
502 771 83 0 
503 971 54 0 
503 870 36 0 
503 693 40 0 
503 685 54 0 
503 620 43 0 
503 572 46 0 
504 649 58 0 
505 616 25 0 
506 930 60 0 
507 912 117 0 
507 861 9 0 
507 542 76 0 
508 920 70 0 
508 813 32 0 
508 688 14 0 
509 976 85 0 
509 910 91 0 
509 756 95 0 
509 651 6 0 
509 637 83 0 
510 632 38 0 
510 560 63 0 
511 884 32 0 
511 850 69 0 
511 840 66 0 
511 830 81 0 
512 601 67 0 
513 678 83 0 
515 797 45 0 
515 566 24 0 
516 974 29 0 
518 705 19 0 
519 989 72 0 
519 805 67 0 
519 716 83 0 
519 634 74 0 
520 950 43 0 
520 943 59 0 
520 831 44 0 
521 851 23 0 
522 883 31 0 
522 805 17 0 
522 583 57 0 
523 635 16 0 
523 577 92 0 
524 980 14 0 
524 805 63 0 
524 741 104 0 
526 645 13 0 
526 631 68 0 
527 962 78 0 
527 897 100 0 
527 892 18 0 
527 578 73 0 
527 575 89 0 
527 553 113 0 
528 961 32 0 
528 680 26 0 
529 979 87 0 
529 833 76 0 
529 820 72 0 
529 728 72 0 
530 872 19 0 
530 816 66 0 
530 672 20 0 
530 644 11 0 
531 871 85 0 
531 760 55 0 
531 743 55 0 
531 651 15 0 
532 868 59 0 
532 862 29 0 
532 748 43 0 
532 724 18 0 
533 586 62 0 
534 806 10 0 
534 655 59 0 
535 750 40 0 
535 671 45 0 
535 653 59 0 
536 639 23 0 
536 584 35 0 
536 576 60 0 
537 897 64 0 
538 983 27 0 
538 896 43 0 
538 764 67 0 
538 670 48 0 
538 541 33 0 
539 808 28 0 
539 569 11 0 
540 960 37 0 
540 949 29 0 
540 876 58 0 
540 637 42 0 
541 980 81 0 
541 897 60 0 
541 554 53 0 
545 852 64 0 
545 553 46 0 
546 762 32 0 
547 741 66 0 
548 559 44 0 
549 923 103 0 
549 883 91 0 
549 767 35 0 
549 713 75 0 
549 633 66 0 
549 601 62 0 
550 948 40 0 
550 879 32 0 
550 659 60 0 
551 889 62 0 
551 751 35 0 
551 642 84 0 
551 585 11 0 
553 984 48 0 
553 784 6 0 
554 604 30 0 
555 998 73 0 
555 706 80 0 
555 704 80 0 
555 654 75 0 
555 637 49 0 
556 930 22 0 
556 775 81 0 
556 669 101 0 
556 576 116 0 
558 925 69 0 
558 911 104 0 
559 950 49 0 
560 739 62 0 
560 655 86 0 
561 902 15 0 
561 877 58 0 
561 818 45 0 
561 790 45 0 
561 788 16 0 
561 775 16 0 
563 827 43 0 
564 914 22 0 
564 906 89 0 
564 798 70 0 
564 708 77 0 
564 702 71 0 
564 606 88 0 
565 873 57 0 
565 848 39 0 
566 988 38 0 
566 919 48 0 
566 764 58 0 
567 884 2 0 
567 810 27 0 
568 895 68 0 
568 764 31 0 
568 730 53 0 
568 577 46 0 
569 804 14 0 
569 636 45 0 
570 840 39 0 
570 781 49 0 
570 724 52 0 
570 687 34 0 
570 641 82 0 
571 932 76 0 
571 814 31 0 
571 724 22 0 
571 719 29 0 
573 762 31 0 
573 646 56 0 
574 994 98 0 
574 698 43 0 
574 622 63 0 
575 940 31 0 
575 848 39 0 
575 775 37 0 
575 698 28 0 
577 993 30 0 
577 776 102 0 
578 884 68 0 
578 635 34 0 
579 878 77 0 
579 712 41 0 
580 992 58 0 
581 624 51 0 
582 921 26 0 
582 736 61 0 
583 966 36 0 
583 924 83 0 
584 846 62 0 
585 823 65 0 
586 825 77 0 
586 701 63 0 
586 614 43 0 
587 863 110 0 
587 799 56 0 
587 644 60 0 
588 922 98 0 
589 956 48 0 
589 844 20 0 
589 616 16 0 
590 886 95 0 
590 806 35 0 
591 930 66 0 
591 847 18 0 
591 775 4 0 
592 746 52 0 
592 668 49 0 
592 621 47 0 
593 925 66 0 
593 862 30 0 
593 680 27 0 
594 772 54 0 
594 736 81 0 
594 634 60 0 
595 976 69 0 
595 860 83 0 
595 685 57 0 
596 917 52 0 
596 857 34 0 
597 748 62 0 
598 955 63 0 
598 904 66 0 
600 810 22 0 
600 703 66 0 
601 891 62 0 
602 977 26 0 
602 802 89 0 
602 695 22 0 
602 660 85 0 
603 890 23 0 
603 772 31 0 
603 763 29 0 
603 682 13 0 
603 638 54 0 
604 627 39 0 
605 996 68 0 
605 973 60 0 
605 796 15 0 
605 734 63 0 
605 606 14 0 
606 975 83 0 
606 937 70 0 
606 752 16 0 
606 668 52 0 
606 625 39 0 
607 766 10 0 
607 695 50 0 
609 894 14 0 
610 781 67 0 
611 962 17 0 
611 930 43 0 
611 858 15 0 
611 704 59 0 
611 667 26 0 
612 897 74 0 
612 674 36 0 
613 937 42 0 
613 904 16 0 
613 654 18 0 
613 639 68 0 
614 763 40 0 
615 883 30 0 
615 849 36 0 
615 791 46 0 
616 894 32 0 
616 767 69 0 
616 626 47 0 
617 845 77 0 
617 651 84 0 
618 921 67 0 
618 862 33 0 
618 747 48 0 
619 878 82 0 
620 768 31 0 
620 739 69 0 
620 700 77 0 
621 927 60 0 
622 753 30 0 
622 727 30 0 
622 631 27 0 
623 931 52 0 
623 875 52 0 
623 823 46 0 
623 774 67 0 
625 922 58 0 
625 705 79 0 
625 644 68 0 
626 681 25 0 
627 672 78 0 
628 802 86 0 
628 639 72 0 
629 961 76 0 
629 925 37 0 
629 763 65 0 
629 703 55 0 
630 837 77 0 
630 700 16 0 
630 643 82 0 
631 936 53 0 
631 923 15 0 
631 769 82 0 
631 748 26 0 
631 667 62 0 
632 985 39 0 
632 949 72 0 
632 894 61 0 
633 850 24 0 
633 712 62 0 
633 635 36 0 
634 948 23 0 
636 861 40 0 
639 920 50 0 
640 923 62 0 
640 854 8 0 
640 782 59 0 
640 669 54 0 
641 906 78 0 
643 946 31 0 
643 938 40 0 
643 810 56 0 
643 802 61 0 
643 767 15 0 
643 671 64 0 
644 910 45 0 
645 906 79 0 
645 755 99 0 
645 736 84 0 
646 853 92 0 
646 788 76 0 
646 679 93 0 
647 964 84 0 
647 698 77 0 
649 970 13 0 
649 910 62 0 
649 896 43 0 
649 666 7 0 
650 906 62 0 
651 930 101 0 
651 813 54 0 
654 704 21 0 
655 952 97 0 
655 945 62 0 
655 798 14 0 
656 889 50 0 
658 931 48 0 
658 846 33 0 
658 768 64 0 
658 737 60 0 
659 822 64 0 
660 841 41 0 
661 952 81 0 
661 824 44 0 
661 751 50 0 
661 662 15 0 
662 914 65 0 
662 724 17 0 
663 955 99 0 
663 776 103 0 
663 752 13 0 
663 717 39 0 
664 928 55 0 
664 880 89 0 
664 871 69 0 
665 828 39 0 
665 743 30 0 
665 680 62 0 
666 874 69 0 
666 854 51 0 
668 845 61 0 
668 676 46 0 
669 977 54 0 
669 915 65 0 
669 842 76 0 
670 898 56 0 
670 876 33 0 
671 920 62 0 
671 726 51 0 
671 707 43 0 
672 784 108 0 
672 741 15 0 
672 735 88 0 
673 701 30 0 
675 947 66 0 
677 992 105 0 
677 900 92 0 
677 777 61 0 
678 962 54 0 
678 894 63 0 
679 985 103 0 
679 898 87 0 
679 807 49 0 
679 780 41 0 
679 701 74 0 
681 724 6 0 
682 984 15 0 
683 836 36 0 
683 812 79 0 
683 702 63 0 
685 743 85 0 
686 874 43 0 
686 821 74 0 
687 923 37 0 
687 795 80 0 
688 883 30 0 
688 807 84 0 
689 932 53 0 
690 957 31 0 
690 798 65 0 
691 884 74 0 
691 842 62 0 
692 981 11 0 
692 718 42 0 
694 975 80 0 
694 794 12 0 
694 696 67 0 
695 969 39 0 
696 911 82 0 
696 894 74 0 
697 859 54 0 
697 830 67 0 
699 735 99 0 
700 779 68 0 
701 865 71 0 
702 998 62 0 
702 756 60 0 
703 949 21 0 
703 839 29 0 
704 917 86 0 
704 831 93 0 
704 762 54 0 
705 824 29 0 
705 746 34 0 
707 983 11 0 
707 849 33 0 
708 772 62 0 
709 854 51 0 
709 724 71 0 
710 900 61 0 
710 720 9 0 
711 928 14 0 
711 823 37 0 
712 781 71 0 
713 951 52 0 
713 918 72 0 
713 869 17 0 
713 867 47 0 
713 840 86 0 
713 810 43 0 
713 760 28 0 
715 888 87 0 
715 798 27 0 
717 999 55 0 
717 943 18 0 
718 972 53 0 
718 766 9 0 
719 970 49 0 
719 937 50 0 
720 956 25 0 
720 913 11 0 
721 805 57 0 
722 794 22 0 
723 995 22 0 
723 986 79 0 
723 940 89 0 
723 846 25 0 
723 745 68 0 
724 744 27 0 
725 808 5 0 
727 995 101 0 
727 956 45 0 
728 953 89 0 
728 761 61 0 
729 837 61 0 
730 997 71 0 
730 869 6 0 
730 778 25 0 
731 744 75 0 
732 825 116 0 
732 781 4 0 
734 898 31 0 
734 813 35 0 
735 759 25 0 
736 981 20 0 
737 785 103 0 
737 774 83 0 
738 853 82 0 
739 937 72 0 
740 930 19 0 
740 773 64 0 
741 784 119 0 
741 761 104 0 
741 747 78 0 
745 866 6 0 
745 832 10 0 
745 828 5 0 
745 747 64 0 
746 818 27 0 
747 961 11 0 
747 923 41 0 
747 901 47 0 
748 827 8 0 
750 931 54 0 
751 826 16 0 
751 808 24 0 
753 983 72 0 
754 928 35 0 
754 857 46 0 
754 777 16 0 
755 822 75 0 
756 962 62 0 
756 872 17 0 
757 856 60 0 
757 788 23 0 
757 786 78 0 
758 941 19 0 
760 784 69 0 
761 990 33 0 
763 961 36 0 
763 774 85 0 
764 894 77 0 
764 893 29 0 
764 876 48 0 
765 841 43 0 
766 914 52 0 
767 969 37 0 
767 896 72 0 
768 985 35 0 
768 814 47 0 
769 993 35 0 
769 905 78 0 
769 789 55 0 
770 939 28 0 
770 883 34 0 
770 846 42 0 
772 804 53 0 
772 774 33 0 
774 999 89 0 
774 896 59 0 
775 968 42 0 
775 873 31 0 
775 829 6 0 
776 938 69 0 
776 811 72 0 
777 950 28 0 
777 799 6 0 
778 832 38 0 
780 840 54 0 
782 970 31 0 
782 959 46 0 
782 873 38 0 
782 844 24 0 
782 834 74 0 
783 911 27 0 
783 786 76 0 
786 910 86 0 
787 952 105 0 
787 830 60 0 
788 930 55 0 
788 809 74 0 
790 990 59 0 
791 858 62 0 
791 857 78 0 
791 816 61 0 
793 921 80 0 
794 978 37 0 
794 959 63 0 
795 854 68 0 
796 846 34 0 
797 976 82 0 
798 887 35 0 
798 880 81 0 
800 998 78 0 
801 918 91 0 
802 817 56 0 
803 838 12 0 
804 871 45 0 
805 813 47 0 
808 899 78 0 
809 986 81 0 
809 923 34 0 
809 896 43 0 
809 888 92 0 
811 902 33 0 
812 932 76 0 
812 924 45 0 
812 813 16 0 
813 933 52 0 
813 851 21 0 
814 900 61 0 
814 862 29 0 
817 915 49 0 
817 858 46 0 
820 906 63 0 
821 966 36 0 
821 868 8 0 
823 983 34 0 
823 944 82 0 
826 856 60 0 
828 901 25 0 
830 998 45 0 
830 850 51 0 
831 849 95 0 
832 941 42 0 
833 931 84 0 
833 843 82 0 
833 839 85 0 
834 842 104 0 
835 920 36 0 
835 845 105 0 
836 953 38 0 
837 942 42 0 
837 882 75 0 
838 999 57 0 
839 866 29 0 
840 895 98 0 
841 889 95 0 
852 874 60 0 
856 990 30 0 
856 989 51 0 
856 970 12 0 
856 910 67 0 
857 951 77 0 
860 997 73 0 
860 995 100 0 
862 957 24 0 
863 980 84 0 
863 975 56 0 
865 923 60 0 
867 928 30 0 
868 922 95 0 
869 877 40 0 
871 919 66 0 
874 962 39 0 
876 998 25 0 
876 997 44 0 
876 975 54 0 
877 912 55 0 
878 881 81 0 
879 906 79 0 
881 989 76 0 
881 953 59 0 
886 994 94 0 
886 922 39 0 
887 925 78 0 
888 915 42 0 
889 953 21 0 
889 932 27 0 
891 904 87 0 
892 962 73 0 
892 909 65 0 
893 904 51 0 
895 933 25 0 
895 904 37 0 
898 942 62 0 
898 926 74 0 
899 967 35 0 
901 935 10 0 
902 989 45 0 
903 977 40 0 
905 976 42 0 
905 910 54 0 
906 941 46 0 
906 939 77 0 
909 930 76 0 
911 991 34 0 
911 968 44 0 
911 922 34 0 
915 955 65 0 
916 952 73 0 
919 923 92 0 
924 995 23 0 
924 964 17 0 
925 936 87 0 
925 935 47 0 
926 994 82 0 
926 955 82 0 
926 954 9 0 
927 932 97 0 
929 992 68 0 
929 953 41 0 
936 941 30 0 
939 952 28 0 
942 956 47 0 
942 953 40 0 
942 949 11 0 
943 999 37 0 
948 979 53 0 
954 978 68 0 
968 999 36 0 
975 997 96 0 
977 995 84 0 
986 990 38 0 
