#GRAPH (#nodes #edges id uu vv ww xx yy zz):
#1000 5026 geo(0,{1000,100,3,0.005,0.000,0.000}) 100 
#
VERTICES (index name u v w x y z):
0 0 39 92 
1 1 87 23 
2 2 47 80 
3 3 36 76 
4 4 39 46 
5 5 32 31 
6 6 10 72 
7 7 62 27 
8 8 67 26 
9 9 80 59 
10 10 80 58 
11 11 55 53 
12 12 93 68 
13 13 8 19 
14 14 47 41 
15 15 15 6 
16 16 53 15 
17 17 96 25 
18 18 38 74 
19 19 42 19 
20 20 95 55 
21 21 82 69 
22 22 12 16 
23 23 88 69 
24 24 86 37 
25 25 76 22 
26 26 89 45 
27 27 41 83 
28 28 21 15 
29 29 27 30 
30 30 22 24 
31 31 61 9 
32 32 78 68 
33 33 90 48 
34 34 45 0 
35 35 47 18 
36 36 3 29 
37 37 0 40 
38 38 52 42 
39 39 51 4 
40 40 50 32 
41 41 53 54 
42 42 2 23 
43 43 67 30 
44 44 68 64 
45 45 89 10 
46 46 27 62 
47 47 28 49 
48 48 71 99 
49 49 59 40 
50 50 54 61 
51 51 2 86 
52 52 65 87 
53 53 77 91 
54 54 65 74 
55 55 65 8 
56 56 59 96 
57 57 65 65 
58 58 42 77 
59 59 52 25 
60 60 79 83 
61 61 60 42 
62 62 99 28 
63 63 47 48 
64 64 20 37 
65 65 45 98 
66 66 80 15 
67 67 18 13 
68 68 4 79 
69 69 13 57 
70 70 82 84 
71 71 57 1 
72 72 37 7 
73 73 36 51 
74 74 49 19 
75 75 19 3 
76 76 57 11 
77 77 95 54 
78 78 62 84 
79 79 62 71 
80 80 49 33 
81 81 96 67 
82 82 48 33 
83 83 12 42 
84 84 94 91 
85 85 73 34 
86 86 58 3 
87 87 35 38 
88 88 89 37 
89 89 81 27 
90 90 61 1 
91 91 24 94 
92 92 86 92 
93 93 43 46 
94 94 26 80 
95 95 96 17 
96 96 2 22 
97 97 92 56 
98 98 67 97 
99 99 90 41 
100 100 42 71 
101 101 9 72 
102 102 15 94 
103 103 24 74 
104 104 99 1 
105 105 3 82 
106 106 37 72 
107 107 10 73 
108 108 13 29 
109 109 42 6 
110 110 15 87 
111 111 26 77 
112 112 65 48 
113 113 26 24 
114 114 18 87 
115 115 91 90 
116 116 39 54 
117 117 13 1 
118 118 42 38 
119 119 9 24 
120 120 20 67 
121 121 25 90 
122 122 18 25 
123 123 16 17 
124 124 26 73 
125 125 8 34 
126 126 85 96 
127 127 95 99 
128 128 98 75 
129 129 62 60 
130 130 7 34 
131 131 33 62 
132 132 20 76 
133 133 21 84 
134 134 77 92 
135 135 20 7 
136 136 73 37 
137 137 6 69 
138 138 72 83 
139 139 73 68 
140 140 69 24 
141 141 53 20 
142 142 17 73 
143 143 8 89 
144 144 5 75 
145 145 7 22 
146 146 95 66 
147 147 4 5 
148 148 0 94 
149 149 63 91 
150 150 52 97 
151 151 79 2 
152 152 19 98 
153 153 70 18 
154 154 82 98 
155 155 49 38 
156 156 42 20 
157 157 91 43 
158 158 71 66 
159 159 11 68 
160 160 90 0 
161 161 61 49 
162 162 62 5 
163 163 93 74 
164 164 52 49 
165 165 64 28 
166 166 96 27 
167 167 28 55 
168 168 94 30 
169 169 80 94 
170 170 8 80 
171 171 90 85 
172 172 19 77 
173 173 31 71 
174 174 45 68 
175 175 92 80 
176 176 65 71 
177 177 19 45 
178 178 72 90 
179 179 96 98 
180 180 26 35 
181 181 93 62 
182 182 29 73 
183 183 33 70 
184 184 3 18 
185 185 35 82 
186 186 9 36 
187 187 61 68 
188 188 9 19 
189 189 52 94 
190 190 79 25 
191 191 91 35 
192 192 39 94 
193 193 97 77 
194 194 30 6 
195 195 9 69 
196 196 59 15 
197 197 76 54 
198 198 35 12 
199 199 9 46 
200 200 39 90 
201 201 97 16 
202 202 74 68 
203 203 31 65 
204 204 58 18 
205 205 31 67 
206 206 97 70 
207 207 94 25 
208 208 71 13 
209 209 66 2 
210 210 45 78 
211 211 76 21 
212 212 86 89 
213 213 22 77 
214 214 94 24 
215 215 49 89 
216 216 68 87 
217 217 20 63 
218 218 79 0 
219 219 76 60 
220 220 41 58 
221 221 27 50 
222 222 83 82 
223 223 47 39 
224 224 82 44 
225 225 91 2 
226 226 32 68 
227 227 77 29 
228 228 74 92 
229 229 53 28 
230 230 56 39 
231 231 66 85 
232 232 36 20 
233 233 79 7 
234 234 34 77 
235 235 16 37 
236 236 72 39 
237 237 69 7 
238 238 13 16 
239 239 42 82 
240 240 63 51 
241 241 93 87 
242 242 24 40 
243 243 34 28 
244 244 2 12 
245 245 3 81 
246 246 91 40 
247 247 58 59 
248 248 70 1 
249 249 81 39 
250 250 91 68 
251 251 32 72 
252 252 78 0 
253 253 44 3 
254 254 95 28 
255 255 1 92 
256 256 9 15 
257 257 45 95 
258 258 17 49 
259 259 0 16 
260 260 28 82 
261 261 49 56 
262 262 96 14 
263 263 12 19 
264 264 72 80 
265 265 72 74 
266 266 34 46 
267 267 39 61 
268 268 19 82 
269 269 15 43 
270 270 78 48 
271 271 19 60 
272 272 90 45 
273 273 10 66 
274 274 25 86 
275 275 97 54 
276 276 22 13 
277 277 74 87 
278 278 12 79 
279 279 23 55 
280 280 1 11 
281 281 20 29 
282 282 62 86 
283 283 57 90 
284 284 70 58 
285 285 19 25 
286 286 63 20 
287 287 62 64 
288 288 27 68 
289 289 65 4 
290 290 56 1 
291 291 97 71 
292 292 99 33 
293 293 31 66 
294 294 14 15 
295 295 83 67 
296 296 78 39 
297 297 16 51 
298 298 54 38 
299 299 84 2 
300 300 54 34 
301 301 19 10 
302 302 85 47 
303 303 80 40 
304 304 55 27 
305 305 8 42 
306 306 75 80 
307 307 6 67 
308 308 4 76 
309 309 75 27 
310 310 42 81 
311 311 76 88 
312 312 91 76 
313 313 95 15 
314 314 49 50 
315 315 74 82 
316 316 6 47 
317 317 27 18 
318 318 52 43 
319 319 49 34 
320 320 7 44 
321 321 54 35 
322 322 92 76 
323 323 14 54 
324 324 95 1 
325 325 75 55 
326 326 92 2 
327 327 74 23 
328 328 49 22 
329 329 81 60 
330 330 12 83 
331 331 99 91 
332 332 9 70 
333 333 17 97 
334 334 88 72 
335 335 92 15 
336 336 11 29 
337 337 10 0 
338 338 8 44 
339 339 61 11 
340 340 14 20 
341 341 76 72 
342 342 76 17 
343 343 33 5 
344 344 11 9 
345 345 27 80 
346 346 84 60 
347 347 8 60 
348 348 18 47 
349 349 63 96 
350 350 89 3 
351 351 33 33 
352 352 33 88 
353 353 97 67 
354 354 11 60 
355 355 86 22 
356 356 32 90 
357 357 85 46 
358 358 23 98 
359 359 46 66 
360 360 52 44 
361 361 91 99 
362 362 12 29 
363 363 87 90 
364 364 70 4 
365 365 5 55 
366 366 12 37 
367 367 36 59 
368 368 28 22 
369 369 46 1 
370 370 68 59 
371 371 72 51 
372 372 45 44 
373 373 81 41 
374 374 51 38 
375 375 43 21 
376 376 7 55 
377 377 15 78 
378 378 14 23 
379 379 60 74 
380 380 47 40 
381 381 49 2 
382 382 8 83 
383 383 96 92 
384 384 65 6 
385 385 56 67 
386 386 25 96 
387 387 95 97 
388 388 85 56 
389 389 29 59 
390 390 37 10 
391 391 73 7 
392 392 89 57 
393 393 66 9 
394 394 52 3 
395 395 74 88 
396 396 25 79 
397 397 38 56 
398 398 73 50 
399 399 7 83 
400 400 18 53 
401 401 40 25 
402 402 17 63 
403 403 26 37 
404 404 95 21 
405 405 91 7 
406 406 93 13 
407 407 98 61 
408 408 7 27 
409 409 40 96 
410 410 99 80 
411 411 76 20 
412 412 67 35 
413 413 42 68 
414 414 7 32 
415 415 29 78 
416 416 31 93 
417 417 80 53 
418 418 81 82 
419 419 90 88 
420 420 43 29 
421 421 91 0 
422 422 41 85 
423 423 78 36 
424 424 48 90 
425 425 54 27 
426 426 38 1 
427 427 27 51 
428 428 76 44 
429 429 30 20 
430 430 26 52 
431 431 91 5 
432 432 30 73 
433 433 15 54 
434 434 5 45 
435 435 20 85 
436 436 41 4 
437 437 89 71 
438 438 93 11 
439 439 91 46 
440 440 85 84 
441 441 40 97 
442 442 59 22 
443 443 94 90 
444 444 39 18 
445 445 40 87 
446 446 56 53 
447 447 41 22 
448 448 86 84 
449 449 55 28 
450 450 35 65 
451 451 77 69 
452 452 98 6 
453 453 76 58 
454 454 73 55 
455 455 32 41 
456 456 2 62 
457 457 61 42 
458 458 94 83 
459 459 71 9 
460 460 25 87 
461 461 50 53 
462 462 83 84 
463 463 45 28 
464 464 35 88 
465 465 0 3 
466 466 14 99 
467 467 18 39 
468 468 15 35 
469 469 32 45 
470 470 58 8 
471 471 82 21 
472 472 96 28 
473 473 4 52 
474 474 10 84 
475 475 40 61 
476 476 69 49 
477 477 71 90 
478 478 45 92 
479 479 28 94 
480 480 17 5 
481 481 65 62 
482 482 64 34 
483 483 56 18 
484 484 70 12 
485 485 83 49 
486 486 39 6 
487 487 91 64 
488 488 87 84 
489 489 43 56 
490 490 71 14 
491 491 92 53 
492 492 89 30 
493 493 96 53 
494 494 52 18 
495 495 80 86 
496 496 30 70 
497 497 97 93 
498 498 92 65 
499 499 18 61 
500 500 48 66 
501 501 58 27 
502 502 61 79 
503 503 36 82 
504 504 99 18 
505 505 55 61 
506 506 95 0 
507 507 59 29 
508 508 5 62 
509 509 96 13 
510 510 16 65 
511 511 51 35 
512 512 28 86 
513 513 17 45 
514 514 74 38 
515 515 8 97 
516 516 7 86 
517 517 20 64 
518 518 78 20 
519 519 58 74 
520 520 7 97 
521 521 63 71 
522 522 10 74 
523 523 46 55 
524 524 4 54 
525 525 32 94 
526 526 80 1 
527 527 4 38 
528 528 77 57 
529 529 36 55 
530 530 43 63 
531 531 23 47 
532 532 90 81 
533 533 56 54 
534 534 88 23 
535 535 14 43 
536 536 33 65 
537 537 5 58 
538 538 37 71 
539 539 87 1 
540 540 4 50 
541 541 13 13 
542 542 94 29 
543 543 31 80 
544 544 8 64 
545 545 18 18 
546 546 70 37 
547 547 68 74 
548 548 30 32 
549 549 91 87 
550 550 74 94 
551 551 6 73 
552 552 34 6 
553 553 84 42 
554 554 40 91 
555 555 81 46 
556 556 12 94 
557 557 56 37 
558 558 27 74 
559 559 3 36 
560 560 44 14 
561 561 64 65 
562 562 80 38 
563 563 36 7 
564 564 67 98 
565 565 54 83 
566 566 47 91 
567 567 5 5 
568 568 51 44 
569 569 28 25 
570 570 25 51 
571 571 38 98 
572 572 83 75 
573 573 75 72 
574 574 94 45 
575 575 46 98 
576 576 36 45 
577 577 40 31 
578 578 24 44 
579 579 44 47 
580 580 99 69 
581 581 85 17 
582 582 52 80 
583 583 42 10 
584 584 81 91 
585 585 91 98 
586 586 91 71 
587 587 76 80 
588 588 44 46 
589 589 95 91 
590 590 70 62 
591 591 77 35 
592 592 7 15 
593 593 57 96 
594 594 59 92 
595 595 5 14 
596 596 98 69 
597 597 55 64 
598 598 76 1 
599 599 12 9 
600 600 99 54 
601 601 60 20 
602 602 1 67 
603 603 74 17 
604 604 86 99 
605 605 80 13 
606 606 0 85 
607 607 94 59 
608 608 70 61 
609 609 23 85 
610 610 7 85 
611 611 63 66 
612 612 21 40 
613 613 33 26 
614 614 97 17 
615 615 19 23 
616 616 45 73 
617 617 64 79 
618 618 47 62 
619 619 23 74 
620 620 58 71 
621 621 5 33 
622 622 65 10 
623 623 98 81 
624 624 62 45 
625 625 21 98 
626 626 59 66 
627 627 50 90 
628 628 90 28 
629 629 33 50 
630 630 62 16 
631 631 93 95 
632 632 86 88 
633 633 35 20 
634 634 49 88 
635 635 19 22 
636 636 50 31 
637 637 80 41 
638 638 35 94 
639 639 59 57 
640 640 12 32 
641 641 35 99 
642 642 24 91 
643 643 13 92 
644 644 26 28 
645 645 36 6 
646 646 88 57 
647 647 42 94 
648 648 79 36 
649 649 87 72 
650 650 17 31 
651 651 74 34 
652 652 70 72 
653 653 43 71 
654 654 17 96 
655 655 10 23 
656 656 8 7 
657 657 94 1 
658 658 77 59 
659 659 54 29 
660 660 23 26 
661 661 26 95 
662 662 24 25 
663 663 44 26 
664 664 95 67 
665 665 59 85 
666 666 40 39 
667 667 1 33 
668 668 59 76 
669 669 66 20 
670 670 13 93 
671 671 20 28 
672 672 1 68 
673 673 67 66 
674 674 45 62 
675 675 94 87 
676 676 58 34 
677 677 63 79 
678 678 71 84 
679 679 33 4 
680 680 6 72 
681 681 16 64 
682 682 85 14 
683 683 93 59 
684 684 17 69 
685 685 85 80 
686 686 16 88 
687 687 86 72 
688 688 9 64 
689 689 11 54 
690 690 17 84 
691 691 39 78 
692 692 16 11 
693 693 66 43 
694 694 60 54 
695 695 99 67 
696 696 40 18 
697 697 94 38 
698 698 35 53 
699 699 27 37 
700 700 56 62 
701 701 13 76 
702 702 71 16 
703 703 9 58 
704 704 9 56 
705 705 46 87 
706 706 99 56 
707 707 57 53 
708 708 36 31 
709 709 22 29 
710 710 31 92 
711 711 83 57 
712 712 79 96 
713 713 69 68 
714 714 27 95 
715 715 23 77 
716 716 58 67 
717 717 21 60 
718 718 55 32 
719 719 26 10 
720 720 37 88 
721 721 86 83 
722 722 85 22 
723 723 51 22 
724 724 46 82 
725 725 35 59 
726 726 68 95 
727 727 8 82 
728 728 43 97 
729 729 48 28 
730 730 53 96 
731 731 44 64 
732 732 5 60 
733 733 30 66 
734 734 15 72 
735 735 92 1 
736 736 66 16 
737 737 17 61 
738 738 2 31 
739 739 33 74 
740 740 68 81 
741 741 5 61 
742 742 12 30 
743 743 99 97 
744 744 71 70 
745 745 64 98 
746 746 37 30 
747 747 26 78 
748 748 30 84 
749 749 57 45 
750 750 6 35 
751 751 85 28 
752 752 97 92 
753 753 58 39 
754 754 67 43 
755 755 77 40 
756 756 89 34 
757 757 68 55 
758 758 13 49 
759 759 76 0 
760 760 79 43 
761 761 58 28 
762 762 33 99 
763 763 87 57 
764 764 61 58 
765 765 1 78 
766 766 87 99 
767 767 5 71 
768 768 92 23 
769 769 74 0 
770 770 7 91 
771 771 73 14 
772 772 51 46 
773 773 92 11 
774 774 60 11 
775 775 57 9 
776 776 47 6 
777 777 58 31 
778 778 70 22 
779 779 85 82 
780 780 51 71 
781 781 30 19 
782 782 75 84 
783 783 92 46 
784 784 47 85 
785 785 54 49 
786 786 13 22 
787 787 71 88 
788 788 93 0 
789 789 29 36 
790 790 73 21 
791 791 29 95 
792 792 89 66 
793 793 28 8 
794 794 23 67 
795 795 2 39 
796 796 33 89 
797 797 29 30 
798 798 93 2 
799 799 29 93 
800 800 29 97 
801 801 87 8 
802 802 55 8 
803 803 58 17 
804 804 34 68 
805 805 63 57 
806 806 44 69 
807 807 61 51 
808 808 30 16 
809 809 76 27 
810 810 46 67 
811 811 30 60 
812 812 38 24 
813 813 19 50 
814 814 24 10 
815 815 64 68 
816 816 96 31 
817 817 56 21 
818 818 75 6 
819 819 71 89 
820 820 64 31 
821 821 9 75 
822 822 9 74 
823 823 41 95 
824 824 82 17 
825 825 58 65 
826 826 59 88 
827 827 18 11 
828 828 92 70 
829 829 87 24 
830 830 27 91 
831 831 68 13 
832 832 24 63 
833 833 91 77 
834 834 21 7 
835 835 96 34 
836 836 48 24 
837 837 82 41 
838 838 79 8 
839 839 79 65 
840 840 69 31 
841 841 81 15 
842 842 97 21 
843 843 92 48 
844 844 66 15 
845 845 48 54 
846 846 55 96 
847 847 16 0 
848 848 1 35 
849 849 81 35 
850 850 2 16 
851 851 10 3 
852 852 88 34 
853 853 63 31 
854 854 4 34 
855 855 94 82 
856 856 2 49 
857 857 89 16 
858 858 73 54 
859 859 14 95 
860 860 15 90 
861 861 3 56 
862 862 48 32 
863 863 74 62 
864 864 7 4 
865 865 20 93 
866 866 97 86 
867 867 29 22 
868 868 9 90 
869 869 36 5 
870 870 34 90 
871 871 20 1 
872 872 9 54 
873 873 88 32 
874 874 87 33 
875 875 87 47 
876 876 39 48 
877 877 48 75 
878 878 31 46 
879 879 37 87 
880 880 81 79 
881 881 33 85 
882 882 43 24 
883 883 63 87 
884 884 53 69 
885 885 96 96 
886 886 96 55 
887 887 77 10 
888 888 51 39 
889 889 8 39 
890 890 94 65 
891 891 53 63 
892 892 97 47 
893 893 7 78 
894 894 86 2 
895 895 11 52 
896 896 6 66 
897 897 99 8 
898 898 13 15 
899 899 30 12 
900 900 56 14 
901 901 78 73 
902 902 1 13 
903 903 46 9 
904 904 72 91 
905 905 18 51 
906 906 99 82 
907 907 8 8 
908 908 83 64 
909 909 66 73 
910 910 50 75 
911 911 25 73 
912 912 10 99 
913 913 70 23 
914 914 22 18 
915 915 0 61 
916 916 17 78 
917 917 80 51 
918 918 25 35 
919 919 89 47 
920 920 21 80 
921 921 67 21 
922 922 71 23 
923 923 45 26 
924 924 23 65 
925 925 98 94 
926 926 81 56 
927 927 49 23 
928 928 32 39 
929 929 3 12 
930 930 85 60 
931 931 75 74 
932 932 74 80 
933 933 45 85 
934 934 35 96 
935 935 40 13 
936 936 14 62 
937 937 33 29 
938 938 39 55 
939 939 41 10 
940 940 10 34 
941 941 24 60 
942 942 16 92 
943 943 77 67 
944 944 53 16 
945 945 63 98 
946 946 29 18 
947 947 81 85 
948 948 88 29 
949 949 60 32 
950 950 60 53 
951 951 98 51 
952 952 21 22 
953 953 91 4 
954 954 27 87 
955 955 59 17 
956 956 97 34 
957 957 62 36 
958 958 16 84 
959 959 14 32 
960 960 52 91 
961 961 5 93 
962 962 44 30 
963 963 35 75 
964 964 80 76 
965 965 12 64 
966 966 1 16 
967 967 11 41 
968 968 60 86 
969 969 64 41 
970 970 31 3 
971 971 71 3 
972 972 44 49 
973 973 8 69 
974 974 66 3 
975 975 94 12 
976 976 22 27 
977 977 16 78 
978 978 10 96 
979 979 55 43 
980 980 88 68 
981 981 21 9 
982 982 22 8 
983 983 84 6 
984 984 77 39 
985 985 2 47 
986 986 36 77 
987 987 91 44 
988 988 58 81 
989 989 85 20 
990 990 41 73 
991 991 15 48 
992 992 16 7 
993 993 14 50 
994 994 95 89 
995 995 98 4 
996 996 59 25 
997 997 82 62 
998 998 54 37 
999 999 89 56 
#
EDGES (from-node to-node length a b):
0 800 11 0 
0 661 13 0 
0 623 60 0 
0 88 74 0 
0 6 35 0 
1 371 32 0 
1 228 70 0 
1 225 21 0 
1 142 86 0 
2 965 38 0 
2 878 38 0 
2 750 61 0 
2 730 17 0 
2 591 54 0 
2 270 45 0 
2 51 45 0 
3 817 59 0 
3 649 51 0 
3 493 64 0 
4 967 28 0 
4 833 61 0 
4 569 24 0 
4 417 42 0 
4 216 50 0 
4 176 36 0 
5 951 69 0 
5 918 8 0 
5 639 37 0 
5 608 48 0 
5 354 36 0 
5 282 63 0 
5 63 23 0 
6 846 51 0 
6 758 23 0 
6 663 57 0 
6 159 4 0 
6 154 77 0 
6 83 30 0 
7 704 60 0 
7 647 70 0 
7 192 71 0 
7 154 74 0 
8 757 29 0 
8 576 36 0 
8 452 37 0 
8 160 35 0 
9 964 17 0 
9 825 23 0 
9 112 19 0 
9 64 64 0 
10 914 70 0 
10 672 80 0 
10 545 74 0 
10 424 45 0 
10 141 47 0 
10 63 34 0 
11 734 44 0 
11 356 44 0 
11 350 60 0 
11 292 48 0 
11 139 23 0 
12 602 92 0 
12 400 76 0 
12 58 52 0 
13 327 66 0 
13 211 68 0 
13 204 50 0 
13 42 7 0 
14 629 17 0 
14 448 58 0 
14 70 55 0 
15 742 24 0 
15 690 78 0 
15 593 99 0 
15 263 13 0 
15 231 94 0 
16 86 13 0 
17 467 79 0 
17 415 85 0 
17 262 11 0 
17 58 75 0 
18 969 42 0 
18 856 44 0 
18 670 31 0 
18 635 55 0 
18 431 87 0 
19 845 36 0 
19 624 33 0 
19 561 51 0 
19 519 57 0 
19 510 53 0 
19 442 17 0 
19 323 45 0 
19 260 65 0 
20 620 40 0 
20 619 74 0 
20 349 52 0 
20 94 73 0 
21 833 12 0 
21 387 31 0 
21 330 71 0 
22 683 92 0 
22 632 103 0 
22 223 42 0 
23 947 17 0 
23 742 85 0 
23 557 45 0 
23 264 19 0 
24 865 87 0 
24 568 36 0 
24 386 85 0 
25 509 22 0 
25 231 64 0 
25 210 64 0 
25 123 60 0 
26 999 11 0 
26 491 9 0 
26 386 82 0 
26 288 66 0 
26 252 46 0 
26 124 69 0 
26 84 46 0 
27 956 74 0 
27 812 59 0 
27 386 21 0 
28 451 78 0 
28 231 83 0 
28 174 58 0 
28 30 9 0 
29 992 25 0 
29 804 39 0 
29 746 10 0 
29 352 58 0 
29 33 66 0 
30 978 73 0 
30 936 39 0 
30 716 56 0 
30 520 75 0 
30 431 72 0 
30 355 64 0 
30 261 42 0 
30 218 62 0 
30 93 30 0 
31 858 47 0 
32 969 30 0 
32 498 14 0 
32 390 71 0 
32 334 11 0 
32 228 24 0 
32 133 59 0 
33 991 75 0 
33 972 46 0 
33 718 38 0 
33 597 38 0 
33 314 41 0 
33 85 22 0 
34 902 46 0 
34 892 70 0 
34 521 73 0 
34 394 8 0 
34 390 13 0 
34 339 19 0 
34 308 86 0 
34 182 75 0 
35 940 40 0 
35 883 71 0 
35 854 46 0 
35 454 45 0 
36 978 67 0 
36 921 64 0 
36 745 92 0 
36 452 98 0 
36 441 77 0 
37 790 75 0 
37 751 86 0 
37 314 50 0 
38 667 52 0 
38 309 27 0 
38 199 43 0 
39 651 38 0 
39 132 78 0 
40 768 43 0 
40 632 67 0 
40 531 31 0 
40 342 30 0 
40 149 60 0 
41 576 19 0 
41 244 66 0 
41 86 51 0 
41 81 45 0 
41 75 61 0 
42 966 7 0 
42 517 45 0 
42 458 110 0 
42 143 66 0 
42 82 47 0 
43 853 4 0 
43 805 27 0 
43 653 48 0 
43 602 76 0 
44 974 61 0 
44 827 73 0 
44 537 63 0 
44 382 63 0 
44 164 22 0 
44 122 63 0 
44 57 3 0 
45 188 81 0 
46 757 42 0 
46 721 63 0 
46 682 75 0 
46 345 18 0 
47 894 75 0 
47 577 22 0 
48 578 72 0 
48 385 35 0 
48 122 91 0 
48 95 86 0 
49 726 56 0 
49 116 24 0 
49 53 54 0 
50 743 58 0 
50 735 71 0 
50 581 54 0 
50 132 37 0 
51 637 90 0 
52 915 70 0 
52 895 64 0 
52 891 27 0 
52 836 65 0 
52 794 47 0 
52 156 71 0 
52 136 51 0 
53 637 50 0 
53 502 20 0 
53 367 52 0 
53 318 54 0 
53 124 54 0 
54 372 36 0 
55 884 62 0 
55 712 89 0 
55 97 55 0 
56 996 71 0 
56 867 80 0 
56 755 59 0 
56 566 13 0 
56 173 38 0 
56 71 95 0 
56 67 93 0 
57 369 67 0 
57 300 33 0 
58 839 39 0 
58 759 84 0 
58 719 69 0 
58 716 19 0 
58 467 45 0 
58 452 90 0 
58 237 75 0 
59 916 64 0 
59 873 37 0 
59 583 18 0 
59 550 72 0 
59 488 69 0 
59 469 28 0 
59 395 67 0 
59 341 53 0 
59 205 47 0 
60 869 89 0 
60 867 79 0 
60 513 73 0 
60 358 58 0 
60 327 60 0 
60 220 45 0 
60 217 62 0 
61 946 39 0 
61 754 7 0 
61 525 59 0 
61 200 52 0 
61 199 51 0 
62 785 50 0 
62 753 42 0 
62 672 106 0 
62 650 82 0 
62 506 28 0 
63 553 37 0 
63 420 19 0 
63 265 36 0 
63 112 18 0 
63 104 70 0 
64 773 77 0 
64 678 69 0 
64 431 78 0 
64 279 18 0 
64 231 66 0 
65 641 10 0 
65 464 14 0 
65 337 104 0 
66 522 92 0 
66 184 77 0 
67 328 32 0 
68 715 19 0 
68 621 46 0 
68 245 2 0 
68 243 59 0 
69 896 11 0 
69 493 83 0 
69 456 12 0 
69 398 60 0 
69 355 81 0 
69 165 59 0 
70 518 64 0 
70 152 65 0 
71 865 99 0 
71 644 41 0 
71 581 32 0 
72 912 96 0 
72 327 40 0 
72 273 65 0 
72 208 35 0 
73 853 34 0 
73 631 72 0 
73 627 41 0 
74 881 68 0 
74 634 69 0 
74 627 71 0 
74 537 59 0 
74 334 66 0 
74 190 31 0 
74 97 57 0 
75 918 33 0 
75 913 55 0 
75 362 27 0 
75 257 96 0 
76 922 18 0 
76 795 62 0 
76 447 19 0 
76 144 82 0 
77 502 42 0 
77 207 29 0 
78 818 79 0 
78 518 66 0 
78 494 67 0 
79 896 56 0 
79 486 69 0 
79 356 36 0 
80 884 36 0 
80 726 65 0 
80 649 54 0 
80 384 31 0 
80 375 13 0 
80 310 49 0 
81 812 72 0 
81 635 89 0 
81 158 25 0 
81 157 25 0 
81 113 82 0 
81 90 75 0 
82 842 50 0 
82 670 69 0 
83 344 33 0 
84 964 21 0 
84 783 45 0 
84 627 44 0 
84 601 79 0 
84 495 15 0 
84 193 14 0 
85 874 14 0 
85 566 63 0 
85 422 60 0 
85 290 37 0 
85 283 58 0 
86 908 66 0 
86 480 41 0 
87 496 32 0 
87 466 65 0 
87 382 52 0 
87 368 17 0 
88 992 79 0 
88 803 37 0 
88 584 55 0 
89 765 95 0 
89 597 45 0 
90 943 68 0 
90 684 81 0 
90 446 52 0 
90 352 91 0 
91 482 72 0 
91 243 67 0 
91 238 79 0 
92 811 64 0 
92 719 102 0 
92 590 34 0 
92 583 93 0 
92 366 92 0 
92 231 21 0 
92 221 72 0 
92 200 47 0 
93 953 64 0 
93 807 19 0 
93 686 50 0 
93 635 34 0 
93 482 24 0 
93 471 46 0 
93 409 50 0 
93 227 38 0 
93 140 34 0 
94 983 94 0 
94 811 20 0 
94 745 42 0 
94 694 43 0 
94 451 52 0 
94 232 61 0 
95 928 68 0 
95 686 107 0 
95 162 36 0 
95 97 39 0 
96 889 18 0 
96 837 82 0 
96 688 43 0 
96 480 23 0 
96 431 91 0 
97 772 42 0 
97 742 84 0 
97 253 72 0 
97 115 34 0 
98 430 61 0 
99 423 13 0 
99 412 24 0 
99 280 94 0 
99 183 64 0 
99 135 78 0 
100 866 57 0 
100 724 12 0 
100 324 88 0 
100 288 15 0 
101 977 9 0 
101 914 56 0 
101 849 81 0 
101 578 32 0 
101 309 80 0 
101 205 23 0 
102 997 74 0 
102 967 53 0 
102 735 121 0 
102 630 91 0 
102 612 54 0 
102 483 86 0 
102 409 25 0 
103 965 16 0 
103 933 24 0 
103 800 24 0 
103 640 44 0 
103 113 50 0 
104 906 81 0 
104 411 30 0 
104 357 47 0 
105 893 6 0 
105 819 68 0 
105 588 55 0 
105 428 82 0 
105 415 26 0 
105 231 63 0 
105 186 46 0 
105 145 60 0 
106 676 43 0 
106 464 16 0 
106 401 47 0 
106 386 27 0 
106 151 82 0 
107 987 86 0 
107 931 65 0 
107 590 61 0 
107 586 81 0 
107 370 60 0 
108 816 83 0 
108 797 16 0 
108 769 68 0 
108 236 60 0 
108 191 78 0 
109 627 84 0 
109 597 59 0 
109 309 39 0 
110 948 93 0 
110 124 18 0 
111 866 72 0 
111 798 101 0 
111 615 54 0 
111 518 77 0 
111 359 23 0 
112 899 50 0 
112 730 49 0 
112 716 20 0 
112 588 21 0 
112 313 45 0 
112 304 23 0 
112 252 50 0 
113 805 50 0 
113 692 16 0 
113 679 21 0 
113 518 52 0 
113 428 54 0 
113 169 88 0 
114 914 69 0 
114 151 105 0 
115 885 8 0 
115 870 57 0 
115 672 93 0 
115 181 28 0 
116 671 32 0 
116 661 43 0 
116 478 38 0 
116 453 37 0 
116 145 45 0 
117 921 58 0 
117 802 43 0 
117 631 123 0 
118 966 47 0 
118 605 45 0 
118 337 50 0 
119 821 51 0 
119 752 111 0 
119 548 22 0 
119 489 47 0 
119 451 82 0 
119 364 64 0 
119 336 5 0 
120 804 14 0 
120 650 36 0 
120 626 39 0 
120 453 57 0 
120 423 66 0 
121 955 81 0 
121 768 95 0 
121 724 22 0 
121 719 80 0 
121 696 74 0 
121 623 74 0 
121 203 26 0 
122 983 69 0 
122 956 80 0 
123 871 16 0 
123 830 75 0 
123 678 87 0 
123 607 89 0 
123 549 103 0 
123 425 39 0 
123 235 20 0 
124 180 38 0 
124 165 59 0 
125 960 72 0 
125 940 2 0 
125 907 26 0 
125 323 21 0 
126 817 80 0 
126 778 76 0 
126 775 91 0 
127 571 57 0 
127 372 74 0 
128 988 40 0 
128 894 74 0 
128 775 78 0 
128 562 41 0 
129 964 24 0 
129 911 39 0 
129 854 64 0 
130 718 48 0 
130 525 65 0 
130 510 32 0 
130 433 22 0 
130 292 92 0 
131 626 26 0 
131 607 61 0 
131 527 38 0 
131 319 32 0 
131 273 23 0 
131 229 39 0 
131 151 76 0 
132 662 51 0 
132 377 5 0 
133 666 49 0 
133 370 53 0 
133 309 79 0 
133 307 23 0 
134 767 75 0 
134 688 74 0 
134 178 5 0 
135 743 120 0 
135 583 22 0 
135 514 62 0 
135 407 95 0 
135 405 71 0 
135 286 45 0 
135 252 58 0 
136 900 29 0 
136 761 17 0 
137 977 13 0 
137 822 6 0 
137 601 73 0 
137 369 79 0 
137 279 22 0 
138 755 43 0 
138 687 18 0 
138 631 24 0 
138 357 39 0 
139 969 28 0 
139 948 42 0 
139 842 53 0 
139 632 24 0 
139 490 54 0 
139 458 26 0 
139 432 43 0 
139 356 47 0 
140 930 39 0 
140 675 68 0 
140 603 9 0 
140 567 67 0 
140 551 80 0 
140 527 66 0 
140 453 35 0 
141 663 11 0 
141 418 68 0 
141 249 34 0 
141 196 8 0 
142 968 45 0 
142 375 58 0 
142 260 14 0 
143 897 122 0 
143 870 26 0 
143 702 96 0 
143 578 48 0 
143 548 61 0 
143 325 75 0 
143 310 35 0 
143 301 80 0 
143 246 96 0 
143 163 86 0 
144 848 40 0 
144 707 56 0 
144 327 86 0 
145 923 38 0 
145 746 31 0 
145 676 52 0 
145 494 45 0 
145 344 14 0 
145 248 66 0 
145 237 64 0 
145 183 55 0 
146 630 60 0 
147 378 21 0 
147 299 80 0 
148 982 89 0 
148 961 5 0 
148 816 115 0 
148 733 41 0 
148 585 91 0 
148 576 61 0 
148 297 46 0 
148 163 95 0 
149 841 78 0 
149 832 48 0 
149 721 24 0 
149 716 25 0 
149 455 59 0 
150 793 92 0 
150 594 9 0 
150 238 90 0 
151 977 99 0 
151 682 13 0 
151 393 15 0 
151 263 69 0 
152 777 78 0 
152 740 52 0 
152 471 99 0 
152 379 48 0 
153 416 85 0 
153 211 7 0 
154 874 65 0 
154 819 14 0 
154 675 16 0 
154 521 33 0 
154 416 51 0 
154 245 81 0 
154 225 96 0 
155 978 70 0 
155 961 70 0 
155 879 50 0 
155 641 63 0 
155 566 53 0 
155 497 73 0 
155 483 21 0 
155 180 23 0 
156 918 23 0 
156 833 75 0 
156 446 36 0 
157 816 13 0 
157 766 56 0 
157 507 35 0 
157 374 40 0 
158 957 31 0 
158 840 35 0 
159 772 46 0 
159 537 12 0 
160 583 49 0 
160 562 39 0 
160 390 54 0 
160 258 88 0 
161 798 57 0 
161 710 52 0 
162 728 94 0 
162 662 43 0 
162 578 54 0 
162 465 62 0 
162 437 71 0 
162 188 55 0 
162 176 66 0 
163 913 56 0 
163 872 86 0 
163 864 111 0 
163 540 92 0 
163 531 75 0 
164 896 49 0 
164 743 67 0 
164 709 36 0 
164 404 51 0 
165 776 28 0 
165 517 57 0 
165 375 22 0 
166 966 96 0 
166 864 92 0 
166 841 19 0 
166 810 64 0 
166 308 104 0 
166 236 27 0 
166 232 60 0 
166 214 4 0 
167 897 85 0 
167 840 48 0 
167 426 55 0 
167 303 54 0 
167 271 10 0 
167 237 63 0 
168 934 89 0 
168 837 16 0 
168 365 92 0 
168 326 28 0 
168 243 60 0 
168 185 79 0 
169 790 73 0 
169 674 47 0 
169 345 55 0 
169 252 94 0 
170 434 35 0 
171 780 41 0 
171 559 100 0 
171 529 62 0 
172 905 26 0 
172 857 93 0 
172 738 49 0 
172 424 32 0 
172 326 105 0 
172 206 78 0 
173 965 20 0 
173 822 22 0 
173 619 9 0 
173 599 65 0 
173 567 71 0 
173 373 58 0 
173 365 31 0 
174 671 47 0 
174 648 47 0 
175 651 49 0 
175 423 46 0 
175 243 78 0 
175 219 26 0 
176 999 28 0 
176 866 35 0 
176 844 56 0 
176 758 56 0 
176 585 37 0 
176 535 58 0 
176 284 14 0 
176 244 86 0 
176 233 66 0 
176 217 46 0 
177 777 41 0 
177 539 81 0 
177 415 34 0 
177 336 18 0 
178 865 52 0 
178 836 70 0 
178 493 44 0 
178 381 91 0 
178 305 80 0 
178 222 14 0 
179 808 105 0 
179 494 91 0 
179 356 64 0 
180 720 54 0 
180 672 41 0 
180 443 87 0 
180 243 11 0 
180 214 69 0 
181 948 33 0 
181 796 66 0 
181 776 72 0 
181 551 88 0 
181 356 67 0 
181 272 17 0 
182 739 4 0 
182 680 23 0 
183 822 24 0 
183 636 43 0 
183 425 48 0 
183 374 37 0 
183 227 60 0 
184 885 121 0 
184 748 71 0 
184 366 21 0 
185 956 78 0 
185 880 46 0 
185 408 62 0 
185 350 96 0 
185 349 31 0 
186 744 71 0 
187 264 16 0 
187 262 64 0 
188 652 81 0 
188 486 33 0 
188 383 114 0 
188 366 18 0 
189 893 48 0 
189 794 40 0 
189 545 83 0 
189 407 57 0 
189 274 28 0 
190 986 67 0 
190 695 47 0 
190 448 59 0 
190 215 71 0 
191 565 61 0 
191 502 53 0 
192 935 81 0 
192 715 23 0 
193 908 19 0 
193 686 82 0 
193 668 38 0 
193 332 88 0 
193 241 11 0 
194 954 81 0 
194 937 23 0 
194 835 72 0 
194 792 84 0 
194 334 88 0 
194 296 58 0 
194 282 86 0 
194 228 97 0 
195 863 65 0 
195 855 86 0 
195 804 25 0 
195 438 102 0 
195 251 23 0 
196 903 14 0 
197 730 48 0 
197 558 53 0 
197 293 47 0 
197 235 62 0 
198 940 33 0 
199 630 61 0 
199 301 37 0 
200 835 80 0 
200 765 40 0 
200 752 58 0 
200 744 38 0 
200 569 66 0 
200 514 63 0 
200 397 34 0 
200 240 46 0 
201 669 31 0 
201 646 42 0 
201 635 78 0 
201 312 60 0 
202 992 84 0 
202 742 73 0 
202 708 53 0 
202 508 69 0 
202 425 46 0 
203 977 20 0 
203 563 58 0 
203 535 28 0 
204 895 58 0 
204 708 26 0 
204 394 16 0 
204 380 25 0 
205 755 53 0 
205 593 39 0 
205 386 30 0 
205 323 21 0 
205 300 40 0 
205 264 43 0 
205 259 60 0 
205 209 74 0 
206 884 44 0 
206 848 102 0 
206 698 64 0 
206 486 86 0 
206 247 41 0 
207 904 70 0 
207 820 31 0 
207 731 63 0 
207 684 89 0 
207 362 82 0 
207 289 36 0 
207 271 83 0 
208 759 14 0 
208 740 68 0 
208 733 67 0 
208 691 72 0 
208 623 73 0 
208 488 73 0 
208 434 73 0 
209 649 73 0 
209 548 47 0 
210 616 5 0 
210 377 30 0 
211 971 19 0 
211 682 11 0 
211 380 35 0 
212 989 69 0 
212 634 37 0 
212 572 14 0 
212 555 43 0 
212 380 63 0 
212 276 99 0 
212 245 83 0 
213 920 3 0 
213 511 51 0 
214 882 51 0 
214 806 67 0 
214 581 11 0 
215 981 85 0 
215 476 45 0 
215 356 17 0 
216 694 34 0 
216 617 9 0 
216 458 26 0 
217 735 95 0 
217 578 19 0 
217 486 60 0 
217 416 32 0 
217 415 17 0 
219 994 35 0 
219 933 40 0 
219 604 40 0 
219 448 26 0 
220 465 69 0 
220 446 16 0 
221 635 29 0 
221 599 44 0 
221 594 53 0 
222 954 56 0 
222 949 55 0 
222 810 40 0 
222 566 37 0 
222 555 36 0 
222 501 60 0 
222 229 62 0 
223 726 60 0 
223 693 19 0 
223 617 43 0 
223 285 31 0 
224 952 65 0 
224 716 33 0 
224 686 79 0 
224 471 23 0 
224 375 45 0 
225 863 62 0 
225 790 26 0 
225 442 38 0 
226 667 47 0 
226 227 60 0 
227 819 60 0 
227 798 31 0 
227 306 51 0 
228 867 83 0 
228 573 20 0 
228 546 55 0 
228 488 15 0 
228 426 98 0 
228 283 17 0 
229 993 45 0 
229 747 57 0 
229 655 43 0 
229 412 16 0 
230 820 11 0 
230 589 65 0 
230 472 41 0 
230 385 28 0 
230 368 33 0 
231 656 97 0 
231 485 40 0 
231 427 52 0 
232 945 83 0 
232 811 40 0 
232 706 73 0 
232 658 57 0 
233 909 67 0 
233 830 99 0 
233 811 72 0 
233 661 103 0 
233 415 87 0 
233 380 46 0 
234 898 65 0 
234 735 96 0 
234 361 61 0 
235 701 39 0 
235 631 96 0 
235 477 76 0 
235 424 62 0 
236 980 33 0 
236 949 14 0 
236 353 38 0 
237 630 11 0 
237 536 68 0 
237 273 83 0 
237 242 56 0 
238 953 79 0 
238 629 39 0 
239 772 37 0 
239 739 12 0 
239 583 72 0 
239 414 61 0 
239 292 75 0 
240 958 57 0 
240 852 30 0 
240 762 57 0 
241 758 89 0 
241 710 62 0 
241 536 64 0 
241 453 34 0 
241 354 86 0 
241 317 95 0 
241 316 96 0 
241 306 19 0 
242 788 80 0 
242 267 26 0 
243 984 44 0 
243 975 62 0 
243 804 40 0 
243 307 48 0 
244 803 56 0 
244 723 50 0 
244 622 63 0 
244 554 88 0 
244 378 16 0 
245 861 25 0 
245 704 26 0 
246 938 54 0 
246 825 41 0 
246 815 39 0 
246 382 93 0 
246 268 83 0 
247 979 16 0 
247 799 45 0 
247 413 18 0 
247 308 57 0 
247 273 49 0 
248 836 32 0 
248 330 100 0 
249 712 57 0 
249 556 88 0 
249 489 42 0 
249 321 27 0 
250 887 60 0 
250 672 90 0 
250 543 61 0 
250 317 81 0 
251 917 52 0 
251 695 67 0 
251 270 52 0 
252 867 54 0 
252 507 35 0 
252 440 84 0 
253 744 72 0 
253 637 52 0 
254 718 40 0 
254 553 18 0 
254 401 55 0 
254 368 67 0 
255 963 38 0 
255 312 91 0 
256 298 51 0 
257 890 57 0 
257 780 25 0 
257 751 78 0 
257 580 60 0 
257 316 62 0 
258 959 17 0 
258 645 47 0 
258 437 75 0 
258 361 89 0 
259 819 102 0 
259 652 90 0 
259 404 95 0 
260 755 65 0 
260 725 24 0 
260 617 36 0 
260 477 44 0 
261 843 44 0 
261 831 47 0 
261 662 40 0 
261 462 44 0 
261 438 63 0 
262 983 14 0 
262 856 100 0 
262 818 22 0 
262 782 73 0 
262 496 87 0 
263 902 13 0 
263 705 76 0 
263 569 17 0 
263 265 81 0 
264 983 75 0 
264 767 68 0 
264 688 65 0 
264 673 15 0 
264 623 26 0 
264 499 57 0 
264 389 48 0 
265 947 14 0 
265 877 24 0 
265 307 66 0 
266 939 37 0 
266 872 26 0 
266 779 62 0 
266 763 54 0 
266 716 32 0 
267 725 4 0 
267 501 39 0 
267 360 21 0 
268 843 81 0 
268 414 51 0 
268 335 99 0 
269 938 27 0 
269 597 45 0 
269 537 18 0 
270 875 9 0 
270 824 31 0 
270 532 35 0 
270 461 28 0 
270 324 50 0 
271 749 41 0 
271 410 82 0 
271 346 65 0 
271 315 59 0 
271 303 64 0 
272 848 90 0 
272 552 68 0 
272 340 80 0 
272 330 87 0 
273 994 88 0 
273 602 9 0 
273 531 23 0 
274 437 66 0 
274 403 49 0 
275 867 75 0 
275 669 46 0 
275 662 79 0 
275 649 21 0 
275 601 50 0 
275 375 63 0 
276 917 69 0 
276 833 94 0 
277 882 70 0 
277 661 49 0 
277 475 43 0 
278 981 71 0 
278 818 96 0 
278 375 66 0 
278 326 111 0 
279 476 46 0 
279 425 42 0 
279 403 18 0 
280 636 53 0 
280 609 77 0 
281 874 67 0 
281 746 17 0 
281 539 73 0 
281 509 78 0 
282 495 18 0 
283 667 80 0 
283 659 61 0 
283 613 68 0 
283 529 41 0 
283 479 29 0 
284 335 48 0 
285 415 54 0 
285 306 78 0 
285 286 44 0 
286 828 58 0 
286 824 19 0 
286 671 44 0 
286 596 60 0 
286 357 34 0 
287 949 32 0 
287 841 53 0 
287 670 57 0 
287 294 69 0 
288 988 34 0 
288 891 26 0 
288 873 71 0 
288 746 39 0 
288 639 34 0 
288 584 59 0 
288 553 63 0 
288 475 15 0 
288 315 49 0 
289 620 67 0 
289 585 98 0 
289 482 30 0 
289 308 94 0 
290 892 62 0 
290 866 94 0 
290 840 33 0 
290 753 38 0 
290 549 93 0 
291 959 92 0 
291 908 16 0 
291 843 24 0 
291 816 40 0 
291 780 46 0 
291 602 96 0 
291 431 66 0 
292 915 103 0 
292 609 92 0 
292 535 86 0 
292 348 82 0 
294 687 92 0 
294 481 69 0 
295 491 17 0 
295 450 48 0 
295 363 23 0 
296 683 25 0 
296 531 56 0 
297 993 2 0 
297 919 73 0 
297 864 48 0 
297 782 68 0 
297 496 24 0 
298 920 53 0 
298 658 31 0 
298 643 68 0 
298 527 50 0 
299 824 15 0 
299 803 30 0 
299 760 41 0 
299 511 47 0 
299 493 52 0 
299 430 77 0 
299 363 88 0 
300 991 41 0 
300 807 18 0 
300 634 54 0 
300 478 59 0 
300 349 63 0 
300 312 56 0 
300 305 47 0 
301 853 49 0 
301 781 14 0 
301 759 58 0 
302 675 41 0 
302 674 43 0 
302 653 48 0 
302 519 38 0 
303 529 46 0 
304 696 17 0 
304 528 37 0 
304 344 48 0 
304 324 48 0 
305 626 56 0 
305 517 25 0 
305 470 60 0 
305 332 28 0 
306 634 27 0 
307 885 95 0 
307 804 28 0 
307 719 60 0 
307 704 11 0 
307 633 55 0 
307 507 65 0 
307 496 24 0 
308 644 53 0 
308 562 85 0 
308 479 30 0 
308 350 112 0 
309 854 71 0 
309 776 35 0 
309 408 68 0 
310 668 18 0 
310 483 65 0 
311 918 74 0 
311 912 67 0 
311 827 96 0 
312 887 67 0 
312 606 91 0 
312 331 17 0 
313 711 44 0 
313 343 63 0 
314 830 47 0 
314 782 43 0 
314 724 32 0 
314 636 19 0 
314 472 52 0 
314 424 40 0 
315 917 32 0 
315 844 67 0 
315 833 18 0 
315 791 47 0 
315 725 45 0 
315 349 18 0 
316 784 56 0 
316 458 95 0 
317 830 73 0 
317 768 65 0 
318 862 12 0 
318 801 49 0 
318 488 54 0 
318 451 36 0 
319 690 59 0 
320 981 38 0 
320 969 57 0 
320 874 81 0 
320 744 69 0 
320 523 41 0 
321 862 7 0 
321 816 42 0 
321 761 8 0 
321 730 61 0 
321 428 24 0 
322 969 45 0 
322 926 23 0 
322 707 42 0 
323 896 14 0 
323 686 34 0 
323 660 29 0 
323 380 36 0 
324 696 58 0 
324 435 113 0 
325 789 50 0 
325 726 41 0 
325 349 43 0 
326 842 20 0 
326 749 55 0 
327 494 23 0 
327 441 81 0 
328 896 62 0 
328 714 76 0 
329 786 78 0 
329 761 39 0 
329 745 42 0 
329 725 46 0 
329 660 67 0 
330 886 89 0 
330 554 29 0 
330 461 48 0 
330 437 78 0 
330 409 31 0 
330 339 87 0 
331 987 48 0 
331 979 65 0 
331 875 46 0 
331 580 22 0 
331 574 46 0 
332 989 91 0 
332 380 48 0 
332 368 52 0 
333 342 99 0 
334 552 85 0 
334 533 37 0 
334 512 62 0 
334 490 60 0 
334 466 79 0 
335 691 82 0 
335 358 108 0 
336 790 63 0 
336 694 55 0 
337 784 93 0 
338 920 38 0 
340 737 41 0 
340 684 49 0 
340 571 82 0 
341 585 30 0 
341 524 74 0 
341 494 59 0 
341 456 75 0 
341 427 53 0 
341 368 69 0 
342 960 78 0 
342 845 46 0 
342 740 64 0 
342 676 25 0 
342 437 56 0 
342 393 13 0 
342 375 33 0 
343 962 27 0 
343 888 38 0 
343 683 81 0 
344 958 75 0 
344 701 67 0 
344 612 33 0 
344 561 77 0 
344 456 54 0 
344 422 82 0 
345 910 24 0 
345 779 58 0 
345 646 65 0 
345 602 29 0 
345 592 68 0 
347 872 6 0 
347 594 60 0 
347 509 100 0 
347 369 70 0 
348 725 21 0 
348 688 19 0 
348 585 89 0 
348 547 57 0 
348 521 51 0 
348 428 58 0 
349 827 96 0 
349 791 34 0 
349 650 80 0 
349 527 83 0 
349 467 73 0 
350 905 86 0 
350 846 99 0 
350 793 61 0 
351 956 64 0 
351 917 50 0 
351 678 64 0 
351 473 35 0 
352 851 88 0 
352 838 92 0 
352 779 52 0 
352 482 62 0 
352 457 54 0 
353 722 47 0 
353 671 86 0 
354 958 25 0 
354 623 89 0 
354 476 59 0 
355 840 19 0 
356 889 56 0 
356 869 85 0 
356 622 87 0 
356 603 84 0 
356 439 74 0 
357 772 34 0 
357 708 51 0 
357 669 32 0 
357 372 40 0 
358 987 87 0 
358 980 72 0 
358 884 42 0 
358 823 18 0 
358 641 12 0 
358 552 93 0 
359 889 47 0 
359 586 45 0 
359 433 33 0 
360 897 59 0 
360 658 29 0 
360 527 48 0 
360 398 22 0 
360 378 43 0 
361 841 85 0 
361 749 64 0 
361 380 74 0 
362 875 77 0 
362 797 17 0 
362 472 84 0 
363 865 67 0 
363 673 31 0 
363 545 100 0 
363 524 90 0 
363 508 87 0 
364 976 53 0 
364 764 55 0 
364 588 49 0 
364 556 107 0 
364 445 88 0 
365 979 51 0 
365 909 64 0 
365 891 49 0 
365 885 100 0 
365 837 78 0 
365 834 51 0 
365 720 46 0 
365 610 30 0 
365 601 65 0 
366 859 58 0 
367 938 5 0 
367 686 35 0 
367 640 36 0 
367 628 62 0 
367 591 48 0 
367 407 62 0 
368 991 29 0 
368 835 69 0 
368 549 91 0 
368 440 84 0 
369 971 25 0 
369 942 96 0 
369 650 42 0 
369 644 34 0 
370 482 25 0 
370 438 54 0 
371 407 28 0 
371 384 46 0 
372 957 19 0 
372 721 57 0 
372 674 18 0 
372 421 64 0 
373 976 61 0 
373 896 79 0 
374 875 37 0 
374 507 12 0 
374 458 62 0 
375 955 16 0 
375 731 43 0 
375 624 31 0 
375 592 36 0 
375 541 31 0 
375 422 64 0 
375 387 92 0 
376 850 39 0 
376 528 70 0 
377 432 16 0 
378 685 91 0 
378 653 56 0 
378 647 76 0 
378 605 67 0 
378 427 31 0 
379 961 58 0 
380 998 8 0 
380 651 28 0 
380 587 49 0 
380 474 57 0 
381 748 84 0 
381 508 74 0 
382 993 34 0 
382 801 109 0 
383 849 59 0 
383 681 85 0 
384 773 27 0 
384 706 60 0 
387 533 58 0 
387 521 41 0 
387 413 60 0 
388 764 24 0 
390 948 54 0 
391 989 18 0 
391 807 46 0 
391 737 78 0 
391 736 11 0 
391 624 40 0 
391 574 43 0 
391 470 15 0 
391 453 51 0 
392 949 38 0 
392 703 80 0 
392 567 99 0 
392 460 71 0 
393 885 92 0 
393 666 40 0 
394 948 44 0 
394 886 68 0 
394 511 32 0 
395 634 25 0 
395 548 71 0 
395 503 38 0 
395 474 64 0 
396 931 50 0 
396 884 30 0 
396 776 76 0 
396 543 6 0 
397 718 29 0 
397 678 43 0 
397 671 33 0 
397 601 42 0 
398 918 50 0 
398 725 39 0 
399 923 69 0 
399 893 5 0 
399 821 8 0 
399 790 91 0 
399 690 10 0 
399 650 53 0 
400 859 42 0 
400 801 82 0 
400 461 32 0 
400 434 15 0 
400 429 35 0 
401 745 77 0 
402 823 40 0 
402 639 42 0 
402 496 15 0 
402 462 69 0 
402 419 77 0 
403 595 31 0 
404 701 99 0 
405 915 106 0 
405 519 75 0 
406 851 84 0 
407 909 34 0 
407 783 16 0 
407 672 97 0 
407 552 84 0 
407 441 68 0 
408 766 108 0 
408 699 22 0 
408 484 65 0 
409 916 29 0 
409 755 67 0 
409 660 72 0 
410 952 97 0 
410 678 28 0 
410 523 59 0 
410 504 62 0 
410 489 61 0 
411 430 59 0 
412 771 22 0 
412 420 25 0 
413 706 58 0 
415 717 20 0 
415 529 24 0 
416 954 7 0 
416 570 42 0 
416 538 23 0 
417 791 66 0 
417 783 14 0 
417 743 48 0 
418 939 82 0 
418 937 72 0 
418 755 42 0 
419 829 64 0 
419 762 58 0 
419 756 54 0 
419 619 68 0 
420 918 19 0 
420 847 40 0 
420 837 41 0 
420 807 28 0 
420 679 27 0 
420 674 33 0 
420 530 34 0 
420 464 60 0 
421 723 46 0 
421 601 37 0 
422 918 52 0 
422 890 57 0 
422 869 80 0 
422 682 84 0 
423 631 61 0 
423 595 76 0 
423 475 45 0 
424 782 28 0 
424 612 57 0 
424 602 52 0 
424 562 61 0 
424 560 76 0 
424 482 58 0 
425 773 41 0 
425 615 35 0 
425 603 22 0 
425 452 49 0 
426 732 68 0 
426 510 68 0 
426 442 30 0 
427 861 25 0 
427 813 8 0 
427 745 60 0 
427 558 23 0 
427 435 35 0 
428 761 24 0 
428 475 40 0 
429 905 33 0 
429 838 50 0 
429 533 43 0 
429 531 28 0 
430 797 22 0 
430 632 70 0 
430 626 36 0 
431 848 95 0 
431 839 61 0 
431 609 105 0 
432 837 61 0 
432 748 11 0 
432 747 6 0 
433 847 54 0 
433 657 95 0 
434 990 46 0 
435 899 74 0 
435 686 5 0 
436 830 88 0 
436 502 78 0 
437 756 37 0 
437 635 85 0 
437 569 76 0 
438 973 103 0 
438 929 90 0 
438 739 87 0 
438 690 105 0 
439 844 40 0 
439 769 49 0 
439 727 90 0 
439 626 38 0 
440 890 21 0 
440 649 12 0 
440 503 49 0 
441 908 54 0 
441 646 62 0 
441 591 72 0 
441 560 83 0 
441 501 72 0 
441 451 46 0 
442 916 70 0 
442 863 43 0 
442 852 31 0 
442 498 54 0 
443 913 71 0 
443 862 74 0 
443 701 82 0 
443 693 55 0 
443 489 61 0 
444 784 67 0 
444 704 48 0 
446 999 33 0 
446 909 22 0 
447 953 53 0 
447 886 64 0 
447 676 21 0 
447 657 57 0 
447 479 73 0 
448 898 100 0 
448 512 58 0 
449 621 50 0 
449 539 42 0 
451 866 26 0 
453 647 50 0 
453 552 67 0 
454 800 61 0 
454 615 63 0 
454 561 13 0 
454 477 35 0 
454 455 43 0 
455 971 54 0 
455 846 60 0 
456 982 58 0 
456 976 40 0 
456 725 33 0 
456 490 84 0 
457 805 15 0 
457 634 48 0 
457 628 32 0 
458 504 65 0 
459 978 106 0 
459 913 14 0 
459 733 70 0 
459 681 78 0 
459 643 101 0 
459 545 54 0 
459 469 53 0 
460 827 76 0 
460 689 36 0 
460 561 45 0 
461 751 43 0 
461 527 48 0 
461 504 60 0 
462 978 74 0 
462 902 108 0 
462 898 98 0 
462 497 17 0 
463 920 57 0 
463 730 68 0 
463 682 42 0 
463 637 37 0 
464 496 19 0 
465 881 88 0 
465 680 69 0 
465 493 108 0 
466 926 80 0 
466 685 73 0 
467 732 25 0 
467 485 66 0 
468 665 67 0 
468 536 35 0 
468 534 74 0 
469 930 55 0 
470 843 52 0 
471 954 86 0 
471 926 35 0 
471 896 88 0 
471 858 34 0 
471 832 72 0 
471 769 22 0 
471 720 81 0 
471 477 70 0 
472 802 46 0 
472 727 103 0 
473 792 86 0 
473 685 86 0 
473 612 21 0 
474 909 57 0 
474 776 86 0 
474 665 49 0 
474 616 37 0 
475 728 36 0 
475 541 55 0 
475 538 10 0 
476 772 18 0 
476 711 16 0 
477 696 78 0 
478 886 63 0 
478 864 96 0 
478 514 61 0 
479 917 67 0 
479 854 65 0 
479 787 43 0 
479 783 80 0 
479 696 77 0 
480 908 89 0 
480 747 74 0 
480 624 60 0 
480 522 69 0 
481 907 79 0 
482 969 7 0 
482 545 49 0 
483 693 27 0 
483 632 76 0 
484 994 81 0 
486 878 41 0 
486 715 73 0 
486 676 34 0 
487 896 85 0 
488 981 100 0 
488 890 20 0 
488 501 64 0 
489 834 54 0 
489 700 14 0 
489 510 28 0 
490 906 74 0 
490 724 72 0 
490 676 24 0 
491 687 20 0 
491 499 74 0 
491 492 23 0 
492 984 15 0 
492 595 86 0 
493 938 57 0 
493 638 73 0 
493 590 28 0 
494 963 59 0 
494 813 46 0 
494 705 69 0 
494 584 79 0 
495 562 48 0 
497 884 50 0 
497 714 70 0 
497 601 82 0 
497 543 67 0 
498 874 32 0 
498 727 86 0 
498 627 49 0 
498 586 6 0 
498 554 58 0 
499 767 16 0 
499 735 95 0 
499 709 32 0 
499 570 12 0 
500 564 37 0 
501 929 57 0 
501 854 54 0 
501 594 65 0 
501 534 30 0 
502 959 66 0 
502 513 56 0 
503 713 36 0 
504 821 107 0 
504 746 63 0 
504 640 88 0 
504 516 114 0 
505 998 24 0 
505 880 32 0 
505 859 53 0 
505 831 50 0 
505 761 33 0 
506 942 121 0 
506 677 85 0 
506 538 92 0 
507 999 40 0 
507 972 25 0 
507 634 60 0 
507 627 62 0 
508 872 9 0 
508 816 96 0 
509 951 38 0 
510 770 28 0 
510 627 42 0 
511 868 69 0 
512 656 81 0 
514 894 38 0 
514 570 51 0 
515 924 35 0 
515 737 37 0 
517 999 69 0 
517 745 56 0 
517 613 40 0 
517 589 80 0 
518 872 77 0 
518 773 17 0 
518 640 67 0 
518 578 59 0 
519 934 32 0 
519 750 65 0 
520 850 81 0 
520 653 44 0 
521 986 28 0 
521 883 16 0 
521 755 34 0 
522 846 50 0 
523 882 31 0 
523 605 54 0 
524 854 20 0 
524 610 31 0 
525 784 17 0 
525 722 89 0 
525 711 63 0 
525 632 54 0 
526 711 56 0 
527 836 46 0 
527 808 34 0 
527 764 60 0 
527 581 84 0 
527 575 73 0 
528 840 27 0 
528 750 74 0 
529 681 22 0 
530 752 61 0 
530 560 49 0 
531 992 41 0 
531 755 54 0 
531 705 46 0 
531 556 48 0 
532 865 71 0 
533 987 36 0 
533 976 43 0 
533 909 21 0 
533 833 42 0 
533 827 57 0 
533 743 61 0 
534 886 33 0 
535 858 60 0 
535 738 17 0 
536 851 66 0 
536 564 47 0 
538 658 42 0 
540 769 86 0 
541 964 92 0 
541 941 48 0 
541 730 92 0 
541 588 45 0 
542 642 94 0 
542 552 64 0 
543 761 59 0 
543 730 27 0 
543 668 28 0 
543 613 54 0 
544 842 99 0 
544 638 40 0 
545 844 48 0 
545 721 94 0 
545 659 38 0 
546 713 31 0 
546 670 80 0 
546 635 53 0 
547 791 44 0 
547 759 74 0 
547 743 39 0 
547 565 17 0 
548 980 68 0 
548 665 60 0 
548 581 57 0 
549 996 70 0 
549 799 62 0 
550 761 68 0 
551 765 7 0 
552 906 100 0 
552 870 84 0 
552 739 68 0 
552 637 58 0 
553 958 80 0 
553 615 68 0 
553 614 28 0 
554 834 86 0 
554 577 60 0 
555 839 19 0 
556 839 73 0 
557 601 17 0 
558 896 22 0 
559 643 57 0 
560 805 47 0 
561 903 59 0 
561 780 14 0 
561 646 25 0 
561 563 64 0 
562 983 32 0 
563 944 19 0 
563 888 35 0 
563 775 21 0 
564 973 66 0 
564 885 29 0 
565 947 27 0 
565 823 18 0 
565 611 19 0 
566 917 52 0 
566 593 11 0 
566 569 69 0 
567 758 45 0 
567 671 27 0 
567 584 115 0 
567 577 44 0 
568 618 18 0 
570 897 86 0 
570 736 54 0 
570 615 29 0 
571 986 21 0 
571 972 49 0 
571 761 73 0 
572 756 41 0 
572 707 34 0 
572 595 99 0 
573 918 62 0 
573 811 47 0 
573 780 24 0 
573 636 48 0 
574 641 80 0 
574 597 43 0 
576 968 48 0 
576 677 43 0 
577 829 48 0 
577 627 60 0 
579 679 44 0 
580 672 98 0 
581 949 29 0 
581 918 63 0 
581 837 24 0 
581 689 83 0 
582 924 33 0 
582 879 17 0 
583 921 27 0 
583 632 90 0 
584 890 29 0 
584 617 21 0 
585 989 78 0 
585 626 45 0 
586 963 56 0 
586 951 21 0 
586 902 107 0 
587 761 55 0 
588 979 11 0 
589 966 120 0 
590 697 34 0 
591 822 78 0 
592 942 78 0 
593 966 98 0 
594 736 76 0 
594 665 7 0 
595 752 121 0 
596 787 33 0 
596 634 53 0 
598 758 79 0 
599 953 79 0 
599 898 6 0 
599 867 21 0 
599 708 33 0 
600 875 14 0 
600 637 23 0 
600 632 36 0 
601 895 59 0 
601 823 77 0 
602 834 63 0 
602 831 86 0 
602 738 36 0 
602 705 49 0 
604 889 98 0 
604 874 66 0 
604 784 41 0 
604 707 54 0 
604 702 84 0 
606 941 35 0 
607 914 83 0 
607 912 93 0 
607 611 32 0 
608 760 20 0 
608 744 9 0 
608 673 6 0 
609 647 21 0 
609 626 41 0 
609 617 41 0 
610 958 9 0 
610 901 72 0 
610 838 105 0 
610 707 59 0 
610 705 39 0 
611 962 41 0 
611 891 10 0 
612 993 12 0 
612 856 21 0 
612 819 70 0 
613 856 39 0 
613 826 67 0 
613 805 43 0 
613 727 61 0 
613 719 17 0 
614 745 87 0 
614 650 81 0 
614 622 33 0 
615 843 77 0 
616 795 55 0 
616 736 61 0 
617 775 70 0 
617 732 62 0 
617 730 20 0 
617 704 60 0 
618 961 52 0 
618 803 46 0 
619 917 61 0 
619 846 39 0 
620 932 18 0 
620 859 50 0 
620 831 59 0 
620 824 59 0 
621 654 64 0 
622 938 52 0 
623 647 57 0 
624 908 28 0 
624 859 69 0 
624 821 61 0 
624 801 45 0 
624 744 27 0 
625 872 46 0 
625 778 90 0 
625 708 69 0 
627 692 86 0 
627 645 85 0 
628 780 58 0 
628 754 27 0 
628 663 46 0 
629 867 28 0 
630 865 88 0 
630 756 32 0 
631 944 89 0 
631 720 56 0 
632 672 87 0 
632 668 30 0 
633 961 79 0 
633 837 51 0 
633 836 14 0 
635 669 47 0 
638 943 50 0 
638 710 4 0 
638 680 36 0 
639 714 50 0 
640 948 76 0 
640 727 50 0 
641 913 84 0 
642 770 17 0 
643 784 35 0 
643 645 89 0 
644 948 62 0 
644 887 54 0 
644 883 70 0 
644 833 81 0 
644 818 54 0 
645 832 58 0 
645 809 45 0 
646 883 39 0 
647 956 81 0 
647 816 83 0 
648 804 55 0 
648 789 50 0 
648 769 36 0 
649 706 20 0 
650 889 12 0 
650 734 41 0 
650 656 26 0 
651 722 16 0 
652 675 28 0 
653 720 18 0 
654 988 44 0 
654 927 80 0 
654 907 88 0 
656 984 76 0 
656 964 100 0 
656 937 33 0 
656 871 13 0 
656 802 47 0 
657 948 29 0 
658 956 32 0 
658 840 29 0 
659 839 44 0 
659 677 51 0 
660 986 53 0 
660 934 71 0 
661 988 35 0 
661 777 72 0 
661 747 17 0 
662 923 21 0 
662 728 74 0 
663 755 36 0 
664 731 51 0 
665 942 44 0 
665 928 53 0 
665 865 40 0 
666 900 30 0 
666 890 60 0 
667 984 76 0 
667 971 76 0 
667 935 44 0 
667 827 28 0 
668 731 19 0 
669 681 67 0 
670 941 35 0 
670 763 82 0 
671 990 50 0 
672 929 56 0 
672 795 29 0 
673 722 48 0 
673 686 56 0 
674 902 66 0 
674 721 46 0 
674 682 62 0 
674 677 25 0 
675 982 107 0 
676 934 66 0 
680 785 53 0 
680 764 57 0 
680 751 90 0 
681 938 25 0 
681 769 86 0 
682 959 73 0 
682 936 86 0 
683 989 40 0 
683 689 82 0 
684 929 59 0 
684 802 72 0 
685 998 53 0 
686 902 76 0 
687 994 19 0 
688 895 12 0 
689 865 40 0 
689 861 8 0 
690 953 109 0 
690 933 28 0 
691 906 60 0 
691 732 38 0 
692 979 50 0 
693 780 32 0 
693 755 11 0 
694 814 57 0 
695 791 75 0 
696 817 16 0 
696 789 21 0 
696 713 58 0 
697 995 34 0 
697 739 71 0 
698 975 72 0 
698 953 74 0 
698 950 25 0 
699 875 61 0 
699 816 69 0 
699 722 60 0 
700 809 40 0 
700 786 59 0 
701 820 68 0 
702 970 42 0 
702 849 21 0 
702 815 52 0 
702 706 49 0 
703 822 16 0 
704 819 70 0 
704 774 68 0 
706 905 81 0 
708 881 54 0 
709 871 28 0 
710 795 60 0 
711 890 14 0 
711 817 45 0 
712 713 30 0 
714 879 13 0 
714 737 35 0 
715 759 93 0 
716 816 52 0 
716 721 32 0 
717 990 24 0 
717 979 38 0 
720 795 60 0 
721 878 66 0 
722 977 89 0 
722 880 57 0 
722 820 23 0 
723 896 63 0 
723 876 29 0 
724 940 60 0 
724 903 73 0 
727 996 76 0 
727 829 98 0 
727 811 31 0 
727 732 22 0 
729 902 49 0 
730 732 60 0 
731 976 43 0 
731 909 24 0 
732 816 96 0 
733 788 91 0 
734 924 11 0 
735 934 111 0 
735 818 18 0 
737 779 71 0 
739 859 28 0 
740 771 67 0 
741 957 62 0 
742 970 33 0 
742 838 71 0 
744 951 33 0 
745 987 60 0 
745 940 84 0 
745 799 35 0 
747 856 38 0 
747 802 76 0 
748 920 10 0 
749 859 66 0 
750 993 17 0 
750 786 15 0 
751 991 73 0 
752 884 50 0 
753 920 55 0 
753 787 51 0 
756 891 46 0 
757 959 59 0 
758 921 61 0 
759 962 44 0 
759 932 80 0 
759 859 113 0 
760 862 33 0 
761 998 10 0 
761 790 17 0 
763 954 67 0 
764 784 30 0 
765 915 17 0 
765 873 98 0 
766 801 91 0 
767 979 57 0 
767 971 95 0 
768 971 29 0 
770 827 81 0 
771 913 9 0 
772 957 15 0 
772 909 31 0 
773 975 2 0 
773 937 62 0 
775 784 77 0 
778 854 67 0 
778 819 67 0 
779 887 72 0 
780 903 62 0 
781 906 93 0 
782 968 15 0 
785 985 52 0 
786 840 57 0 
787 829 66 0 
788 807 60 0 
789 924 30 0 
789 794 32 0 
790 944 21 0 
791 937 66 0 
791 814 85 0 
791 803 83 0 
793 990 66 0 
793 823 88 0 
795 862 47 0 
796 975 98 0 
797 900 31 0 
798 977 108 0 
800 916 22 0 
800 880 55 0 
800 866 69 0 
801 953 6 0 
801 812 52 0 
801 808 58 0 
802 925 96 0 
802 846 88 0 
804 972 21 0 
804 904 44 0 
805 997 20 0 
805 960 36 0 
806 937 41 0 
807 936 48 0 
807 840 22 0 
808 884 58 0 
812 917 50 0 
812 863 52 0 
813 844 59 0 
814 975 70 0 
814 869 13 0 
815 891 12 0 
817 944 6 0 
817 833 66 0 
819 884 27 0 
820 884 40 0 
820 826 57 0 
822 978 22 0 
822 844 82 0 
823 956 83 0 
825 993 46 0 
826 990 23 0 
827 935 22 0 
830 939 82 0 
831 995 31 0 
831 968 73 0 
831 898 55 0 
833 948 48 0 
834 984 64 0 
836 995 54 0 
836 909 52 0 
838 889 77 0 
840 852 19 0 
840 843 29 0 
843 899 72 0 
844 895 66 0 
851 952 22 0 
852 874 1 0 
854 962 40 0 
857 897 13 0 
857 883 76 0 
859 948 99 0 
860 971 103 0 
860 928 54 0 
862 985 48 0 
862 984 30 0 
862 881 55 0 
863 991 61 0 
863 927 46 0 
863 895 64 0 
863 882 49 0 
864 913 66 0 
864 866 122 0 
865 872 41 0 
866 988 39 0 
867 966 29 0 
867 936 43 0 
869 973 70 0 
871 932 96 0 
872 991 8 0 
875 954 72 0 
875 893 86 0 
876 905 21 0 
879 916 22 0 
883 900 73 0 
884 921 50 0 
890 896 88 0 
892 901 32 0 
893 991 31 0 
893 909 59 0 
895 987 80 0 
895 955 59 0 
895 924 18 0 
898 991 33 0 
899 901 78 0 
900 946 27 0 
901 911 53 0 
902 991 38 0 
902 926 91 0 
908 999 10 0 
909 949 41 0 
909 928 48 0 
911 980 63 0 
912 999 90 0 
912 913 97 0 
913 952 49 0 
913 928 41 0 
916 968 44 0 
919 950 30 0 
919 932 36 0 
921 931 54 0 
924 943 54 0 
925 987 50 0 
929 996 57 0 
934 977 26 0 
939 946 14 0 
941 947 62 0 
943 964 9 0 
945 987 61 0 
945 963 36 0 
952 977 56 0 
953 962 54 0 
955 996 8 0 
955 959 47 0 
961 965 30 0 
962 999 52 0 
966 970 33 0 
976 999 73 0 
987 988 50 0 
988 997 31 0 
