#GRAPH (#nodes #edges id uu vv ww xx yy zz):
#1000 4944 geo(0,{1000,100,3,0.005,0.000,0.000}) 100 
#
VERTICES (index name u v w x y z):
0 0 26 21 
1 1 13 31 
2 2 57 0 
3 3 82 94 
4 4 12 11 
5 5 89 75 
6 6 52 39 
7 7 63 69 
8 8 44 82 
9 9 34 60 
10 10 77 70 
11 11 96 54 
12 12 87 14 
13 13 69 40 
14 14 49 20 
15 15 50 84 
16 16 16 81 
17 17 90 27 
18 18 38 37 
19 19 68 70 
20 20 39 68 
21 21 42 22 
22 22 12 45 
23 23 25 26 
24 24 40 45 
25 25 42 41 
26 26 40 10 
27 27 22 61 
28 28 10 93 
29 29 67 62 
30 30 31 72 
31 31 84 69 
32 32 95 28 
33 33 34 79 
34 34 26 59 
35 35 78 58 
36 36 82 6 
37 37 7 35 
38 38 14 41 
39 39 66 13 
40 40 11 68 
41 41 64 95 
42 42 17 10 
43 43 58 43 
44 44 16 94 
45 45 20 14 
46 46 1 29 
47 47 34 67 
48 48 30 83 
49 49 81 23 
50 50 6 69 
51 51 7 26 
52 52 29 57 
53 53 18 71 
54 54 94 82 
55 55 40 92 
56 56 67 96 
57 57 7 24 
58 58 84 87 
59 59 84 72 
60 60 38 7 
61 61 41 89 
62 62 39 56 
63 63 67 14 
64 64 64 33 
65 65 71 17 
66 66 64 40 
67 67 21 66 
68 68 26 71 
69 69 55 7 
70 70 36 45 
71 71 33 23 
72 72 51 45 
73 73 51 71 
74 74 47 39 
75 75 51 38 
76 76 87 44 
77 77 47 7 
78 78 42 48 
79 79 5 70 
80 80 60 99 
81 81 49 93 
82 82 55 98 
83 83 43 23 
84 84 63 30 
85 85 82 95 
86 86 16 92 
87 87 87 75 
88 88 36 10 
89 89 70 0 
90 90 84 29 
91 91 52 48 
92 92 11 95 
93 93 81 95 
94 94 37 17 
95 95 1 32 
96 96 61 54 
97 97 5 89 
98 98 4 39 
99 99 42 50 
100 100 94 77 
101 101 30 89 
102 102 97 54 
103 103 78 22 
104 104 33 16 
105 105 58 96 
106 106 15 55 
107 107 9 45 
108 108 51 75 
109 109 40 66 
110 110 86 60 
111 111 3 49 
112 112 25 70 
113 113 9 10 
114 114 89 90 
115 115 24 13 
116 116 11 79 
117 117 97 46 
118 118 33 98 
119 119 9 15 
120 120 96 74 
121 121 53 37 
122 122 12 31 
123 123 20 62 
124 124 53 60 
125 125 34 54 
126 126 49 62 
127 127 12 47 
128 128 27 37 
129 129 95 47 
130 130 6 4 
131 131 3 47 
132 132 67 98 
133 133 47 36 
134 134 87 22 
135 135 63 19 
136 136 59 83 
137 137 44 81 
138 138 90 28 
139 139 38 47 
140 140 98 41 
141 141 42 98 
142 142 48 74 
143 143 19 34 
144 144 49 8 
145 145 97 27 
146 146 68 35 
147 147 82 80 
148 148 64 57 
149 149 22 5 
150 150 70 75 
151 151 11 78 
152 152 20 16 
153 153 16 7 
154 154 46 14 
155 155 19 14 
156 156 16 36 
157 157 98 20 
158 158 42 83 
159 159 40 3 
160 160 85 97 
161 161 15 23 
162 162 58 93 
163 163 73 58 
164 164 63 42 
165 165 16 46 
166 166 76 61 
167 167 69 7 
168 168 97 34 
169 169 10 20 
170 170 7 12 
171 171 13 98 
172 172 69 64 
173 173 32 83 
174 174 61 66 
175 175 58 34 
176 176 18 96 
177 177 60 40 
178 178 19 37 
179 179 72 35 
180 180 19 62 
181 181 98 17 
182 182 65 61 
183 183 1 8 
184 184 32 46 
185 185 82 47 
186 186 7 60 
187 187 97 66 
188 188 1 41 
189 189 85 48 
190 190 12 12 
191 191 36 32 
192 192 64 2 
193 193 49 3 
194 194 35 90 
195 195 36 96 
196 196 49 41 
197 197 44 25 
198 198 0 49 
199 199 70 49 
200 200 91 58 
201 201 29 61 
202 202 19 43 
203 203 6 32 
204 204 82 74 
205 205 12 14 
206 206 72 48 
207 207 25 16 
208 208 77 16 
209 209 33 70 
210 210 37 58 
211 211 48 50 
212 212 71 76 
213 213 36 53 
214 214 1 77 
215 215 74 41 
216 216 49 43 
217 217 96 86 
218 218 37 82 
219 219 40 97 
220 220 28 31 
221 221 19 74 
222 222 98 80 
223 223 76 31 
224 224 72 92 
225 225 65 24 
226 226 15 44 
227 227 99 69 
228 228 64 1 
229 229 90 65 
230 230 95 82 
231 231 10 0 
232 232 75 52 
233 233 68 42 
234 234 15 52 
235 235 71 94 
236 236 65 14 
237 237 9 66 
238 238 47 11 
239 239 26 34 
240 240 98 94 
241 241 1 9 
242 242 68 26 
243 243 62 37 
244 244 86 13 
245 245 80 31 
246 246 49 73 
247 247 45 39 
248 248 5 71 
249 249 97 30 
250 250 3 60 
251 251 98 2 
252 252 55 55 
253 253 76 65 
254 254 21 23 
255 255 81 59 
256 256 0 13 
257 257 39 54 
258 258 81 15 
259 259 52 89 
260 260 26 18 
261 261 45 21 
262 262 84 41 
263 263 6 73 
264 264 11 54 
265 265 99 96 
266 266 22 22 
267 267 97 9 
268 268 48 91 
269 269 29 63 
270 270 28 80 
271 271 1 98 
272 272 97 94 
273 273 68 30 
274 274 36 40 
275 275 3 55 
276 276 15 99 
277 277 37 4 
278 278 37 89 
279 279 94 58 
280 280 66 10 
281 281 45 47 
282 282 9 54 
283 283 60 30 
284 284 34 55 
285 285 53 63 
286 286 51 13 
287 287 59 24 
288 288 1 54 
289 289 46 41 
290 290 93 26 
291 291 44 5 
292 292 81 26 
293 293 76 33 
294 294 31 8 
295 295 32 21 
296 296 18 6 
297 297 13 28 
298 298 26 32 
299 299 59 69 
300 300 68 78 
301 301 43 65 
302 302 28 33 
303 303 10 94 
304 304 15 96 
305 305 46 12 
306 306 78 40 
307 307 59 18 
308 308 88 71 
309 309 50 48 
310 310 54 69 
311 311 39 76 
312 312 74 38 
313 313 35 19 
314 314 60 66 
315 315 61 49 
316 316 49 58 
317 317 69 93 
318 318 0 58 
319 319 12 20 
320 320 24 71 
321 321 14 79 
322 322 12 30 
323 323 32 56 
324 324 11 48 
325 325 11 80 
326 326 95 41 
327 327 63 0 
328 328 53 88 
329 329 74 34 
330 330 41 61 
331 331 50 5 
332 332 67 0 
333 333 44 2 
334 334 37 62 
335 335 95 65 
336 336 17 94 
337 337 85 66 
338 338 6 16 
339 339 73 55 
340 340 93 28 
341 341 59 48 
342 342 54 21 
343 343 14 58 
344 344 78 92 
345 345 85 20 
346 346 8 84 
347 347 35 40 
348 348 79 26 
349 349 40 15 
350 350 70 35 
351 351 97 73 
352 352 98 40 
353 353 7 13 
354 354 92 59 
355 355 15 8 
356 356 73 92 
357 357 36 22 
358 358 0 86 
359 359 38 17 
360 360 86 24 
361 361 51 86 
362 362 82 55 
363 363 34 98 
364 364 5 25 
365 365 44 61 
366 366 33 19 
367 367 63 77 
368 368 21 41 
369 369 10 56 
370 370 43 60 
371 371 82 69 
372 372 58 57 
373 373 96 71 
374 374 25 22 
375 375 58 68 
376 376 46 86 
377 377 66 94 
378 378 25 40 
379 379 33 25 
380 380 48 21 
381 381 96 22 
382 382 97 25 
383 383 86 39 
384 384 26 26 
385 385 44 8 
386 386 49 18 
387 387 57 50 
388 388 89 59 
389 389 7 4 
390 390 63 67 
391 391 28 18 
392 392 28 19 
393 393 11 93 
394 394 88 86 
395 395 24 15 
396 396 73 79 
397 397 50 13 
398 398 98 25 
399 399 51 73 
400 400 41 56 
401 401 6 36 
402 402 38 70 
403 403 76 14 
404 404 23 30 
405 405 15 32 
406 406 31 25 
407 407 53 6 
408 408 68 79 
409 409 54 78 
410 410 10 57 
411 411 66 33 
412 412 16 88 
413 413 13 89 
414 414 84 88 
415 415 92 80 
416 416 63 84 
417 417 27 41 
418 418 57 8 
419 419 20 42 
420 420 53 17 
421 421 68 44 
422 422 93 25 
423 423 28 28 
424 424 2 80 
425 425 23 74 
426 426 40 0 
427 427 65 4 
428 428 97 79 
429 429 33 57 
430 430 75 16 
431 431 0 24 
432 432 29 92 
433 433 93 47 
434 434 87 45 
435 435 77 18 
436 436 90 24 
437 437 33 99 
438 438 8 85 
439 439 86 0 
440 440 39 59 
441 441 85 67 
442 442 39 55 
443 443 78 39 
444 444 3 87 
445 445 32 6 
446 446 67 23 
447 447 54 75 
448 448 9 92 
449 449 54 99 
450 450 65 77 
451 451 43 84 
452 452 29 85 
453 453 21 64 
454 454 29 32 
455 455 60 48 
456 456 3 40 
457 457 79 80 
458 458 82 5 
459 459 90 18 
460 460 16 84 
461 461 22 51 
462 462 15 46 
463 463 79 56 
464 464 71 28 
465 465 83 54 
466 466 25 13 
467 467 67 33 
468 468 2 83 
469 469 37 20 
470 470 42 72 
471 471 2 75 
472 472 79 51 
473 473 71 74 
474 474 3 66 
475 475 77 32 
476 476 28 23 
477 477 88 48 
478 478 85 87 
479 479 37 50 
480 480 11 37 
481 481 75 81 
482 482 62 77 
483 483 44 38 
484 484 26 6 
485 485 89 24 
486 486 93 36 
487 487 46 77 
488 488 64 31 
489 489 11 17 
490 490 92 4 
491 491 47 79 
492 492 22 32 
493 493 37 48 
494 494 70 83 
495 495 4 65 
496 496 62 73 
497 497 39 58 
498 498 12 2 
499 499 20 39 
500 500 20 91 
501 501 40 46 
502 502 36 61 
503 503 42 93 
504 504 32 59 
505 505 60 22 
506 506 99 12 
507 507 93 34 
508 508 18 79 
509 509 31 38 
510 510 84 53 
511 511 8 79 
512 512 28 10 
513 513 78 64 
514 514 64 98 
515 515 29 43 
516 516 64 74 
517 517 75 63 
518 518 99 99 
519 519 44 89 
520 520 63 31 
521 521 94 54 
522 522 2 73 
523 523 98 58 
524 524 96 83 
525 525 58 30 
526 526 61 14 
527 527 50 16 
528 528 1 26 
529 529 43 12 
530 530 38 32 
531 531 86 59 
532 532 21 46 
533 533 27 78 
534 534 3 42 
535 535 77 14 
536 536 60 59 
537 537 35 42 
538 538 21 44 
539 539 39 11 
540 540 10 10 
541 541 18 4 
542 542 40 58 
543 543 55 73 
544 544 38 14 
545 545 95 69 
546 546 57 99 
547 547 5 52 
548 548 19 72 
549 549 3 90 
550 550 80 12 
551 551 40 65 
552 552 0 68 
553 553 46 8 
554 554 6 71 
555 555 36 91 
556 556 49 77 
557 557 43 56 
558 558 54 4 
559 559 67 9 
560 560 27 44 
561 561 47 30 
562 562 29 79 
563 563 83 87 
564 564 14 10 
565 565 55 35 
566 566 9 65 
567 567 17 30 
568 568 26 30 
569 569 40 60 
570 570 19 31 
571 571 31 73 
572 572 61 46 
573 573 31 21 
574 574 45 73 
575 575 87 86 
576 576 35 74 
577 577 33 52 
578 578 35 10 
579 579 80 25 
580 580 8 26 
581 581 79 43 
582 582 41 87 
583 583 98 33 
584 584 4 24 
585 585 11 72 
586 586 0 61 
587 587 41 13 
588 588 32 98 
589 589 26 53 
590 590 74 88 
591 591 42 2 
592 592 69 17 
593 593 77 11 
594 594 63 28 
595 595 59 42 
596 596 88 23 
597 597 67 5 
598 598 27 70 
599 599 94 1 
600 600 26 5 
601 601 57 4 
602 602 91 18 
603 603 75 23 
604 604 45 0 
605 605 1 15 
606 606 67 12 
607 607 32 34 
608 608 83 46 
609 609 21 57 
610 610 77 34 
611 611 99 94 
612 612 28 35 
613 613 8 60 
614 614 41 80 
615 615 16 30 
616 616 4 93 
617 617 1 44 
618 618 63 22 
619 619 43 81 
620 620 70 32 
621 621 10 64 
622 622 34 10 
623 623 44 24 
624 624 20 61 
625 625 45 2 
626 626 94 33 
627 627 52 78 
628 628 25 62 
629 629 39 95 
630 630 22 96 
631 631 41 79 
632 632 18 26 
633 633 3 69 
634 634 41 5 
635 635 2 51 
636 636 67 82 
637 637 49 55 
638 638 70 17 
639 639 8 45 
640 640 68 9 
641 641 55 66 
642 642 31 14 
643 643 86 73 
644 644 16 72 
645 645 32 48 
646 646 27 46 
647 647 51 55 
648 648 11 34 
649 649 10 99 
650 650 22 7 
651 651 37 45 
652 652 94 57 
653 653 91 29 
654 654 95 45 
655 655 16 38 
656 656 69 66 
657 657 16 60 
658 658 13 23 
659 659 85 96 
660 660 6 9 
661 661 96 29 
662 662 39 43 
663 663 71 11 
664 664 33 68 
665 665 18 73 
666 666 91 57 
667 667 5 85 
668 668 53 0 
669 669 83 66 
670 670 68 6 
671 671 93 6 
672 672 34 3 
673 673 62 6 
674 674 32 7 
675 675 32 88 
676 676 23 72 
677 677 91 82 
678 678 23 77 
679 679 49 94 
680 680 61 34 
681 681 38 98 
682 682 52 93 
683 683 1 28 
684 684 24 43 
685 685 64 60 
686 686 59 27 
687 687 67 22 
688 688 39 0 
689 689 22 35 
690 690 58 10 
691 691 76 28 
692 692 63 70 
693 693 13 24 
694 694 65 88 
695 695 84 18 
696 696 59 25 
697 697 85 27 
698 698 90 74 
699 699 90 87 
700 700 69 84 
701 701 1 23 
702 702 40 42 
703 703 81 48 
704 704 59 12 
705 705 92 29 
706 706 20 13 
707 707 64 65 
708 708 55 43 
709 709 70 28 
710 710 90 82 
711 711 24 29 
712 712 13 19 
713 713 1 5 
714 714 20 92 
715 715 10 36 
716 716 6 58 
717 717 25 82 
718 718 44 90 
719 719 25 31 
720 720 23 73 
721 721 86 90 
722 722 19 83 
723 723 95 40 
724 724 26 62 
725 725 50 95 
726 726 23 9 
727 727 73 22 
728 728 4 18 
729 729 3 81 
730 730 74 72 
731 731 2 82 
732 732 1 40 
733 733 50 94 
734 734 99 76 
735 735 78 90 
736 736 70 72 
737 737 42 62 
738 738 97 13 
739 739 81 4 
740 740 69 83 
741 741 17 56 
742 742 15 7 
743 743 26 83 
744 744 80 7 
745 745 55 28 
746 746 6 18 
747 747 32 0 
748 748 70 98 
749 749 72 16 
750 750 71 42 
751 751 44 54 
752 752 69 99 
753 753 46 11 
754 754 4 61 
755 755 10 66 
756 756 15 68 
757 757 98 57 
758 758 99 95 
759 759 93 13 
760 760 96 17 
761 761 53 69 
762 762 27 33 
763 763 30 60 
764 764 38 86 
765 765 99 97 
766 766 89 70 
767 767 72 5 
768 768 91 26 
769 769 56 38 
770 770 97 5 
771 771 24 73 
772 772 33 40 
773 773 60 28 
774 774 76 48 
775 775 22 9 
776 776 93 31 
777 777 5 66 
778 778 66 90 
779 779 90 21 
780 780 92 54 
781 781 51 17 
782 782 31 1 
783 783 42 15 
784 784 77 92 
785 785 88 57 
786 786 85 57 
787 787 16 95 
788 788 1 43 
789 789 86 64 
790 790 29 25 
791 791 80 50 
792 792 8 63 
793 793 58 56 
794 794 58 94 
795 795 22 85 
796 796 71 2 
797 797 58 36 
798 798 28 39 
799 799 49 82 
800 800 4 58 
801 801 83 11 
802 802 52 5 
803 803 28 36 
804 804 26 84 
805 805 39 33 
806 806 60 78 
807 807 3 2 
808 808 28 61 
809 809 77 85 
810 810 24 99 
811 811 84 50 
812 812 72 40 
813 813 33 54 
814 814 25 60 
815 815 38 34 
816 816 36 47 
817 817 67 25 
818 818 65 83 
819 819 4 75 
820 820 87 31 
821 821 58 38 
822 822 85 93 
823 823 24 62 
824 824 54 22 
825 825 66 26 
826 826 74 43 
827 827 37 33 
828 828 83 83 
829 829 98 23 
830 830 52 83 
831 831 98 81 
832 832 46 40 
833 833 92 20 
834 834 51 83 
835 835 63 87 
836 836 28 82 
837 837 40 63 
838 838 34 83 
839 839 92 84 
840 840 24 53 
841 841 55 63 
842 842 67 75 
843 843 98 86 
844 844 28 93 
845 845 75 66 
846 846 56 1 
847 847 6 98 
848 848 62 5 
849 849 50 64 
850 850 54 34 
851 851 10 31 
852 852 40 52 
853 853 6 38 
854 854 95 51 
855 855 14 21 
856 856 75 57 
857 857 16 76 
858 858 87 74 
859 859 48 97 
860 860 72 2 
861 861 2 70 
862 862 32 60 
863 863 20 50 
864 864 25 63 
865 865 4 45 
866 866 14 99 
867 867 88 70 
868 868 43 17 
869 869 44 86 
870 870 49 72 
871 871 64 56 
872 872 90 44 
873 873 9 12 
874 874 99 80 
875 875 64 79 
876 876 84 91 
877 877 48 27 
878 878 23 45 
879 879 32 81 
880 880 42 90 
881 881 44 51 
882 882 2 48 
883 883 59 78 
884 884 48 42 
885 885 99 30 
886 886 41 71 
887 887 28 3 
888 888 51 8 
889 889 46 89 
890 890 0 73 
891 891 74 26 
892 892 50 83 
893 893 63 15 
894 894 50 74 
895 895 40 47 
896 896 58 52 
897 897 9 32 
898 898 3 48 
899 899 10 47 
900 900 19 24 
901 901 62 79 
902 902 98 0 
903 903 37 26 
904 904 43 79 
905 905 84 73 
906 906 20 17 
907 907 25 45 
908 908 76 45 
909 909 53 42 
910 910 82 62 
911 911 93 75 
912 912 29 84 
913 913 8 73 
914 914 98 70 
915 915 40 31 
916 916 47 40 
917 917 51 15 
918 918 2 20 
919 919 42 3 
920 920 83 41 
921 921 52 13 
922 922 70 13 
923 923 50 24 
924 924 94 75 
925 925 95 78 
926 926 58 76 
927 927 49 17 
928 928 75 35 
929 929 81 43 
930 930 21 95 
931 931 91 47 
932 932 95 93 
933 933 30 96 
934 934 30 27 
935 935 2 35 
936 936 52 41 
937 937 14 34 
938 938 30 81 
939 939 22 52 
940 940 26 97 
941 941 49 68 
942 942 14 49 
943 943 30 39 
944 944 65 52 
945 945 3 32 
946 946 93 24 
947 947 22 60 
948 948 7 23 
949 949 28 85 
950 950 92 56 
951 951 7 57 
952 952 92 43 
953 953 82 79 
954 954 26 50 
955 955 85 11 
956 956 3 38 
957 957 48 51 
958 958 96 28 
959 959 91 10 
960 960 44 9 
961 961 31 87 
962 962 19 1 
963 963 35 47 
964 964 26 91 
965 965 80 17 
966 966 92 40 
967 967 61 86 
968 968 54 59 
969 969 63 23 
970 970 95 46 
971 971 74 22 
972 972 15 57 
973 973 3 64 
974 974 17 85 
975 975 91 48 
976 976 15 35 
977 977 65 80 
978 978 24 74 
979 979 36 92 
980 980 85 6 
981 981 89 80 
982 982 85 47 
983 983 93 50 
984 984 20 12 
985 985 65 59 
986 986 42 57 
987 987 3 61 
988 988 10 25 
989 989 18 86 
990 990 27 91 
991 991 20 8 
992 992 33 43 
993 993 35 98 
994 994 76 81 
995 995 18 54 
996 996 47 99 
997 997 56 78 
998 998 29 3 
999 999 99 6 
#
EDGES (from-node to-node length a b):
0 854 75 0 
0 685 54 0 
1 841 53 0 
1 301 45 0 
1 252 48 0 
1 167 61 0 
2 901 79 0 
2 751 56 0 
2 380 23 0 
2 369 73 0 
2 359 25 0 
2 313 29 0 
2 175 34 0 
3 425 62 0 
3 380 81 0 
4 973 54 0 
4 968 64 0 
4 614 75 0 
4 514 101 0 
4 467 59 0 
4 277 26 0 
4 275 45 0 
4 100 105 0 
5 425 66 0 
5 86 75 0 
5 72 48 0 
6 771 44 0 
6 363 62 0 
6 270 48 0 
7 550 59 0 
7 321 50 0 
7 259 23 0 
8 976 55 0 
8 970 62 0 
8 816 36 0 
8 696 59 0 
8 691 63 0 
8 676 23 0 
8 465 48 0 
8 399 11 0 
8 33 10 0 
9 826 43 0 
9 681 38 0 
9 611 73 0 
9 587 48 0 
10 914 21 0 
10 579 45 0 
10 401 79 0 
10 355 88 0 
11 902 54 0 
11 890 98 0 
11 810 85 0 
11 799 55 0 
11 768 28 0 
11 726 86 0 
11 634 74 0 
11 550 45 0 
11 324 85 0 
11 299 40 0 
11 42 90 0 
12 741 82 0 
12 723 27 0 
12 498 76 0 
13 525 15 0 
13 479 34 0 
13 345 26 0 
13 38 55 0 
14 934 20 0 
14 759 45 0 
14 371 59 0 
14 90 36 0 
15 782 85 0 
15 693 70 0 
15 575 37 0 
15 553 76 0 
15 495 50 0 
15 420 67 0 
15 407 78 0 
15 283 55 0 
15 37 65 0 
16 918 63 0 
16 625 84 0 
16 317 54 0 
16 179 72 0 
17 499 71 0 
17 276 104 0 
17 45 71 0 
18 303 64 0 
18 122 27 0 
18 21 16 0 
19 469 59 0 
19 360 49 0 
19 325 58 0 
19 227 31 0 
19 215 30 0 
19 27 47 0 
20 876 51 0 
20 563 48 0 
20 492 40 0 
20 447 17 0 
20 409 18 0 
20 216 27 0 
20 145 71 0 
20 50 33 0 
20 43 31 0 
21 985 44 0 
21 699 81 0 
21 640 29 0 
21 591 20 0 
21 424 70 0 
21 368 28 0 
22 948 23 0 
22 737 34 0 
22 609 15 0 
22 507 82 0 
22 413 44 0 
23 814 34 0 
23 686 34 0 
23 675 62 0 
23 249 72 0 
23 28 69 0 
24 891 39 0 
24 688 45 0 
24 579 45 0 
24 222 68 0 
24 207 33 0 
25 866 64 0 
25 606 38 0 
25 359 24 0 
25 102 57 0 
26 952 62 0 
26 825 31 0 
26 732 49 0 
26 730 71 0 
26 510 62 0 
26 506 59 0 
26 367 71 0 
26 343 55 0 
26 260 16 0 
26 188 50 0 
26 124 52 0 
27 838 25 0 
27 710 71 0 
27 605 51 0 
27 409 36 0 
28 791 82 0 
28 719 64 0 
28 660 84 0 
28 218 29 0 
28 77 94 0 
29 834 26 0 
29 624 47 0 
29 475 32 0 
29 93 36 0 
30 975 65 0 
30 876 56 0 
30 635 36 0 
30 514 42 0 
30 66 46 0 
30 52 15 0 
31 853 84 0 
31 837 44 0 
31 461 65 0 
31 157 51 0 
32 867 43 0 
32 797 38 0 
32 741 83 0 
32 340 2 0 
33 798 40 0 
33 207 64 0 
34 896 33 0 
34 513 52 0 
34 468 34 0 
34 105 49 0 
35 291 63 0 
35 146 25 0 
36 617 89 0 
36 396 74 0 
36 385 38 0 
36 344 86 0 
36 190 70 0 
36 175 37 0 
37 737 44 0 
37 631 56 0 
37 617 11 0 
37 445 38 0 
37 326 88 0 
37 299 62 0 
37 44 60 0 
38 924 87 0 
38 585 31 0 
38 44 53 0 
39 741 65 0 
39 362 45 0 
39 326 40 0 
39 256 66 0 
39 211 41 0 
40 773 63 0 
40 535 85 0 
40 469 55 0 
40 93 75 0 
41 344 14 0 
41 225 71 0 
41 162 6 0 
41 48 36 0 
42 976 25 0 
42 871 66 0 
42 836 73 0 
42 768 76 0 
42 728 15 0 
42 645 41 0 
43 346 65 0 
44 442 45 0 
44 441 74 0 
44 54 79 0 
45 989 72 0 
45 949 71 0 
45 684 29 0 
45 483 34 0 
45 155 1 0 
46 868 44 0 
46 856 79 0 
46 709 69 0 
46 683 1 0 
46 195 76 0 
46 190 20 0 
47 233 42 0 
47 133 34 0 
47 104 51 0 
48 856 52 0 
48 562 4 0 
48 335 67 0 
48 249 85 0 
48 86 17 0 
49 820 10 0 
49 626 16 0 
49 182 41 0 
50 965 90 0 
50 852 38 0 
50 585 6 0 
50 85 80 0 
51 660 17 0 
51 587 36 0 
51 444 61 0 
51 393 67 0 
51 158 67 0 
52 566 22 0 
52 550 68 0 
53 945 42 0 
53 880 31 0 
53 760 95 0 
53 387 44 0 
53 132 56 0 
54 830 42 0 
54 334 60 0 
54 331 89 0 
54 85 18 0 
55 732 65 0 
55 695 86 0 
55 242 72 0 
55 195 6 0 
56 987 73 0 
56 794 9 0 
57 861 46 0 
57 697 78 0 
57 658 6 0 
57 617 21 0 
57 347 32 0 
57 58 99 0 
58 740 16 0 
58 693 95 0 
58 586 88 0 
58 472 36 0 
58 271 84 0 
58 244 74 0 
59 890 84 0 
59 877 58 0 
59 390 22 0 
60 709 38 0 
60 321 76 0 
60 264 54 0 
60 188 50 0 
61 248 40 0 
61 109 23 0 
62 944 26 0 
62 767 61 0 
62 373 59 0 
62 343 25 0 
62 253 38 0 
62 154 43 0 
63 797 24 0 
63 727 10 0 
63 520 17 0 
63 225 10 0 
64 975 31 0 
64 947 50 0 
64 855 51 0 
64 842 42 0 
64 505 12 0 
64 347 30 0 
64 304 80 0 
64 303 81 0 
65 927 22 0 
65 873 62 0 
65 558 21 0 
65 499 56 0 
65 426 35 0 
65 420 18 0 
65 235 77 0 
65 209 65 0 
65 208 6 0 
66 775 52 0 
66 215 10 0 
67 909 40 0 
67 375 37 0 
67 189 66 0 
67 97 28 0 
68 977 40 0 
68 885 84 0 
68 844 22 0 
68 843 74 0 
68 467 56 0 
68 442 21 0 
68 284 18 0 
68 234 22 0 
69 774 46 0 
69 722 84 0 
69 630 95 0 
69 393 97 0 
69 283 24 0 
69 87 75 0 
70 840 14 0 
70 712 35 0 
70 101 44 0 
71 934 5 0 
71 906 14 0 
71 861 56 0 
71 720 51 0 
71 570 16 0 
71 514 81 0 
71 285 45 0 
72 740 42 0 
72 291 41 0 
72 82 53 0 
73 957 20 0 
73 779 63 0 
73 768 60 0 
73 738 74 0 
73 376 16 0 
73 259 18 0 
73 211 21 0 
73 201 24 0 
74 890 58 0 
74 869 47 0 
74 659 69 0 
74 483 3 0 
74 282 41 0 
74 278 51 0 
74 212 44 0 
75 737 26 0 
75 529 27 0 
75 260 32 0 
76 444 94 0 
76 370 47 0 
76 103 24 0 
77 855 36 0 
77 380 14 0 
77 272 100 0 
77 192 18 0 
77 90 43 0 
78 795 42 0 
78 442 8 0 
79 453 17 0 
79 164 64 0 
79 85 81 0 
80 893 84 0 
80 882 77 0 
80 876 25 0 
80 766 41 0 
80 470 32 0 
80 366 84 0 
80 291 95 0 
80 279 53 0 
81 950 57 0 
81 777 52 0 
81 668 93 0 
81 662 51 0 
81 533 27 0 
81 457 33 0 
81 153 92 0 
83 970 57 0 
83 950 59 0 
83 447 53 0 
83 256 44 0 
83 196 19 0 
83 157 55 0 
84 692 40 0 
84 136 53 0 
84 119 56 0 
85 607 79 0 
85 572 53 0 
85 565 66 0 
85 403 81 0 
85 322 96 0 
85 287 75 0 
85 130 119 0 
86 768 100 0 
86 614 28 0 
86 324 44 0 
87 899 82 0 
87 597 73 0 
87 546 38 0 
87 477 27 0 
87 413 75 0 
87 364 96 0 
87 322 87 0 
88 724 53 0 
88 537 32 0 
88 527 15 0 
88 424 78 0 
89 991 51 0 
89 845 66 0 
89 828 84 0 
89 567 61 0 
89 560 62 0 
89 553 25 0 
89 544 35 0 
89 529 30 0 
89 309 52 0 
89 178 63 0 
89 145 38 0 
90 989 87 0 
90 908 18 0 
90 844 85 0 
90 838 74 0 
90 808 64 0 
90 494 56 0 
90 136 60 0 
90 135 23 0 
91 710 51 0 
91 405 40 0 
92 926 51 0 
92 635 45 0 
93 870 39 0 
93 351 27 0 
93 319 102 0 
94 956 40 0 
94 806 65 0 
94 718 73 0 
94 504 42 0 
94 378 26 0 
94 328 73 0 
94 206 47 0 
95 206 73 0 
95 177 60 0 
96 412 56 0 
96 394 42 0 
96 261 37 0 
96 200 30 0 
97 896 65 0 
97 603 96 0 
97 595 72 0 
97 431 65 0 
97 407 96 0 
97 352 105 0 
97 329 88 0 
97 149 86 0 
97 98 50 0 
98 549 51 0 
98 352 94 0 
98 257 38 0 
98 149 38 0 
99 889 39 0 
99 548 32 0 
99 482 34 0 
99 251 74 0 
99 124 15 0 
100 731 92 0 
100 527 75 0 
100 450 29 0 
100 415 4 0 
100 198 98 0 
101 941 28 0 
101 869 14 0 
101 685 45 0 
101 623 66 0 
101 372 43 0 
102 945 97 0 
102 854 4 0 
102 814 72 0 
102 730 29 0 
102 680 41 0 
102 543 46 0 
102 395 83 0 
103 715 69 0 
103 558 30 0 
103 297 65 0 
104 871 51 0 
104 723 66 0 
104 309 36 0 
105 617 77 0 
105 611 41 0 
105 139 53 0 
106 955 83 0 
106 544 47 0 
106 495 15 0 
106 222 87 0 
107 814 22 0 
107 754 17 0 
107 264 9 0 
107 255 73 0 
108 921 62 0 
108 846 74 0 
108 694 19 0 
108 615 57 0 
108 201 26 0 
108 132 28 0 
109 973 37 0 
109 523 59 0 
109 193 64 0 
110 707 23 0 
110 621 76 0 
110 552 86 0 
110 385 67 0 
110 359 64 0 
110 145 35 0 
111 936 50 0 
111 839 96 0 
111 783 52 0 
111 750 68 0 
111 419 18 0 
111 296 46 0 
112 866 31 0 
112 691 66 0 
112 542 19 0 
112 240 77 0 
112 178 34 0 
112 155 56 0 
113 835 94 0 
113 531 91 0 
113 433 92 0 
113 224 103 0 
113 130 7 0 
114 542 59 0 
114 330 56 0 
115 946 70 0 
115 909 41 0 
115 233 53 0 
116 785 80 0 
116 695 95 0 
116 470 32 0 
116 452 19 0 
117 228 56 0 
118 952 81 0 
118 944 56 0 
118 863 50 0 
118 852 47 0 
118 503 10 0 
118 353 89 0 
119 802 44 0 
119 462 32 0 
119 436 81 0 
119 367 82 0 
120 824 67 0 
120 769 54 0 
120 426 93 0 
121 935 51 0 
121 730 41 0 
121 440 26 0 
121 159 36 0 
122 863 21 0 
122 831 99 0 
122 482 68 0 
122 330 42 0 
122 280 58 0 
123 907 18 0 
123 554 17 0 
123 303 34 0 
123 131 23 0 
124 995 36 0 
124 950 39 0 
124 779 54 0 
124 308 37 0 
125 902 84 0 
125 715 30 0 
125 661 67 0 
125 448 45 0 
125 276 49 0 
125 220 24 0 
126 966 48 0 
126 826 31 0 
126 698 43 0 
127 446 60 0 
127 131 9 0 
128 883 52 0 
128 838 47 0 
128 507 66 0 
129 872 6 0 
129 627 53 0 
129 431 98 0 
129 217 39 0 
129 154 59 0 
130 915 43 0 
130 772 45 0 
130 610 77 0 
130 318 54 0 
130 145 94 0 
131 910 80 0 
131 733 66 0 
131 240 106 0 
131 155 37 0 
132 913 64 0 
132 791 50 0 
132 725 17 0 
132 499 75 0 
133 364 43 0 
133 361 50 0 
133 213 20 0 
133 183 54 0 
133 138 44 0 
134 987 93 0 
134 984 68 0 
134 559 24 0 
134 376 76 0 
135 910 47 0 
135 900 44 0 
135 798 40 0 
135 285 45 0 
135 167 13 0 
136 984 81 0 
136 672 84 0 
136 605 89 0 
136 327 83 0 
136 166 28 0 
137 902 97 0 
137 534 57 0 
138 841 49 0 
138 364 85 0 
138 279 30 0 
139 855 35 0 
139 765 79 0 
139 689 20 0 
139 601 47 0 
139 565 21 0 
139 295 27 0 
140 739 41 0 
140 425 82 0 
140 292 23 0 
141 831 59 0 
141 741 49 0 
141 414 43 0 
141 340 87 0 
142 975 50 0 
142 652 49 0 
142 460 34 0 
142 253 29 0 
143 973 34 0 
143 971 56 0 
143 855 14 0 
143 749 56 0 
143 290 74 0 
143 200 76 0 
144 363 91 0 
144 193 5 0 
144 184 42 0 
145 851 87 0 
145 401 91 0 
146 777 70 0 
146 611 67 0 
146 293 8 0 
146 215 8 0 
146 204 41 0 
147 599 80 0 
147 216 50 0 
148 996 45 0 
148 958 43 0 
148 923 36 0 
148 863 45 0 
148 847 71 0 
148 786 21 0 
148 497 25 0 
148 450 20 0 
148 377 37 0 
148 323 32 0 
148 270 43 0 
149 926 80 0 
149 671 71 0 
149 551 63 0 
149 455 57 0 
149 230 106 0 
150 873 88 0 
150 454 59 0 
151 947 21 0 
151 921 77 0 
151 671 109 0 
151 404 49 0 
151 389 74 0 
151 336 17 0 
152 874 102 0 
152 821 44 0 
152 578 16 0 
152 526 41 0 
152 321 63 0 
152 168 79 0 
153 573 21 0 
153 386 35 0 
153 291 28 0 
153 228 48 0 
154 772 29 0 
155 919 25 0 
155 844 80 0 
155 783 23 0 
155 782 18 0 
155 576 62 0 
155 399 67 0 
155 370 52 0 
155 216 42 0 
155 193 32 0 
156 987 28 0 
156 907 13 0 
156 806 61 0 
156 585 36 0 
156 518 104 0 
156 473 67 0 
156 282 19 0 
156 269 30 0 
156 195 63 0 
157 931 28 0 
158 837 20 0 
158 497 25 0 
158 487 7 0 
158 211 34 0 
159 587 10 0 
159 513 72 0 
159 461 51 0 
159 217 100 0 
160 811 47 0 
160 680 67 0 
160 442 62 0 
160 439 97 0 
160 212 25 0 
161 979 72 0 
161 921 38 0 
161 874 102 0 
161 860 61 0 
161 724 41 0 
161 629 76 0 
161 293 62 0 
162 763 43 0 
162 572 47 0 
162 450 17 0 
162 386 76 0 
162 205 91 0 
163 818 26 0 
163 781 47 0 
163 455 16 0 
163 443 20 0 
163 220 52 0 
164 421 5 0 
164 372 16 0 
164 257 27 0 
164 180 48 0 
165 964 46 0 
165 631 41 0 
165 606 61 0 
165 532 5 0 
165 387 41 0 
166 805 46 0 
166 511 70 0 
166 332 62 0 
166 255 5 0 
167 794 88 0 
167 638 10 0 
167 596 25 0 
167 465 49 0 
167 330 61 0 
167 310 64 0 
167 290 31 0 
168 788 96 0 
168 743 86 0 
168 667 105 0 
168 533 83 0 
168 397 51 0 
168 358 110 0 
169 887 25 0 
169 876 103 0 
169 698 97 0 
169 694 87 0 
169 688 35 0 
169 503 80 0 
169 405 13 0 
169 365 53 0 
169 309 49 0 
169 284 42 0 
170 878 37 0 
170 643 100 0 
170 532 37 0 
170 434 87 0 
170 432 83 0 
170 325 68 0 
171 792 35 0 
171 504 43 0 
171 479 54 0 
171 210 47 0 
172 950 24 0 
172 522 68 0 
172 417 48 0 
172 176 60 0 
173 571 10 0 
173 499 46 0 
173 393 23 0 
173 327 89 0 
173 301 21 0 
173 228 88 0 
174 827 41 0 
174 749 51 0 
174 442 25 0 
174 335 34 0 
174 183 83 0 
175 981 55 0 
175 933 68 0 
175 765 75 0 
175 715 48 0 
175 641 32 0 
175 203 52 0 
176 969 86 0 
176 626 99 0 
176 270 19 0 
177 428 54 0 
177 303 74 0 
178 829 80 0 
178 735 79 0 
179 977 46 0 
179 919 44 0 
179 389 72 0 
179 325 76 0 
179 199 14 0 
180 766 70 0 
180 465 64 0 
180 333 65 0 
180 187 78 0 
181 967 78 0 
181 941 71 0 
181 871 52 0 
181 776 15 0 
181 652 40 0 
181 486 20 0 
182 788 66 0 
182 468 67 0 
182 436 45 0 
183 955 84 0 
183 597 66 0 
183 502 64 0 
183 499 36 0 
183 400 62 0 
183 331 49 0 
183 223 78 0 
184 559 51 0 
184 525 31 0 
184 373 69 0 
184 289 15 0 
185 529 52 0 
186 723 90 0 
186 617 17 0 
186 196 46 0 
187 909 50 0 
187 893 61 0 
187 871 34 0 
187 777 92 0 
188 901 72 0 
188 633 28 0 
189 777 82 0 
189 677 35 0 
189 675 66 0 
189 432 71 0 
189 284 51 0 
189 269 58 0 
190 957 53 0 
190 730 86 0 
191 864 33 0 
191 840 24 0 
191 815 3 0 
191 811 51 0 
191 755 43 0 
191 549 67 0 
191 463 49 0 
191 422 57 0 
191 286 24 0 
192 425 83 0 
192 284 61 0 
193 867 78 0 
193 803 39 0 
193 623 22 0 
193 289 38 0 
193 244 38 0 
194 728 78 0 
194 569 30 0 
194 318 47 0 
195 980 102 0 
195 479 46 0 
195 220 65 0 
196 999 61 0 
196 841 23 0 
196 328 47 0 
197 877 4 0 
197 869 61 0 
197 812 32 0 
197 789 57 0 
197 707 45 0 
197 624 43 0 
197 603 31 0 
197 509 18 0 
197 471 65 0 
198 913 25 0 
198 697 88 0 
198 632 29 0 
199 844 61 0 
199 797 18 0 
199 748 49 0 
199 691 22 0 
199 567 56 0 
199 325 67 0 
199 217 45 0 
200 981 22 0 
200 679 55 0 
200 673 60 0 
200 525 43 0 
200 461 69 0 
200 436 34 0 
201 823 5 0 
201 476 38 0 
201 262 59 0 
202 407 50 0 
202 289 27 0 
203 828 92 0 
203 640 66 0 
203 338 16 0 
203 330 45 0 
204 690 68 0 
204 634 80 0 
204 498 100 0 
205 682 89 0 
205 551 58 0 
205 360 75 0 
205 355 7 0 
205 274 35 0 
206 827 38 0 
206 826 5 0 
206 803 46 0 
206 748 50 0 
206 707 19 0 
206 702 33 0 
206 548 58 0 
206 341 13 0 
207 976 21 0 
207 918 23 0 
207 751 42 0 
207 617 37 0 
207 484 10 0 
207 265 109 0 
208 979 86 0 
208 767 12 0 
208 666 43 0 
208 609 69 0 
209 625 69 0 
209 512 60 0 
209 345 72 0 
210 962 60 0 
210 960 49 0 
210 958 66 0 
210 947 15 0 
210 864 13 0 
210 671 76 0 
210 599 81 0 
210 457 47 0 
210 337 49 0 
210 224 49 0 
211 618 32 0 
212 986 35 0 
212 721 21 0 
212 601 73 0 
212 589 51 0 
212 564 87 0 
213 880 37 0 
213 493 5 0 
213 416 41 0 
213 270 28 0 
214 941 49 0 
214 911 92 0 
214 856 77 0 
214 764 38 0 
214 672 81 0 
214 395 66 0 
215 983 21 0 
215 971 19 0 
215 774 7 0 
215 434 14 0 
215 336 78 0 
216 911 54 0 
216 854 47 0 
217 904 53 0 
217 568 90 0 
217 361 45 0 
218 888 75 0 
218 727 70 0 
218 701 69 0 
218 432 13 0 
218 392 64 0 
219 969 77 0 
219 875 30 0 
219 789 57 0 
219 736 39 0 
219 690 89 0 
220 818 64 0 
220 672 29 0 
221 575 69 0 
221 474 18 0 
221 459 90 0 
221 423 47 0 
221 411 62 0 
222 946 56 0 
222 931 34 0 
222 911 7 0 
222 381 58 0 
222 345 61 0 
222 301 57 0 
223 964 78 0 
223 875 49 0 
223 319 65 0 
223 306 9 0 
223 301 47 0 
224 952 53 0 
224 923 71 0 
224 563 12 0 
224 408 14 0 
225 925 62 0 
225 725 73 0 
225 552 78 0 
226 821 43 0 
226 706 31 0 
227 274 69 0 
228 911 79 0 
228 879 86 0 
228 564 51 0 
229 924 11 0 
229 850 48 0 
229 785 8 0 
229 778 35 0 
229 765 33 0 
229 738 52 0 
229 523 11 0 
229 341 35 0 
230 931 35 0 
230 809 18 0 
230 635 98 0 
230 581 42 0 
230 561 71 0 
231 905 104 0 
231 834 93 0 
231 308 105 0 
232 850 28 0 
232 682 47 0 
232 635 73 0 
232 619 43 0 
232 316 27 0 
232 270 55 0 
233 781 30 0 
233 748 56 0 
233 688 51 0 
233 483 24 0 
234 568 25 0 
234 500 39 0 
234 442 24 0 
235 742 103 0 
235 479 56 0 
236 994 68 0 
236 878 52 0 
236 706 45 0 
236 691 18 0 
236 374 41 0 
236 352 42 0 
236 248 83 0 
237 771 17 0 
237 369 10 0 
238 733 83 0 
239 578 26 0 
239 557 28 0 
240 631 59 0 
241 866 91 0 
241 786 97 0 
241 627 86 0 
241 378 39 0 
241 320 66 0 
242 857 72 0 
242 306 17 0 
243 717 58 0 
243 628 45 0 
243 246 38 0 
244 931 34 0 
244 779 9 0 
244 484 60 0 
245 850 26 0 
245 530 42 0 
246 903 49 0 
246 693 61 0 
247 990 55 0 
247 747 41 0 
247 520 20 0 
247 265 79 0 
248 432 32 0 
248 279 90 0 
249 987 99 0 
249 896 45 0 
249 856 35 0 
249 837 66 0 
249 703 24 0 
249 273 29 0 
250 953 81 0 
250 922 82 0 
250 507 94 0 
251 995 95 0 
251 829 21 0 
251 815 68 0 
251 704 40 0 
251 328 97 0 
252 799 28 0 
252 795 45 0 
252 790 40 0 
252 474 53 0 
252 466 52 0 
253 760 52 0 
253 657 60 0 
254 919 29 0 
254 322 11 0 
254 259 73 0 
255 937 72 0 
255 808 53 0 
255 358 85 0 
256 725 96 0 
256 667 72 0 
256 591 43 0 
256 409 85 0 
257 826 37 0 
257 402 16 0 
257 273 38 0 
258 886 69 0 
258 576 75 0 
258 516 61 0 
258 426 44 0 
258 337 51 0 
259 493 44 0 
259 438 44 0 
260 380 22 0 
261 704 17 0 
261 466 22 0 
261 389 42 0 
262 995 67 0 
262 320 67 0 
262 288 84 0 
263 807 71 0 
263 521 90 0 
263 515 38 0 
263 468 11 0 
263 413 17 0 
263 270 23 0 
264 924 86 0 
264 709 64 0 
264 482 56 0 
265 859 51 0 
265 452 71 0 
265 338 123 0 
266 993 77 0 
266 813 34 0 
266 806 68 0 
266 770 77 0 
266 712 9 0 
266 694 79 0 
266 676 50 0 
266 588 77 0 
266 378 18 0 
267 973 109 0 
268 744 90 0 
270 955 89 0 
270 842 39 0 
270 757 74 0 
270 715 48 0 
270 365 25 0 
271 990 27 0 
271 812 92 0 
271 278 37 0 
272 849 56 0 
272 614 58 0 
272 426 110 0 
272 334 68 0 
272 275 102 0 
273 659 68 0 
273 485 22 0 
273 373 50 0 
274 782 39 0 
274 781 27 0 
275 365 41 0 
275 312 73 0 
276 983 92 0 
276 489 82 0 
276 340 105 0 
277 609 55 0 
277 536 60 0 
278 926 25 0 
278 734 63 0 
278 674 82 0 
278 287 69 0 
279 706 87 0 
279 683 98 0 
279 503 63 0 
280 777 83 0 
281 601 45 0 
281 404 28 0 
281 287 27 0 
282 390 56 0 
283 999 46 0 
283 956 58 0 
283 347 27 0 
284 985 31 0 
284 504 4 0 
284 303 46 0 
285 755 43 0 
286 786 56 0 
286 731 85 0 
287 559 17 0 
287 521 46 0 
287 305 18 0 
288 983 92 0 
288 738 104 0 
288 706 45 0 
288 596 92 0 
288 418 72 0 
288 332 85 0 
289 955 49 0 
289 906 35 0 
289 513 39 0 
289 485 46 0 
289 377 57 0 
290 973 98 0 
290 972 84 0 
290 911 49 0 
290 478 62 0 
290 347 60 0 
290 327 40 0 
290 300 58 0 
290 292 12 0 
291 788 57 0 
291 304 96 0 
292 974 87 0 
292 825 15 0 
292 633 89 0 
292 477 23 0 
292 454 52 0 
293 920 11 0 
293 653 16 0 
294 775 9 0 
294 725 89 0 
295 989 66 0 
295 833 60 0 
295 656 58 0 
295 558 28 0 
295 406 4 0 
296 998 11 0 
296 910 85 0 
296 687 52 0 
296 560 39 0 
296 490 74 0 
296 343 52 0 
297 304 68 0 
298 846 43 0 
298 639 22 0 
298 604 37 0 
298 536 43 0 
299 959 67 0 
299 442 24 0 
299 395 64 0 
300 914 31 0 
300 776 53 0 
300 692 9 0 
300 618 56 0 
300 600 84 0 
300 582 28 0 
300 576 33 0 
301 640 61 0 
301 398 68 0 
302 686 32 0 
302 645 16 0 
302 373 78 0 
303 687 92 0 
303 464 90 0 
303 338 78 0 
304 996 32 0 
304 668 103 0 
304 618 88 0 
304 349 85 0 
305 916 28 0 
305 853 48 0 
305 783 5 0 
305 572 37 0 
305 356 84 0 
307 879 69 0 
308 911 6 0 
308 842 21 0 
308 448 82 0 
308 410 79 0 
308 312 36 0 
309 904 32 0 
309 815 18 0 
309 539 39 0 
309 480 41 0 
311 775 69 0 
311 718 15 0 
311 605 72 0 
312 768 21 0 
312 650 61 0 
313 978 56 0 
313 941 51 0 
313 777 56 0 
313 337 69 0 
314 858 28 0 
314 738 65 0 
314 669 23 0 
314 580 66 0 
315 482 28 0 
316 909 16 0 
316 776 52 0 
316 746 59 0 
316 705 52 0 
316 688 59 0 
316 504 17 0 
316 354 43 0 
317 815 67 0 
317 717 45 0 
317 570 80 0 
317 525 64 0 
317 349 83 0 
318 970 96 0 
318 858 88 0 
318 839 96 0 
318 732 18 0 
318 560 30 0 
318 537 38 0 
318 394 92 0 
319 961 70 0 
319 847 78 0 
319 638 58 0 
319 479 39 0 
319 465 79 0 
320 937 38 0 
320 896 39 0 
320 585 13 0 
320 528 51 0 
320 416 41 0 
321 992 41 0 
321 608 76 0 
321 505 73 0 
321 366 63 0 
322 793 53 0 
322 693 6 0 
322 646 22 0 
322 404 11 0 
323 909 25 0 
323 858 58 0 
324 860 76 0 
324 719 22 0 
324 378 16 0 
325 927 74 0 
325 866 19 0 
326 843 45 0 
326 529 60 0 
327 530 41 0 
327 498 51 0 
328 852 38 0 
328 705 71 0 
328 444 50 0 
328 440 32 0 
328 358 53 0 
330 974 34 0 
331 776 50 0 
331 715 51 0 
331 711 35 0 
331 587 12 0 
331 500 91 0 
331 462 54 0 
332 708 45 0 
332 349 31 0 
333 855 36 0 
333 827 32 0 
333 447 74 0 
333 354 75 0 
334 929 48 0 
334 883 27 0 
335 864 70 0 
335 845 20 0 
335 510 16 0 
336 940 9 0 
336 889 29 0 
336 385 90 0 
337 887 85 0 
337 812 29 0 
337 555 55 0 
337 429 53 0 
337 408 21 0 
338 935 19 0 
338 668 50 0 
338 526 55 0 
338 509 33 0 
339 840 49 0 
339 787 70 0 
339 729 75 0 
339 594 29 0 
339 423 52 0 
340 656 45 0 
340 620 23 0 
340 553 51 0 
340 525 35 0 
340 394 58 0 
341 941 22 0 
341 549 70 0 
341 515 30 0 
341 495 58 0 
341 407 42 0 
342 504 44 0 
343 897 26 0 
343 845 62 0 
343 514 64 0 
343 373 83 0 
344 750 50 0 
344 616 74 0 
344 603 69 0 
345 718 81 0 
345 403 11 0 
346 928 83 0 
346 411 77 0 
346 361 43 0 
347 883 45 0 
347 850 20 0 
347 732 34 0 
347 473 50 0 
347 396 54 0 
348 867 45 0 
348 705 13 0 
348 617 80 0 
348 557 47 0 
348 462 67 0 
350 962 61 0 
350 798 42 0 
350 668 39 0 
351 773 58 0 
351 616 95 0 
352 815 60 0 
352 689 76 0 
352 577 66 0 
352 518 59 0 
352 386 54 0 
353 833 85 0 
353 713 10 0 
353 596 82 0 
353 589 44 0 
353 571 65 0 
354 819 89 0 
354 811 12 0 
354 779 38 0 
354 778 40 0 
354 772 62 0 
354 739 56 0 
355 895 46 0 
355 773 49 0 
356 611 26 0 
356 596 71 0 
356 519 29 0 
356 374 85 0 
357 810 78 0 
357 475 42 0 
359 886 54 0 
359 773 25 0 
359 521 67 0 
359 454 17 0 
360 863 71 0 
360 763 67 0 
360 402 66 0 
361 938 22 0 
361 850 52 0 
361 831 47 0 
361 464 61 0 
362 634 65 0 
362 582 52 0 
362 545 19 0 
362 412 74 0 
363 680 69 0 
363 615 70 0 
363 605 89 0 
364 968 60 0 
364 936 50 0 
365 762 33 0 
365 756 30 0 
365 517 31 0 
365 433 51 0 
365 404 37 0 
365 385 53 0 
365 379 38 0 
366 811 60 0 
366 608 57 0 
366 604 22 0 
366 476 6 0 
366 467 37 0 
366 379 6 0 
367 817 52 0 
367 563 22 0 
368 891 55 0 
368 773 41 0 
368 737 30 0 
368 666 72 0 
368 620 50 0 
368 484 35 0 
369 747 60 0 
369 673 72 0 
369 635 9 0 
369 381 92 0 
370 890 45 0 
370 547 39 0 
370 376 26 0 
371 872 26 0 
371 664 49 0 
371 511 75 0 
371 460 68 0 
372 643 32 0 
372 518 59 0 
373 795 75 0 
373 570 87 0 
374 935 26 0 
374 896 45 0 
374 814 38 0 
375 839 38 0 
375 775 69 0 
375 742 75 0 
375 735 30 0 
375 686 41 0 
375 618 46 0 
376 896 36 0 
377 747 100 0 
377 423 76 0 
378 713 42 0 
378 614 43 0 
379 583 65 0 
380 914 70 0 
381 988 86 0 
381 738 9 0 
381 544 59 0 
381 429 72 0 
382 983 25 0 
382 948 90 0 
382 869 81 0 
382 777 101 0 
382 407 48 0 
383 992 53 0 
383 975 10 0 
383 790 59 0 
383 661 14 0 
383 450 43 0 
383 411 21 0 
384 966 67 0 
384 647 38 0 
385 628 57 0 
385 438 85 0 
387 959 52 0 
387 922 39 0 
387 798 31 0 
387 662 19 0 
388 855 84 0 
388 715 82 0 
389 982 89 0 
389 941 77 0 
389 880 93 0 
389 785 97 0 
389 652 102 0 
389 390 84 0 
390 604 69 0 
390 505 45 0 
391 802 27 0 
391 666 74 0 
392 415 88 0 
392 400 39 0 
393 533 22 0 
394 486 50 0 
395 783 18 0 
395 493 35 0 
395 429 43 0 
396 404 70 0 
397 994 73 0 
397 850 21 0 
397 724 55 0 
397 693 39 0 
397 597 19 0 
397 558 10 0 
397 548 67 0 
397 439 38 0 
398 971 24 0 
398 851 88 0 
398 816 66 0 
399 814 29 0 
399 810 37 0 
399 714 36 0 
399 710 40 0 
400 867 49 0 
400 834 29 0 
400 779 60 0 
401 883 68 0 
401 782 43 0 
401 514 85 0 
401 403 73 0 
402 952 60 0 
402 813 17 0 
402 616 41 0 
403 559 10 0 
404 591 34 0 
404 560 15 0 
404 548 42 0 
404 501 23 0 
405 795 53 0 
405 687 53 0 
406 977 65 0 
406 525 27 0 
406 469 8 0 
407 797 30 0 
407 654 57 0 
407 594 24 0 
407 504 57 0 
408 939 53 0 
408 918 89 0 
408 652 34 0 
408 562 39 0 
408 481 7 0 
409 763 30 0 
409 687 57 0 
409 662 38 0 
410 982 76 0 
410 441 76 0 
410 436 87 0 
411 684 43 0 
411 473 41 0 
412 767 100 0 
413 839 79 0 
413 789 77 0 
413 534 48 0 
414 795 62 0 
414 644 70 0 
414 549 81 0 
415 960 86 0 
415 835 30 0 
415 625 91 0 
415 516 29 0 
415 499 83 0 
416 951 62 0 
417 749 51 0 
417 734 80 0 
417 630 55 0 
417 501 14 0 
418 740 76 0 
418 720 73 0 
418 640 11 0 
418 588 93 0 
418 466 32 0 
419 618 47 0 
419 508 37 0 
419 423 16 0 
420 689 36 0 
420 686 12 0 
420 585 69 0 
420 521 55 0 
420 484 29 0 
420 441 59 0 
421 903 36 0 
421 829 37 0 
421 790 43 0 
421 573 44 0 
421 565 16 0 
422 831 56 0 
422 819 102 0 
422 548 88 0 
422 451 77 0 
423 874 88 0 
423 683 27 0 
423 597 45 0 
423 499 14 0 
424 895 50 0 
425 834 29 0 
425 762 41 0 
425 712 56 0 
425 670 82 0 
425 527 64 0 
426 966 66 0 
426 592 34 0 
427 974 94 0 
427 760 34 0 
427 733 91 0 
428 995 83 0 
428 964 72 0 
428 878 81 0 
428 804 71 0 
428 774 37 0 
429 751 11 0 
429 720 19 0 
430 911 62 0 
430 743 83 0 
430 662 45 0 
431 979 77 0 
431 912 67 0 
431 906 21 0 
431 838 68 0 
432 820 84 0 
432 809 49 0 
432 779 94 0 
432 581 70 0 
432 453 29 0 
433 913 89 0 
433 697 22 0 
433 485 23 0 
434 688 66 0 
434 536 30 0 
435 880 80 0 
436 960 48 0 
436 912 86 0 
436 700 64 0 
436 660 85 0 
437 683 78 0 
437 597 100 0 
438 895 50 0 
438 874 91 0 
438 854 93 0 
438 782 87 0 
438 720 19 0 
438 486 98 0 
440 681 39 0 
440 655 31 0 
440 588 40 0 
440 515 19 0 
441 904 44 0 
441 859 48 0 
441 748 34 0 
441 700 23 0 
441 519 47 0 
442 706 46 0 
442 524 64 0 
443 813 47 0 
443 637 33 0 
443 513 25 0 
444 769 72 0 
444 534 45 0 
445 777 66 0 
445 582 81 0 
445 487 72 0 
447 968 16 0 
447 791 36 0 
448 947 35 0 
448 798 56 0 
448 732 53 0 
448 465 83 0 
449 748 16 0 
449 476 80 0 
449 452 29 0 
451 939 38 0 
451 742 82 0 
451 510 51 0 
451 467 56 0 
451 455 40 0 
452 949 1 0 
453 809 60 0 
453 637 29 0 
453 544 53 0 
453 503 36 0 
454 785 64 0 
454 768 62 0 
454 670 47 0 
454 597 47 0 
456 840 25 0 
456 789 86 0 
456 660 31 0 
456 494 80 0 
457 925 16 0 
457 632 81 0 
458 972 85 0 
458 800 94 0 
458 706 63 0 
458 697 22 0 
458 537 60 0 
459 974 99 0 
459 814 77 0 
460 977 49 0 
460 927 75 0 
460 873 72 0 
460 739 103 0 
460 496 47 0 
461 980 77 0 
461 911 75 0 
461 535 66 0 
461 533 27 0 
462 923 41 0 
462 837 30 0 
462 576 34 0 
463 603 33 0 
463 551 40 0 
463 469 55 0 
464 945 68 0 
464 764 67 0 
464 516 47 0 
465 776 25 0 
465 766 17 0 
465 611 43 0 
465 601 56 0 
466 983 77 0 
466 945 29 0 
466 685 61 0 
467 863 50 0 
468 983 97 0 
468 918 63 0 
468 904 41 0 
468 881 53 0 
468 575 85 0 
469 907 28 0 
469 829 61 0 
470 832 32 0 
471 772 47 0 
471 531 86 0 
471 524 94 0 
471 479 43 0 
472 803 53 0 
472 526 41 0 
474 943 38 0 
474 905 81 0 
474 818 64 0 
474 647 49 0 
474 593 92 0 
475 783 39 0 
476 912 61 0 
476 638 42 0 
477 650 78 0 
477 503 64 0 
478 883 28 0 
478 588 54 0 
478 565 60 0 
479 505 36 0 
480 802 52 0 
480 786 77 0 
480 715 1 0 
480 531 78 0 
481 865 80 0 
481 826 38 0 
481 781 68 0 
481 493 50 0 
483 966 48 0 
483 957 14 0 
483 914 63 0 
483 797 14 0 
484 784 100 0 
485 971 15 0 
485 786 33 0 
485 512 63 0 
486 997 56 0 
487 488 49 0 
489 849 61 0 
489 652 92 0 
489 492 19 0 
490 862 82 0 
490 798 73 0 
490 592 26 0 
491 788 58 0 
491 593 74 0 
492 819 47 0 
492 689 3 0 
492 685 50 0 
492 684 11 0 
492 616 64 0 
492 557 32 0 
493 842 40 0 
493 777 37 0 
493 760 67 0 
493 668 51 0 
493 656 37 0 
493 636 45 0 
495 690 77 0 
495 689 35 0 
495 535 89 0 
495 506 109 0 
496 770 76 0 
497 578 48 0 
497 561 29 0 
498 703 83 0 
499 905 72 0 
499 877 30 0 
499 655 4 0 
499 615 10 0 
500 782 91 0 
500 781 80 0 
500 770 115 0 
501 776 55 0 
501 534 37 0 
502 692 28 0 
502 637 14 0 
504 538 19 0 
505 953 61 0 
505 837 46 0 
505 834 62 0 
506 870 78 0 
506 778 85 0 
506 598 92 0 
508 952 82 0 
508 812 67 0 
508 786 71 0 
508 737 29 0 
510 925 27 0 
511 920 84 0 
511 844 24 0 
511 737 38 0 
511 630 22 0 
511 569 37 0 
512 531 76 0 
513 991 81 0 
513 984 78 0 
513 829 46 0 
514 803 72 0 
514 760 87 0 
514 618 76 0 
515 655 14 0 
516 979 33 0 
516 929 35 0 
516 868 61 0 
517 697 37 0 
518 749 87 0 
518 728 125 0 
518 720 80 0 
518 612 96 0 
519 975 62 0 
519 967 17 0 
519 901 21 0 
519 795 22 0 
519 636 24 0 
519 623 65 0 
519 583 78 0 
519 576 17 0 
520 991 49 0 
520 637 28 0 
520 607 31 0 
520 555 66 0 
521 744 49 0 
522 857 14 0 
522 536 60 0 
524 850 65 0 
524 605 117 0 
525 965 26 0 
525 799 53 0 
525 559 23 0 
526 732 65 0 
526 619 69 0 
526 614 69 0 
527 791 45 0 
528 935 9 0 
528 807 24 0 
529 970 62 0 
529 931 59 0 
529 832 28 0 
529 829 56 0 
529 719 26 0 
529 645 38 0 
529 574 61 0 
530 793 31 0 
531 727 39 0 
531 569 46 0 
531 539 67 0 
532 933 51 0 
532 700 61 0 
532 563 74 0 
532 548 26 0 
533 955 89 0 
533 897 49 0 
534 834 63 0 
534 719 25 0 
534 642 40 0 
534 568 26 0 
535 867 57 0 
536 974 50 0 
536 905 28 0 
536 754 56 0 
536 617 61 0 
537 846 46 0 
537 639 27 0 
537 638 43 0 
538 966 71 0 
538 927 39 0 
538 574 38 0 
538 563 75 0 
539 906 20 0 
539 662 32 0 
540 639 35 0 
541 843 115 0 
541 666 90 0 
541 655 34 0 
543 945 66 0 
543 857 39 0 
543 685 16 0 
544 875 70 0 
545 999 63 0 
545 979 63 0 
545 895 59 0 
546 818 18 0 
547 821 55 0 
547 816 31 0 
548 686 60 0 
548 651 32 0 
548 586 22 0 
549 641 57 0 
550 927 31 0 
550 874 71 0 
550 636 71 0 
550 551 66 0 
551 732 46 0 
551 620 45 0 
551 576 10 0 
551 555 26 0 
552 732 28 0 
552 572 65 0 
554 799 44 0 
555 688 91 0 
555 668 93 0 
556 987 49 0 
556 941 9 0 
556 932 49 0 
556 700 21 0 
559 790 41 0 
559 753 21 0 
559 730 63 0 
560 936 25 0 
560 626 68 0 
561 642 23 0 
561 617 48 0 
562 898 40 0 
563 712 98 0 
564 991 6 0 
564 977 87 0 
564 693 14 0 
564 610 67 0 
564 596 75 0 
565 803 27 0 
565 780 42 0 
565 614 47 0 
566 964 31 0 
566 960 66 0 
566 592 77 0 
566 586 10 0 
566 580 39 0 
567 949 56 0 
567 606 53 0 
567 603 58 0 
568 838 54 0 
568 834 59 0 
568 801 60 0 
568 795 55 0 
568 789 69 0 
568 603 49 0 
569 737 3 0 
569 725 36 0 
569 683 50 0 
569 675 29 0 
570 981 85 0 
570 963 23 0 
570 926 60 0 
570 895 26 0 
570 866 68 0 
571 951 29 0 
571 635 36 0 
572 983 32 0 
572 617 60 0 
573 840 33 0 
574 747 74 0 
574 657 32 0 
574 582 15 0 
575 947 70 0 
576 610 58 0 
576 588 24 0 
577 957 15 0 
577 900 31 0 
577 591 51 0 
577 589 7 0 
578 867 80 0 
578 824 22 0 
578 761 62 0 
578 713 34 0 
578 583 67 0 
579 932 70 0 
579 895 46 0 
580 939 30 0 
580 849 57 0 
580 669 85 0 
581 822 50 0 
582 805 54 0 
582 802 83 0 
582 724 29 0 
583 927 52 0 
583 807 100 0 
584 725 85 0 
584 585 49 0 
586 964 40 0 
586 854 96 0 
587 913 68 0 
587 824 16 0 
587 818 74 0 
587 755 61 0 
587 652 69 0 
588 959 106 0 
588 926 34 0 
589 808 8 0 
589 772 15 0 
590 974 57 0 
590 768 64 0 
590 692 21 0 
590 683 94 0 
592 753 24 0 
594 795 70 0 
594 711 39 0 
595 989 60 0 
595 835 45 0 
595 659 60 0 
596 871 41 0 
597 679 91 0 
598 907 25 0 
598 744 82 0 
599 935 98 0 
599 774 50 0 
600 805 31 0 
601 854 60 0 
601 814 64 0 
602 923 41 0 
602 739 17 0 
603 906 55 0 
603 887 51 0 
603 716 77 0 
604 745 30 0 
605 994 100 0 
605 959 90 0 
606 902 33 0 
606 650 45 0 
607 903 9 0 
608 631 53 0 
609 940 40 0 
609 660 50 0 
610 898 75 0 
610 768 16 0 
610 703 15 0 
610 700 51 0 
610 691 6 0 
610 650 61 0 
612 804 49 0 
613 960 62 0 
613 768 90 0 
614 962 82 0 
614 760 84 0 
614 658 64 0 
616 912 27 0 
616 854 100 0 
616 758 95 0 
619 818 22 0 
619 809 34 0 
619 782 81 0 
619 741 36 0 
620 738 33 0 
620 736 40 0 
621 761 43 0 
622 760 62 0 
624 702 28 0 
625 928 45 0 
626 869 73 0 
627 899 52 0 
627 754 51 0 
628 984 50 0 
628 964 29 0 
628 859 42 0 
630 749 94 0 
631 929 54 0 
631 767 80 0 
631 765 61 0 
632 961 62 0 
632 719 9 0 
633 928 80 0 
634 951 62 0 
634 635 60 0 
636 970 46 0 
636 878 57 0 
636 651 48 0 
637 829 59 0 
637 708 13 0 
637 696 32 0 
637 685 16 0 
641 993 38 0 
641 932 48 0 
642 849 53 0 
642 776 64 0 
643 990 62 0 
643 883 27 0 
643 724 61 0 
643 721 17 0 
643 700 20 0 
644 968 40 0 
645 971 49 0 
645 961 39 0 
645 853 28 0 
646 952 65 0 
648 990 59 0 
649 893 99 0 
650 851 27 0 
650 717 75 0 
652 981 24 0 
652 978 72 0 
652 963 60 0 
652 757 4 0 
653 753 48 0 
654 925 33 0 
655 904 49 0 
655 848 57 0 
656 764 37 0 
657 811 69 0 
658 860 63 0 
659 784 9 0 
660 875 91 0 
660 800 49 0 
660 745 53 0 
661 989 97 0 
661 920 18 0 
661 715 86 0 
663 691 18 0 
664 787 32 0 
665 957 37 0 
665 935 41 0 
665 876 68 0 
667 944 68 0 
667 896 62 0 
667 815 61 0 
667 700 64 0 
668 901 80 0 
669 683 90 0 
670 948 63 0 
670 917 19 0 
671 878 80 0 
672 673 28 0 
673 845 61 0 
674 864 56 0 
675 968 36 0 
675 882 50 0 
676 954 22 0 
676 917 64 0 
676 911 70 0 
676 838 16 0 
677 974 74 0 
678 919 76 0 
678 886 19 0 
678 861 22 0 
678 778 45 0 
679 869 9 0 
679 764 14 0 
680 859 64 0 
680 716 60 0 
681 851 73 0 
681 795 21 0 
681 745 72 0 
685 810 56 0 
686 852 31 0 
687 951 69 0 
687 810 88 0 
688 745 32 0 
689 859 67 0 
689 829 77 0 
692 838 32 0 
692 799 18 0 
692 777 58 0 
693 915 28 0 
694 765 35 0 
696 839 68 0 
700 760 72 0 
700 737 35 0 
701 823 45 0 
702 882 38 0 
702 745 21 0 
703 958 25 0 
703 936 30 0 
703 905 25 0 
705 956 89 0 
705 765 68 0 
707 828 26 0 
707 810 52 0 
709 900 51 0 
709 898 70 0 
709 722 75 0 
710 946 58 0 
711 863 21 0 
712 948 7 0 
712 931 83 0 
714 758 79 0 
715 917 46 0 
716 760 99 0 
719 986 31 0 
719 957 30 0 
719 853 20 0 
719 769 32 0 
721 911 17 0 
721 865 94 0 
722 990 11 0 
723 763 68 0 
725 899 62 0 
725 867 45 0 
726 913 66 0 
726 775 1 0 
726 750 58 0 
728 942 33 0 
729 954 39 0 
729 825 84 0 
729 773 78 0 
729 755 17 0 
730 737 34 0 
731 796 106 0 
732 850 53 0 
733 759 92 0 
738 866 120 0 
738 858 62 0 
738 765 84 0 
738 764 94 0 
739 967 84 0 
739 940 108 0 
739 826 40 0 
740 770 83 0 
742 993 93 0 
743 935 54 0 
745 865 54 0 
746 847 80 0 
747 907 46 0 
747 794 98 0 
749 885 30 0 
751 792 37 0 
752 894 31 0 
753 883 68 0 
755 792 4 0 
755 786 76 0 
756 863 19 0 
757 964 80 0 
757 906 88 0 
758 764 62 0 
759 817 29 0 
760 875 70 0 
761 983 44 0 
761 818 18 0 
767 844 98 0 
771 933 24 0 
774 919 56 0 
774 888 47 0 
775 921 30 0 
775 868 22 0 
775 797 45 0 
775 777 59 0 
776 952 12 0 
777 875 60 0 
777 806 56 0 
781 979 76 0 
781 894 57 0 
781 849 47 0 
781 826 35 0 
782 990 90 0 
783 926 63 0 
783 867 72 0 
783 846 20 0 
783 815 19 0 
784 966 54 0 
785 805 55 0 
786 923 48 0 
787 913 23 0 
788 865 4 0 
788 821 57 0 
789 938 59 0 
789 831 21 0 
791 914 27 0 
791 903 49 0 
793 877 31 0 
794 985 36 0 
794 855 85 0 
797 865 55 0 
798 926 48 0 
798 852 18 0 
799 937 59 0 
799 933 24 0 
799 810 30 0 
805 824 19 0 
807 972 56 0 
808 971 60 0 
808 841 27 0 
810 912 16 0 
812 953 40 0 
812 907 47 0 
813 995 15 0 
813 860 65 0 
815 970 58 0 
815 836 49 0 
816 919 44 0 
817 930 84 0 
817 821 16 0 
818 909 43 0 
819 968 52 0 
823 863 13 0 
824 952 43 0 
825 926 51 0 
831 866 86 0 
832 969 24 0 
832 876 64 0 
832 855 37 0 
833 957 54 0 
833 857 94 0 
837 949 25 0 
843 949 70 0 
843 932 8 0 
846 963 51 0 
846 901 78 0 
849 852 16 0 
854 907 70 0 
857 997 40 0 
858 978 63 0 
858 868 72 0 
863 987 20 0 
863 879 33 0 
864 992 22 0 
864 952 70 0 
865 935 10 0 
865 906 32 0 
869 974 27 0 
870 871 22 0 
874 999 74 0 
874 892 49 0 
879 935 55 0 
882 952 90 0 
883 981 30 0 
884 916 2 0 
884 897 40 0 
885 955 24 0 
888 908 45 0 
891 966 23 0 
892 956 65 0 
892 945 69 0 
896 994 34 0 
896 953 36 0 
897 978 45 0 
899 961 45 0 
899 958 88 0 
899 948 24 0 
900 948 12 0 
905 954 62 0 
909 922 34 0 
909 913 55 0 
910 936 37 0 
913 972 17 0 
914 931 24 0 
918 946 91 0 
923 984 32 0 
925 983 28 0 
935 973 29 0 
936 957 11 0 
942 975 77 0 
950 996 62 0 
952 984 78 0 
959 989 105 0 
962 975 86 0 
973 996 56 0 
977 990 40 0 
986 994 42 0 
