#GRAPH (#nodes #edges id uu vv ww xx yy zz):
#1000 4922 geo(0,{1000,100,3,0.005,0.000,0.000}) 100 
#
VERTICES (index name u v w x y z):
0 0 4 57 
1 1 43 24 
2 2 80 87 
3 3 12 20 
4 4 82 68 
5 5 30 1 
6 6 90 72 
7 7 30 33 
8 8 63 29 
9 9 32 52 
10 10 97 17 
11 11 3 97 
12 12 28 16 
13 13 70 82 
14 14 44 35 
15 15 50 19 
16 16 28 38 
17 17 35 45 
18 18 97 13 
19 19 48 84 
20 20 86 68 
21 21 78 16 
22 22 52 25 
23 23 48 31 
24 24 16 98 
25 25 3 21 
26 26 52 96 
27 27 50 8 
28 28 43 18 
29 29 69 84 
30 30 4 15 
31 31 81 81 
32 32 78 30 
33 33 44 10 
34 34 71 2 
35 35 83 45 
36 36 39 55 
37 37 74 17 
38 38 22 40 
39 39 81 41 
40 40 50 67 
41 41 6 61 
42 42 94 97 
43 43 87 1 
44 44 38 48 
45 45 57 80 
46 46 49 28 
47 47 50 18 
48 48 38 25 
49 49 26 80 
50 50 95 63 
51 51 16 87 
52 52 66 51 
53 53 24 83 
54 54 41 1 
55 55 80 27 
56 56 48 35 
57 57 88 17 
58 58 38 33 
59 59 57 69 
60 60 11 62 
61 61 53 37 
62 62 55 66 
63 63 5 31 
64 64 22 10 
65 65 8 77 
66 66 60 10 
67 67 93 39 
68 68 42 99 
69 69 0 93 
70 70 77 96 
71 71 24 57 
72 72 19 30 
73 73 5 34 
74 74 95 17 
75 75 40 8 
76 76 81 64 
77 77 57 93 
78 78 28 71 
79 79 96 59 
80 80 25 7 
81 81 61 1 
82 82 20 39 
83 83 77 29 
84 84 77 75 
85 85 23 71 
86 86 83 71 
87 87 47 70 
88 88 7 26 
89 89 41 45 
90 90 6 34 
91 91 34 3 
92 92 99 36 
93 93 39 98 
94 94 44 28 
95 95 50 27 
96 96 0 16 
97 97 52 67 
98 98 50 86 
99 99 70 89 
100 100 3 75 
101 101 96 10 
102 102 8 19 
103 103 45 67 
104 104 11 20 
105 105 86 62 
106 106 14 65 
107 107 37 15 
108 108 99 32 
109 109 89 10 
110 110 46 86 
111 111 87 78 
112 112 75 30 
113 113 18 99 
114 114 21 85 
115 115 7 11 
116 116 77 16 
117 117 66 69 
118 118 14 59 
119 119 43 14 
120 120 57 98 
121 121 94 64 
122 122 49 16 
123 123 11 37 
124 124 23 13 
125 125 1 32 
126 126 50 10 
127 127 11 96 
128 128 49 73 
129 129 27 37 
130 130 20 75 
131 131 60 33 
132 132 79 41 
133 133 4 80 
134 134 79 82 
135 135 16 11 
136 136 41 39 
137 137 14 18 
138 138 36 8 
139 139 78 7 
140 140 26 67 
141 141 36 39 
142 142 72 33 
143 143 99 41 
144 144 61 90 
145 145 1 79 
146 146 43 46 
147 147 10 94 
148 148 23 59 
149 149 98 29 
150 150 77 61 
151 151 83 80 
152 152 16 51 
153 153 63 30 
154 154 13 22 
155 155 12 36 
156 156 55 76 
157 157 16 83 
158 158 16 97 
159 159 4 63 
160 160 23 35 
161 161 14 68 
162 162 39 50 
163 163 2 43 
164 164 45 50 
165 165 69 68 
166 166 97 89 
167 167 32 13 
168 168 16 9 
169 169 0 43 
170 170 13 39 
171 171 50 21 
172 172 98 76 
173 173 68 60 
174 174 48 95 
175 175 92 90 
176 176 25 63 
177 177 4 32 
178 178 21 75 
179 179 60 30 
180 180 51 75 
181 181 39 77 
182 182 39 88 
183 183 40 25 
184 184 11 31 
185 185 98 63 
186 186 50 33 
187 187 82 35 
188 188 25 93 
189 189 88 8 
190 190 68 86 
191 191 0 88 
192 192 91 84 
193 193 54 52 
194 194 18 68 
195 195 29 72 
196 196 71 26 
197 197 49 67 
198 198 99 0 
199 199 42 89 
200 200 82 63 
201 201 55 19 
202 202 48 39 
203 203 87 28 
204 204 59 30 
205 205 69 14 
206 206 91 32 
207 207 14 41 
208 208 68 24 
209 209 72 79 
210 210 25 16 
211 211 66 7 
212 212 13 29 
213 213 35 54 
214 214 15 13 
215 215 45 93 
216 216 16 78 
217 217 9 85 
218 218 32 7 
219 219 63 27 
220 220 40 15 
221 221 73 68 
222 222 4 50 
223 223 51 61 
224 224 48 79 
225 225 6 42 
226 226 13 48 
227 227 1 95 
228 228 35 87 
229 229 64 33 
230 230 68 31 
231 231 17 6 
232 232 7 31 
233 233 77 98 
234 234 12 27 
235 235 21 58 
236 236 78 70 
237 237 61 57 
238 238 87 94 
239 239 36 35 
240 240 55 63 
241 241 71 4 
242 242 59 1 
243 243 23 38 
244 244 37 41 
245 245 68 35 
246 246 68 10 
247 247 94 0 
248 248 43 77 
249 249 89 40 
250 250 6 33 
251 251 82 65 
252 252 89 76 
253 253 5 26 
254 254 8 86 
255 255 77 3 
256 256 31 45 
257 257 28 53 
258 258 40 71 
259 259 57 21 
260 260 25 27 
261 261 9 59 
262 262 45 41 
263 263 1 85 
264 264 91 23 
265 265 87 97 
266 266 58 61 
267 267 50 23 
268 268 3 12 
269 269 66 84 
270 270 22 4 
271 271 73 85 
272 272 66 10 
273 273 51 63 
274 274 0 94 
275 275 7 93 
276 276 99 31 
277 277 76 37 
278 278 67 13 
279 279 80 54 
280 280 9 54 
281 281 71 32 
282 282 31 57 
283 283 27 51 
284 284 49 60 
285 285 16 38 
286 286 0 97 
287 287 18 96 
288 288 89 75 
289 289 57 45 
290 290 46 24 
291 291 44 51 
292 292 17 2 
293 293 15 93 
294 294 72 74 
295 295 66 25 
296 296 4 28 
297 297 21 76 
298 298 57 13 
299 299 70 80 
300 300 6 12 
301 301 94 95 
302 302 9 68 
303 303 92 63 
304 304 96 29 
305 305 2 23 
306 306 76 93 
307 307 6 24 
308 308 15 15 
309 309 35 47 
310 310 3 93 
311 311 98 88 
312 312 48 12 
313 313 32 31 
314 314 11 89 
315 315 45 52 
316 316 17 51 
317 317 0 34 
318 318 26 26 
319 319 26 7 
320 320 42 12 
321 321 16 50 
322 322 5 71 
323 323 88 12 
324 324 97 6 
325 325 64 58 
326 326 64 68 
327 327 21 28 
328 328 2 42 
329 329 40 28 
330 330 64 59 
331 331 57 74 
332 332 87 18 
333 333 57 85 
334 334 59 43 
335 335 13 2 
336 336 5 42 
337 337 25 91 
338 338 76 34 
339 339 39 66 
340 340 41 67 
341 341 76 40 
342 342 71 33 
343 343 6 22 
344 344 90 32 
345 345 14 39 
346 346 34 11 
347 347 59 61 
348 348 10 41 
349 349 22 12 
350 350 65 64 
351 351 97 82 
352 352 19 65 
353 353 3 19 
354 354 18 73 
355 355 39 38 
356 356 15 24 
357 357 79 25 
358 358 47 31 
359 359 6 39 
360 360 26 71 
361 361 10 32 
362 362 89 28 
363 363 28 13 
364 364 58 36 
365 365 90 54 
366 366 35 96 
367 367 37 64 
368 368 27 16 
369 369 97 87 
370 370 60 26 
371 371 68 48 
372 372 92 86 
373 373 75 75 
374 374 54 33 
375 375 74 40 
376 376 32 37 
377 377 1 22 
378 378 99 43 
379 379 77 77 
380 380 40 60 
381 381 43 32 
382 382 40 14 
383 383 41 40 
384 384 78 71 
385 385 83 8 
386 386 44 24 
387 387 6 58 
388 388 64 60 
389 389 4 66 
390 390 49 45 
391 391 99 97 
392 392 9 69 
393 393 21 64 
394 394 81 25 
395 395 45 23 
396 396 94 8 
397 397 90 87 
398 398 35 30 
399 399 81 16 
400 400 55 98 
401 401 27 83 
402 402 62 61 
403 403 27 69 
404 404 33 19 
405 405 63 12 
406 406 67 52 
407 407 70 37 
408 408 97 77 
409 409 2 66 
410 410 8 33 
411 411 27 74 
412 412 13 23 
413 413 35 65 
414 414 20 80 
415 415 97 84 
416 416 39 46 
417 417 68 47 
418 418 52 94 
419 419 56 54 
420 420 94 11 
421 421 12 75 
422 422 32 45 
423 423 92 9 
424 424 95 21 
425 425 38 84 
426 426 63 68 
427 427 27 3 
428 428 25 52 
429 429 45 15 
430 430 13 15 
431 431 18 18 
432 432 61 18 
433 433 91 49 
434 434 16 81 
435 435 16 4 
436 436 5 21 
437 437 81 45 
438 438 52 95 
439 439 4 64 
440 440 80 15 
441 441 23 8 
442 442 77 35 
443 443 30 8 
444 444 63 87 
445 445 76 27 
446 446 78 22 
447 447 61 46 
448 448 9 35 
449 449 0 30 
450 450 22 66 
451 451 19 71 
452 452 33 5 
453 453 5 37 
454 454 55 52 
455 455 16 60 
456 456 66 29 
457 457 76 72 
458 458 50 14 
459 459 66 97 
460 460 93 10 
461 461 57 75 
462 462 55 47 
463 463 47 43 
464 464 45 89 
465 465 98 68 
466 466 91 63 
467 467 71 17 
468 468 35 78 
469 469 28 46 
470 470 97 18 
471 471 75 37 
472 472 80 19 
473 473 95 30 
474 474 14 34 
475 475 98 57 
476 476 50 63 
477 477 14 60 
478 478 72 8 
479 479 85 60 
480 480 48 52 
481 481 28 17 
482 482 38 58 
483 483 0 41 
484 484 90 90 
485 485 51 27 
486 486 69 66 
487 487 88 15 
488 488 75 40 
489 489 52 44 
490 490 19 40 
491 491 31 59 
492 492 63 66 
493 493 2 29 
494 494 2 76 
495 495 24 68 
496 496 72 22 
497 497 31 92 
498 498 83 16 
499 499 57 42 
500 500 0 63 
501 501 43 51 
502 502 24 5 
503 503 53 25 
504 504 61 42 
505 505 15 59 
506 506 2 8 
507 507 74 75 
508 508 35 83 
509 509 54 12 
510 510 62 53 
511 511 78 99 
512 512 39 95 
513 513 33 73 
514 514 54 79 
515 515 45 56 
516 516 5 60 
517 517 23 40 
518 518 95 50 
519 519 45 37 
520 520 6 75 
521 521 0 29 
522 522 23 64 
523 523 1 25 
524 524 11 57 
525 525 76 63 
526 526 9 44 
527 527 95 96 
528 528 39 7 
529 529 65 91 
530 530 12 13 
531 531 21 65 
532 532 23 75 
533 533 76 43 
534 534 93 56 
535 535 21 6 
536 536 29 26 
537 537 88 42 
538 538 81 56 
539 539 12 65 
540 540 29 62 
541 541 90 93 
542 542 44 21 
543 543 90 79 
544 544 3 62 
545 545 34 80 
546 546 77 43 
547 547 29 80 
548 548 53 65 
549 549 73 57 
550 550 31 17 
551 551 44 92 
552 552 89 0 
553 553 60 84 
554 554 18 92 
555 555 85 81 
556 556 16 65 
557 557 8 11 
558 558 52 36 
559 559 48 43 
560 560 11 84 
561 561 0 54 
562 562 74 59 
563 563 67 17 
564 564 55 43 
565 565 84 55 
566 566 37 20 
567 567 34 91 
568 568 11 11 
569 569 9 92 
570 570 16 28 
571 571 71 11 
572 572 59 38 
573 573 22 2 
574 574 79 43 
575 575 71 70 
576 576 6 68 
577 577 78 69 
578 578 87 57 
579 579 28 99 
580 580 82 33 
581 581 60 98 
582 582 63 23 
583 583 69 87 
584 584 69 21 
585 585 33 86 
586 586 57 31 
587 587 7 5 
588 588 79 10 
589 589 78 87 
590 590 64 38 
591 591 18 27 
592 592 72 20 
593 593 27 48 
594 594 27 52 
595 595 27 73 
596 596 87 71 
597 597 99 53 
598 598 60 45 
599 599 97 26 
600 600 28 25 
601 601 50 37 
602 602 85 1 
603 603 90 0 
604 604 41 86 
605 605 67 80 
606 606 32 57 
607 607 13 91 
608 608 89 48 
609 609 60 6 
610 610 78 77 
611 611 53 53 
612 612 63 46 
613 613 20 69 
614 614 31 25 
615 615 79 35 
616 616 64 42 
617 617 80 50 
618 618 49 51 
619 619 2 48 
620 620 60 91 
621 621 56 95 
622 622 95 18 
623 623 26 34 
624 624 95 69 
625 625 60 36 
626 626 26 35 
627 627 73 37 
628 628 93 2 
629 629 94 24 
630 630 67 36 
631 631 96 32 
632 632 12 41 
633 633 24 81 
634 634 98 28 
635 635 66 92 
636 636 47 15 
637 637 57 86 
638 638 7 39 
639 639 40 43 
640 640 13 96 
641 641 61 81 
642 642 87 7 
643 643 78 84 
644 644 99 22 
645 645 97 90 
646 646 64 40 
647 647 50 40 
648 648 94 53 
649 649 8 14 
650 650 92 22 
651 651 41 89 
652 652 9 53 
653 653 13 20 
654 654 44 39 
655 655 39 76 
656 656 18 3 
657 657 67 20 
658 658 45 77 
659 659 89 23 
660 660 91 59 
661 661 93 19 
662 662 61 5 
663 663 63 14 
664 664 23 24 
665 665 36 51 
666 666 83 36 
667 667 8 22 
668 668 92 69 
669 669 15 29 
670 670 32 78 
671 671 36 53 
672 672 75 65 
673 673 69 95 
674 674 94 57 
675 675 5 39 
676 676 94 29 
677 677 78 51 
678 678 47 4 
679 679 40 30 
680 680 55 74 
681 681 37 62 
682 682 52 45 
683 683 13 74 
684 684 80 99 
685 685 59 99 
686 686 57 53 
687 687 28 12 
688 688 59 58 
689 689 54 57 
690 690 80 62 
691 691 65 69 
692 692 49 6 
693 693 70 93 
694 694 38 81 
695 695 33 0 
696 696 23 43 
697 697 73 24 
698 698 80 13 
699 699 46 1 
700 700 13 79 
701 701 86 14 
702 702 87 50 
703 703 52 99 
704 704 10 4 
705 705 2 32 
706 706 90 83 
707 707 30 32 
708 708 92 93 
709 709 11 52 
710 710 26 63 
711 711 43 64 
712 712 64 45 
713 713 0 89 
714 714 68 94 
715 715 87 13 
716 716 55 17 
717 717 70 34 
718 718 72 68 
719 719 81 37 
720 720 38 39 
721 721 25 4 
722 722 1 62 
723 723 64 65 
724 724 20 88 
725 725 72 30 
726 726 41 19 
727 727 30 36 
728 728 51 53 
729 729 71 73 
730 730 87 70 
731 731 0 44 
732 732 10 97 
733 733 76 19 
734 734 42 59 
735 735 8 63 
736 736 41 58 
737 737 29 31 
738 738 38 67 
739 739 32 99 
740 740 99 99 
741 741 26 72 
742 742 52 63 
743 743 39 93 
744 744 57 79 
745 745 85 94 
746 746 48 93 
747 747 12 31 
748 748 84 93 
749 749 40 18 
750 750 0 65 
751 751 68 63 
752 752 9 40 
753 753 26 77 
754 754 25 41 
755 755 31 87 
756 756 89 93 
757 757 75 42 
758 758 95 74 
759 759 25 2 
760 760 81 73 
761 761 30 76 
762 762 51 15 
763 763 27 11 
764 764 75 94 
765 765 96 16 
766 766 84 52 
767 767 79 89 
768 768 10 63 
769 769 64 26 
770 770 59 22 
771 771 39 30 
772 772 46 93 
773 773 38 0 
774 774 22 8 
775 775 80 5 
776 776 73 10 
777 777 88 0 
778 778 84 98 
779 779 31 94 
780 780 15 7 
781 781 83 74 
782 782 54 82 
783 783 85 64 
784 784 37 32 
785 785 71 80 
786 786 38 98 
787 787 64 3 
788 788 40 6 
789 789 75 57 
790 790 4 76 
791 791 94 31 
792 792 38 11 
793 793 77 94 
794 794 36 28 
795 795 3 28 
796 796 10 76 
797 797 41 75 
798 798 67 24 
799 799 53 8 
800 800 80 33 
801 801 26 21 
802 802 23 85 
803 803 53 82 
804 804 36 99 
805 805 23 31 
806 806 95 13 
807 807 20 70 
808 808 0 11 
809 809 73 97 
810 810 41 56 
811 811 52 71 
812 812 65 88 
813 813 84 15 
814 814 25 99 
815 815 45 97 
816 816 6 19 
817 817 86 55 
818 818 55 68 
819 819 11 12 
820 820 4 91 
821 821 97 66 
822 822 81 6 
823 823 67 34 
824 824 3 52 
825 825 78 90 
826 826 72 67 
827 827 25 70 
828 828 87 16 
829 829 65 63 
830 830 9 60 
831 831 2 1 
832 832 77 92 
833 833 43 83 
834 834 56 93 
835 835 18 15 
836 836 46 76 
837 837 30 38 
838 838 61 59 
839 839 96 1 
840 840 46 85 
841 841 17 21 
842 842 8 57 
843 843 8 85 
844 844 59 21 
845 845 98 66 
846 846 69 27 
847 847 32 88 
848 848 85 98 
849 849 27 2 
850 850 15 11 
851 851 34 98 
852 852 82 54 
853 853 71 45 
854 854 11 29 
855 855 47 18 
856 856 9 38 
857 857 14 38 
858 858 22 47 
859 859 79 13 
860 860 67 92 
861 861 66 28 
862 862 95 72 
863 863 19 27 
864 864 4 44 
865 865 23 69 
866 866 7 75 
867 867 49 86 
868 868 34 38 
869 869 54 51 
870 870 87 88 
871 871 40 23 
872 872 90 29 
873 873 13 14 
874 874 58 27 
875 875 3 56 
876 876 55 85 
877 877 85 70 
878 878 31 56 
879 879 34 10 
880 880 30 65 
881 881 98 56 
882 882 33 61 
883 883 44 88 
884 884 8 78 
885 885 91 45 
886 886 93 65 
887 887 60 41 
888 888 58 25 
889 889 35 1 
890 890 4 4 
891 891 54 65 
892 892 86 73 
893 893 35 51 
894 894 45 40 
895 895 73 91 
896 896 20 43 
897 897 8 68 
898 898 37 66 
899 899 79 66 
900 900 68 93 
901 901 47 52 
902 902 80 69 
903 903 0 81 
904 904 16 84 
905 905 91 92 
906 906 79 49 
907 907 3 95 
908 908 69 45 
909 909 77 40 
910 910 96 85 
911 911 36 62 
912 912 7 81 
913 913 38 2 
914 914 18 50 
915 915 40 98 
916 916 67 94 
917 917 78 63 
918 918 37 29 
919 919 18 69 
920 920 2 7 
921 921 83 42 
922 922 68 52 
923 923 1 75 
924 924 39 41 
925 925 40 58 
926 926 50 60 
927 927 35 23 
928 928 84 6 
929 929 33 76 
930 930 11 30 
931 931 60 66 
932 932 48 85 
933 933 67 5 
934 934 65 93 
935 935 2 12 
936 936 90 89 
937 937 50 20 
938 938 82 25 
939 939 45 58 
940 940 53 50 
941 941 74 57 
942 942 89 26 
943 943 58 10 
944 944 23 28 
945 945 97 52 
946 946 69 39 
947 947 45 26 
948 948 97 2 
949 949 16 22 
950 950 41 28 
951 951 37 28 
952 952 88 40 
953 953 11 92 
954 954 84 48 
955 955 41 31 
956 956 48 27 
957 957 31 8 
958 958 10 60 
959 959 92 38 
960 960 90 28 
961 961 67 7 
962 962 86 4 
963 963 66 93 
964 964 13 53 
965 965 16 92 
966 966 36 13 
967 967 11 86 
968 968 71 41 
969 969 54 13 
970 970 10 20 
971 971 54 96 
972 972 48 55 
973 973 13 94 
974 974 33 65 
975 975 39 0 
976 976 34 82 
977 977 21 24 
978 978 63 20 
979 979 87 82 
980 980 74 32 
981 981 90 70 
982 982 85 97 
983 983 78 58 
984 984 66 3 
985 985 31 41 
986 986 42 55 
987 987 7 64 
988 988 25 39 
989 989 46 69 
990 990 52 76 
991 991 16 8 
992 992 66 37 
993 993 75 24 
994 994 17 81 
995 995 61 85 
996 996 98 10 
997 997 53 83 
998 998 7 67 
999 999 11 64 
#
EDGES (from-node to-node length a b):
0 863 34 0 
0 648 90 0 
0 479 81 0 
0 306 80 0 
0 161 15 0 
0 87 45 0 
1 976 59 0 
1 963 73 0 
1 832 76 0 
1 585 63 0 
1 522 45 0 
1 272 27 0 
1 74 52 0 
1 64 25 0 
2 858 70 0 
2 563 71 0 
3 655 62 0 
3 627 63 0 
3 310 74 0 
4 669 78 0 
4 622 52 0 
5 602 55 0 
5 261 62 0 
5 235 58 0 
5 215 93 0 
5 184 36 0 
6 965 77 0 
6 944 80 0 
6 938 48 0 
6 558 52 0 
7 706 78 0 
7 631 66 0 
7 458 28 0 
7 282 24 0 
7 190 65 0 
7 29 64 0 
8 993 13 0 
9 693 56 0 
9 686 25 0 
9 179 36 0 
10 951 61 0 
10 787 36 0 
10 667 89 0 
10 645 73 0 
10 644 5 0 
10 84 61 0 
11 988 62 0 
11 949 76 0 
11 918 76 0 
11 858 53 0 
11 742 60 0 
11 667 75 0 
11 500 34 0 
11 431 80 0 
11 264 115 0 
11 217 13 0 
11 96 81 0 
12 989 56 0 
12 750 56 0 
12 683 60 0 
12 493 29 0 
12 365 73 0 
12 98 73 0 
13 640 59 0 
13 633 46 0 
13 495 48 0 
13 202 48 0 
14 880 33 0 
14 639 9 0 
14 416 12 0 
14 29 55 0 
15 980 27 0 
15 358 12 0 
15 169 55 0 
15 156 57 0 
16 971 64 0 
16 763 27 0 
16 508 46 0 
16 461 47 0 
16 390 22 0 
16 161 33 0 
17 981 60 0 
17 921 48 0 
17 674 60 0 
18 528 58 0 
18 524 97 0 
18 323 9 0 
18 294 66 0 
18 114 105 0 
18 107 60 0 
19 889 84 0 
19 742 21 0 
19 740 53 0 
19 531 33 0 
19 432 67 0 
19 347 25 0 
19 305 76 0 
19 265 41 0 
19 119 70 0 
19 103 17 0 
20 762 64 0 
20 599 43 0 
20 593 62 0 
20 532 63 0 
21 506 76 0 
21 412 65 0 
21 203 15 0 
21 86 55 0 
21 72 61 0 
22 962 40 0 
22 816 46 0 
22 758 65 0 
22 684 79 0 
22 614 21 0 
22 411 55 0 
22 230 17 0 
22 155 41 0 
22 38 34 0 
22 32 26 0 
23 995 56 0 
24 806 116 0 
24 775 113 0 
24 662 103 0 
24 493 70 0 
25 793 104 0 
25 661 90 0 
25 354 54 0 
26 939 39 0 
26 854 79 0 
26 764 23 0 
26 415 47 0 
26 288 43 0 
26 270 97 0 
26 148 47 0 
27 830 66 0 
27 741 68 0 
27 585 80 0 
27 185 73 0 
28 832 81 0 
28 759 24 0 
28 650 49 0 
28 570 29 0 
28 504 30 0 
28 430 30 0 
28 426 54 0 
28 413 48 0 
28 387 54 0 
28 206 50 0 
29 646 44 0 
29 523 90 0 
29 169 80 0 
30 249 89 0 
31 467 65 0 
31 301 19 0 
31 124 89 0 
31 107 79 0 
32 908 17 0 
32 788 45 0 
32 726 39 0 
32 686 31 0 
32 412 65 0 
32 210 55 0 
32 174 72 0 
32 168 65 0 
33 912 80 0 
33 882 52 0 
33 752 46 0 
33 680 65 0 
33 224 69 0 
33 213 45 0 
33 58 24 0 
34 924 50 0 
34 912 102 0 
34 580 33 0 
35 784 48 0 
35 722 84 0 
35 444 47 0 
36 840 31 0 
36 790 41 0 
36 777 74 0 
37 826 50 0 
37 414 83 0 
38 905 86 0 
38 867 53 0 
38 717 48 0 
38 684 83 0 
38 683 35 0 
39 892 32 0 
39 879 56 0 
39 564 26 0 
39 173 23 0 
40 680 9 0 
40 569 48 0 
40 540 22 0 
40 484 46 0 
40 414 33 0 
41 957 59 0 
41 607 31 0 
41 476 44 0 
41 434 22 0 
42 883 51 0 
42 844 84 0 
42 590 66 0 
43 917 63 0 
43 845 66 0 
43 808 88 0 
43 540 84 0 
43 408 77 0 
43 260 67 0 
43 210 64 0 
43 128 81 0 
44 991 46 0 
44 964 25 0 
44 806 67 0 
44 565 47 0 
44 496 43 0 
44 330 28 0 
45 875 59 0 
45 819 82 0 
45 746 16 0 
45 529 14 0 
45 431 73 0 
45 315 30 0 
45 218 77 0 
45 180 8 0 
46 843 70 0 
46 547 56 0 
46 378 52 0 
46 255 38 0 
46 211 27 0 
46 119 15 0 
47 738 50 0 
47 732 89 0 
47 622 45 0 
47 608 49 0 
47 593 38 0 
47 349 29 0 
48 678 23 0 
48 422 21 0 
48 206 53 0 
49 648 73 0 
49 188 13 0 
50 733 48 0 
50 585 66 0 
50 494 94 0 
50 482 57 0 
50 390 49 0 
50 339 56 0 
50 159 91 0 
51 892 71 0 
51 490 47 0 
51 325 56 0 
51 153 74 0 
52 613 49 0 
52 438 46 0 
52 92 36 0 
53 711 27 0 
53 237 45 0 
53 212 55 0 
53 170 45 0 
54 884 84 0 
54 792 10 0 
54 693 96 0 
54 525 71 0 
54 424 58 0 
54 172 94 0 
55 570 64 0 
55 524 75 0 
55 430 68 0 
55 352 72 0 
56 941 34 0 
56 845 59 0 
56 774 37 0 
56 492 34 0 
56 336 44 0 
56 236 46 0 
56 100 60 0 
57 717 25 0 
57 636 41 0 
57 312 40 0 
57 233 82 0 
57 189 9 0 
57 150 45 0 
58 926 30 0 
58 766 50 0 
58 424 58 0 
58 156 46 0 
59 719 40 0 
59 183 47 0 
59 138 65 0 
60 911 25 0 
60 808 52 0 
60 801 44 0 
60 661 93 0 
60 649 48 0 
60 616 57 0 
60 441 55 0 
60 397 83 0 
60 154 40 0 
61 863 35 0 
62 974 22 0 
62 935 76 0 
62 752 53 0 
62 694 23 0 
62 464 25 0 
62 404 52 0 
62 284 8 0 
63 819 20 0 
63 706 100 0 
63 176 38 0 
64 951 23 0 
64 912 73 0 
64 347 63 0 
65 972 46 0 
65 288 81 0 
65 279 76 0 
66 650 34 0 
66 73 60 0 
67 909 16 0 
67 829 37 0 
67 798 30 0 
67 668 30 0 
67 646 29 0 
67 621 67 0 
67 433 10 0 
68 812 25 0 
68 676 87 0 
68 454 49 0 
68 430 89 0 
68 284 40 0 
68 245 69 0 
68 203 84 0 
68 93 3 0 
69 649 79 0 
69 333 58 0 
69 211 108 0 
70 632 85 0 
70 550 91 0 
70 326 31 0 
70 254 70 0 
70 129 77 0 
71 950 34 0 
71 813 73 0 
71 373 54 0 
71 97 30 0 
72 991 22 0 
72 914 20 0 
72 822 66 0 
72 455 30 0 
72 244 21 0 
72 215 68 0 
72 184 8 0 
72 129 11 0 
72 98 64 0 
73 737 24 0 
73 430 21 0 
73 154 14 0 
73 79 94 0 
74 901 59 0 
74 595 88 0 
74 558 47 0 
74 159 102 0 
75 896 40 0 
75 633 75 0 
75 372 94 0 
76 580 31 0 
76 315 38 0 
76 156 29 0 
77 637 7 0 
77 403 38 0 
77 116 80 0 
78 986 21 0 
78 520 22 0 
78 472 74 0 
79 928 54 0 
79 885 15 0 
79 577 21 0 
79 541 35 0 
79 514 47 0 
79 484 32 0 
80 948 72 0 
80 430 14 0 
80 388 66 0 
80 367 58 0 
80 299 86 0 
81 919 80 0 
81 813 27 0 
81 800 37 0 
81 674 65 0 
81 136 43 0 
82 979 80 0 
82 376 12 0 
82 232 15 0 
83 999 75 0 
83 589 58 0 
83 582 15 0 
83 522 64 0 
83 514 55 0 
83 493 75 0 
83 278 19 0 
83 252 49 0 
84 611 33 0 
84 581 29 0 
84 551 37 0 
84 530 90 0 
84 287 63 0 
84 242 76 0 
85 867 30 0 
85 762 63 0 
85 227 33 0 
85 204 55 0 
86 571 61 0 
86 106 69 0 
86 102 91 0 
87 931 14 0 
87 730 40 0 
87 675 52 0 
87 571 64 0 
87 562 29 0 
87 355 33 0 
87 222 47 0 
88 975 41 0 
88 972 50 0 
88 903 55 0 
88 644 92 0 
88 641 77 0 
88 482 45 0 
88 192 102 0 
89 723 30 0 
89 583 50 0 
89 225 35 0 
89 142 33 0 
90 993 70 0 
90 778 101 0 
90 677 74 0 
90 640 62 0 
90 600 24 0 
90 221 75 0 
90 157 50 0 
91 796 77 0 
91 722 68 0 
91 608 71 0 
91 279 69 0 
91 228 84 0 
92 955 58 0 
92 931 49 0 
92 926 55 0 
92 386 56 0 
92 182 79 0 
92 170 86 0 
92 142 27 0 
93 956 72 0 
93 873 88 0 
93 723 41 0 
93 571 93 0 
93 482 40 0 
93 422 53 0 
93 306 37 0 
93 278 89 0 
94 998 54 0 
94 861 22 0 
94 805 21 0 
94 546 36 0 
95 819 42 0 
95 764 72 0 
95 733 27 0 
95 138 24 0 
95 107 18 0 
96 980 76 0 
96 783 98 0 
96 767 108 0 
96 750 49 0 
96 668 106 0 
96 625 63 0 
96 571 71 0 
96 469 41 0 
96 443 31 0 
96 405 63 0 
97 899 27 0 
97 788 62 0 
97 648 44 0 
97 587 77 0 
98 883 6 0 
98 635 17 0 
98 547 22 0 
98 316 48 0 
98 232 70 0 
99 448 81 0 
99 310 67 0 
99 249 53 0 
99 183 71 0 
100 582 79 0 
100 436 54 0 
100 292 74 0 
101 559 58 0 
101 505 95 0 
101 449 98 0 
101 316 89 0 
101 268 93 0 
102 945 95 0 
102 710 48 0 
102 462 55 0 
102 394 73 0 
102 356 9 0 
102 152 33 0 
103 775 71 0 
103 362 59 0 
104 802 66 0 
104 753 59 0 
104 343 5 0 
104 259 46 0 
104 252 96 0 
105 216 72 0 
106 912 17 0 
106 844 63 0 
106 822 89 0 
106 451 8 0 
106 403 14 0 
106 176 11 0 
107 728 40 0 
107 698 43 0 
107 613 57 0 
107 401 69 0 
108 851 93 0 
108 834 75 0 
108 755 87 0 
108 662 47 0 
108 331 59 0 
108 214 86 0 
109 966 53 0 
109 877 60 0 
109 830 94 0 
109 602 10 0 
109 575 63 0 
109 561 99 0 
109 540 79 0 
110 816 78 0 
110 687 76 0 
110 485 59 0 
110 269 20 0 
110 144 16 0 
111 949 90 0 
111 815 46 0 
111 801 83 0 
111 554 70 0 
111 463 53 0 
111 360 61 0 
112 733 11 0 
112 697 6 0 
112 345 62 0 
113 407 81 0 
114 682 51 0 
114 293 10 0 
114 170 47 0 
115 730 99 0 
115 726 35 0 
115 480 58 0 
115 327 22 0 
116 901 47 0 
116 563 10 0 
116 519 38 0 
116 503 26 0 
116 349 55 0 
117 850 77 0 
117 821 31 0 
117 800 39 0 
117 287 55 0 
117 269 15 0 
117 243 53 0 
118 845 84 0 
118 641 52 0 
118 569 33 0 
118 404 44 0 
119 978 21 0 
119 870 86 0 
119 675 45 0 
119 639 29 0 
119 580 43 0 
119 575 63 0 
119 416 32 0 
119 287 86 0 
119 173 52 0 
119 128 59 0 
120 792 89 0 
120 735 60 0 
120 260 78 0 
121 830 85 0 
121 661 45 0 
121 617 20 0 
121 143 24 0 
122 965 83 0 
122 843 80 0 
122 831 49 0 
122 770 12 0 
122 721 27 0 
123 976 51 0 
123 399 73 0 
123 276 88 0 
124 570 17 0 
124 536 14 0 
125 592 72 0 
125 563 68 0 
125 446 78 0 
126 959 50 0 
126 794 23 0 
126 256 40 0 
127 810 50 0 
127 626 63 0 
127 618 59 0 
127 242 106 0 
127 189 117 0 
128 871 51 0 
128 814 35 0 
128 518 51 0 
128 470 73 0 
129 975 39 0 
129 856 18 0 
129 539 32 0 
129 476 35 0 
129 366 60 0 
129 166 87 0 
130 924 39 0 
130 786 29 0 
130 640 22 0 
130 606 22 0 
130 589 59 0 
130 560 13 0 
130 191 24 0 
131 622 38 0 
131 156 43 0 
132 877 30 0 
132 705 78 0 
132 322 80 0 
133 865 22 0 
133 735 17 0 
133 593 39 0 
133 364 70 0 
133 211 96 0 
134 650 61 0 
134 175 15 0 
135 978 48 0 
135 850 1 0 
135 574 71 0 
135 187 70 0 
135 162 45 0 
136 919 38 0 
136 906 39 0 
136 771 9 0 
136 770 25 0 
136 524 35 0 
136 421 46 0 
136 409 47 0 
136 345 27 0 
136 154 33 0 
137 670 63 0 
137 659 75 0 
138 450 60 0 
139 865 83 0 
139 740 94 0 
139 544 93 0 
139 514 76 0 
139 319 52 0 
139 218 46 0 
140 911 11 0 
140 731 35 0 
140 688 34 0 
140 568 58 0 
140 344 73 0 
140 319 60 0 
140 179 50 0 
141 964 27 0 
141 909 41 0 
141 904 49 0 
141 796 45 0 
141 747 25 0 
141 336 31 0 
141 312 30 0 
141 257 16 0 
142 996 35 0 
142 649 67 0 
142 558 20 0 
142 394 12 0 
142 270 58 0 
143 285 83 0 
144 802 38 0 
144 757 50 0 
145 317 45 0 
146 784 15 0 
146 645 70 0 
146 580 41 0 
146 534 51 0 
146 498 50 0 
147 660 88 0 
147 423 118 0 
147 326 60 0 
147 306 66 0 
148 758 74 0 
148 524 12 0 
148 479 62 0 
149 793 68 0 
149 655 75 0 
149 276 2 0 
150 782 31 0 
150 676 36 0 
150 622 47 0 
150 589 26 0 
150 572 29 0 
150 208 38 0 
150 162 40 0 
151 682 47 0 
151 641 22 0 
151 590 46 0 
151 344 49 0 
151 268 105 0 
152 865 19 0 
152 862 82 0 
152 744 50 0 
152 310 44 0 
152 154 29 0 
153 835 47 0 
153 776 22 0 
153 743 67 0 
153 709 56 0 
153 592 13 0 
153 307 57 0 
154 722 42 0 
154 250 13 0 
155 910 97 0 
155 614 22 0 
155 599 86 0 
155 404 27 0 
155 297 41 0 
155 261 23 0 
156 679 48 0 
156 501 28 0 
156 391 49 0 
156 214 75 0 
156 183 53 0 
157 860 52 0 
157 459 52 0 
158 677 77 0 
159 717 72 0 
159 716 69 0 
159 321 18 0 
160 483 24 0 
160 283 16 0 
161 222 21 0 
162 915 48 0 
162 721 48 0 
162 676 59 0 
162 281 37 0 
163 976 50 0 
163 822 87 0 
163 565 83 0 
163 196 71 0 
164 681 14 0 
164 676 53 0 
165 973 62 0 
165 757 27 0 
165 515 27 0 
165 289 26 0 
166 829 41 0 
166 471 56 0 
167 976 69 0 
167 579 86 0 
168 855 32 0 
168 769 51 0 
168 203 73 0 
169 844 63 0 
169 747 17 0 
169 680 63 0 
169 546 77 0 
169 179 61 0 
170 939 37 0 
170 327 14 0 
171 668 64 0 
171 496 22 0 
171 462 26 0 
172 824 98 0 
172 804 66 0 
172 720 70 0 
172 613 78 0 
172 573 106 0 
172 477 86 0 
172 333 42 0 
172 331 41 0 
173 843 65 0 
173 301 44 0 
174 978 76 0 
174 897 48 0 
174 658 18 0 
174 466 54 0 
174 252 45 0 
175 916 25 0 
175 561 99 0 
176 995 42 0 
176 834 43 0 
176 624 70 0 
176 305 46 0 
177 844 56 0 
177 681 45 0 
177 559 45 0 
177 291 44 0 
177 285 13 0 
177 190 84 0 
178 747 45 0 
178 713 25 0 
178 658 24 0 
178 652 25 0 
178 596 66 0 
178 187 73 0 
179 916 64 0 
179 786 71 0 
179 300 57 0 
179 201 12 0 
180 996 80 0 
180 741 25 0 
180 632 52 0 
180 383 36 0 
180 326 15 0 
181 952 61 0 
181 796 29 0 
181 695 77 0 
181 630 50 0 
181 557 73 0 
181 355 39 0 
181 325 31 0 
182 860 28 0 
182 824 51 0 
182 780 84 0 
182 702 61 0 
182 488 60 0 
183 668 68 0 
183 662 29 0 
183 426 49 0 
183 397 80 0 
183 290 6 0 
184 899 76 0 
184 662 56 0 
184 354 43 0 
184 342 60 0 
184 247 89 0 
185 947 65 0 
185 940 47 0 
185 853 32 0 
185 507 27 0 
185 395 66 0 
185 229 45 0 
186 457 47 0 
187 857 68 0 
187 855 39 0 
187 742 41 0 
187 670 66 0 
187 384 36 0 
189 510 52 0 
189 397 79 0 
189 363 60 0 
189 264 15 0 
189 259 34 0 
190 978 66 0 
190 959 54 0 
190 843 60 0 
190 527 29 0 
190 429 75 0 
191 832 77 0 
191 398 68 0 
191 275 9 0 
192 992 53 0 
192 589 13 0 
193 934 42 0 
193 812 38 0 
193 564 9 0 
193 513 30 0 
193 479 32 0 
193 416 16 0 
193 290 29 0 
194 964 16 0 
194 243 30 0 
194 240 37 0 
195 813 79 0 
195 758 66 0 
195 702 62 0 
196 741 64 0 
196 686 30 0 
196 593 49 0 
196 480 35 0 
196 213 46 0 
197 949 56 0 
197 868 33 0 
197 401 27 0 
197 355 31 0 
198 927 68 0 
198 746 106 0 
198 630 48 0 
198 345 94 0 
198 219 45 0 
199 547 16 0 
199 203 76 0 
200 584 44 0 
200 562 9 0 
200 412 80 0 
200 336 80 0 
201 914 48 0 
201 889 27 0 
201 656 40 0 
201 370 9 0 
201 366 80 0 
201 319 31 0 
201 260 31 0 
201 222 60 0 
202 868 14 0 
202 711 25 0 
202 511 67 0 
202 502 42 0 
202 360 39 0 
203 795 84 0 
203 697 15 0 
203 675 83 0 
203 612 30 0 
203 608 20 0 
203 574 17 0 
203 366 86 0 
204 812 58 0 
204 786 71 0 
204 631 37 0 
204 446 21 0 
205 991 53 0 
205 966 33 0 
205 872 26 0 
205 578 47 0 
205 542 26 0 
205 297 78 0 
206 781 43 0 
206 661 13 0 
206 598 34 0 
206 462 39 0 
206 379 47 0 
206 372 54 0 
206 333 63 0 
207 960 77 0 
207 914 10 0 
207 813 75 0 
207 479 73 0 
207 361 10 0 
207 302 27 0 
208 958 68 0 
208 908 21 0 
208 771 30 0 
208 750 79 0 
208 580 17 0 
208 579 85 0 
208 394 13 0 
209 653 83 0 
210 659 64 0 
211 996 32 0 
211 595 77 0 
211 390 42 0 
211 237 50 0 
212 471 63 0 
213 834 44 0 
213 816 45 0 
214 960 76 0 
214 820 79 0 
214 563 52 0 
214 476 61 0 
215 959 72 0 
215 362 78 0 
216 901 40 0 
216 791 91 0 
216 630 66 0 
216 555 69 0 
216 452 75 0 
216 324 108 0 
217 944 59 0 
217 879 79 0 
217 748 75 0 
217 549 70 0 
217 403 24 0 
217 302 17 0 
218 997 79 0 
218 925 52 0 
218 696 37 0 
218 568 21 0 
218 329 22 0 
219 946 13 0 
219 827 57 0 
219 524 60 0 
219 329 23 0 
220 742 49 0 
220 721 19 0 
220 442 42 0 
221 875 71 0 
221 789 11 0 
221 740 40 0 
221 614 60 0 
221 334 29 0 
222 781 83 0 
222 701 90 0 
222 259 60 0 
223 947 36 0 
223 911 15 0 
223 728 8 0 
223 709 41 0 
223 665 18 0 
223 555 39 0 
223 334 20 0 
224 952 56 0 
224 862 48 0 
224 835 71 0 
224 621 18 0 
224 535 78 0 
224 512 18 0 
224 466 46 0 
224 355 42 0 
224 288 41 0 
225 605 72 0 
226 954 71 0 
226 864 10 0 
226 851 54 0 
226 804 56 0 
226 724 41 0 
226 661 85 0 
226 610 71 0 
226 424 86 0 
226 377 29 0 
227 860 66 0 
227 721 94 0 
228 826 42 0 
228 637 22 0 
228 562 48 0 
228 370 66 0 
229 689 26 0 
229 648 36 0 
229 469 38 0 
229 330 26 0 
230 876 56 0 
230 568 60 0 
230 456 3 0 
230 319 48 0 
231 760 93 0 
232 695 40 0 
232 532 47 0 
232 463 42 0 
232 403 43 0 
232 271 85 0 
233 293 62 0 
234 728 47 0 
234 722 37 0 
234 508 61 0 
234 457 78 0 
234 438 79 0 
234 261 32 0 
235 597 78 0 
236 500 78 0 
236 387 73 0 
237 731 62 0 
237 593 35 0 
237 534 32 0 
238 949 101 0 
238 559 64 0 
238 527 8 0 
238 360 65 0 
238 265 3 0 
239 666 47 0 
239 501 17 0 
239 500 46 0 
239 481 20 0 
239 424 61 0 
240 884 49 0 
240 823 31 0 
240 820 58 0 
240 734 14 0 
240 452 62 0 
241 972 56 0 
241 878 66 0 
241 552 18 0 
242 922 52 0 
242 894 41 0 
242 776 17 0 
242 765 40 0 
242 746 93 0 
242 694 83 0 
242 685 98 0 
242 583 87 0 
242 267 24 0 
243 963 70 0 
243 850 28 0 
243 711 33 0 
244 883 48 0 
244 719 44 0 
244 702 51 0 
244 490 18 0 
245 268 69 0 
245 249 22 0 
246 948 30 0 
246 632 64 0 
246 489 38 0 
246 361 62 0 
246 294 64 0 
247 639 69 0 
248 944 53 0 
248 882 19 0 
248 813 74 0 
248 801 59 0 
248 741 18 0 
248 639 34 0 
248 588 76 0 
248 492 23 0 
248 434 27 0 
248 275 39 0 
249 915 76 0 
249 825 51 0 
249 531 72 0 
250 971 79 0 
250 824 19 0 
250 748 98 0 
250 449 7 0 
250 436 12 0 
251 550 70 0 
251 513 50 0 
251 378 28 0 
253 745 105 0 
253 605 82 0 
253 361 8 0 
254 450 24 0 
254 358 67 0 
255 991 61 0 
255 796 99 0 
255 509 25 0 
255 290 37 0 
256 954 53 0 
256 648 64 0 
257 747 27 0 
258 986 16 0 
258 851 28 0 
258 684 49 0 
258 472 66 0 
259 530 46 0 
259 418 73 0 
259 283 42 0 
260 869 38 0 
261 961 78 0 
261 757 68 0 
261 416 33 0 
261 405 72 0 
262 951 15 0 
262 943 34 0 
262 847 49 0 
262 794 16 0 
262 774 40 0 
262 617 36 0 
262 317 46 0 
263 880 35 0 
263 684 80 0 
263 628 124 0 
263 447 72 0 
263 417 77 0 
263 399 106 0 
264 990 66 0 
264 854 80 0 
264 556 86 0 
264 392 94 0 
265 770 80 0 
265 646 61 0 
265 534 41 0 
266 986 17 0 
266 749 47 0 
266 745 43 0 
266 517 41 0 
266 286 68 0 
267 828 38 0 
267 803 59 0 
267 714 73 0 
267 575 51 0 
267 488 30 0 
267 349 30 0 
267 321 43 0 
268 621 98 0 
268 331 82 0 
269 383 51 0 
270 925 57 0 
270 871 26 0 
270 639 43 0 
271 883 29 0 
271 851 41 0 
271 672 20 0 
271 518 41 0 
271 304 61 0 
273 968 30 0 
273 910 50 0 
273 761 25 0 
273 734 10 0 
274 954 96 0 
274 545 37 0 
274 305 71 0 
275 939 52 0 
275 826 70 0 
275 785 65 0 
275 658 41 0 
275 519 68 0 
276 778 69 0 
277 916 58 0 
277 609 35 0 
278 966 31 0 
278 877 60 0 
278 774 45 0 
278 437 35 0 
278 346 33 0 
278 334 31 0 
278 308 52 0 
279 586 33 0 
279 416 42 0 
279 308 76 0 
280 997 53 0 
280 948 102 0 
281 900 61 0 
281 851 76 0 
281 821 43 0 
281 737 42 0 
282 889 56 0 
282 746 40 0 
282 668 62 0 
282 627 47 0 
282 471 48 0 
283 368 35 0 
284 913 59 0 
284 611 8 0 
284 497 37 0 
284 469 25 0 
285 977 15 0 
285 870 87 0 
285 819 26 0 
285 617 65 0 
285 603 83 0 
285 502 34 0 
285 428 17 0 
286 878 51 0 
286 634 120 0 
287 994 15 0 
287 893 48 0 
287 888 81 0 
288 937 67 0 
288 608 27 0 
288 523 101 0 
288 442 42 0 
288 347 33 0 
289 308 52 0 
290 964 44 0 
290 952 45 0 
290 889 25 0 
290 765 51 0 
290 682 22 0 
290 465 68 0 
290 383 17 0 
291 907 60 0 
291 645 66 0 
291 572 20 0 
291 563 41 0 
291 399 51 0 
291 326 26 0 
292 906 78 0 
292 897 67 0 
292 750 65 0 
292 644 84 0 
293 843 11 0 
293 703 37 0 
293 543 76 0 
293 518 91 0 
293 496 91 0 
293 392 25 0 
293 382 83 0 
294 669 73 0 
294 572 38 0 
294 327 69 0 
295 979 61 0 
295 947 21 0 
295 641 56 0 
295 600 38 0 
295 414 72 0 
295 399 17 0 
295 340 49 0 
295 320 27 0 
296 966 35 0 
296 915 79 0 
296 771 35 0 
297 857 39 0 
297 839 106 0 
297 673 52 0 
297 551 28 0 
298 684 89 0 
298 417 36 0 
299 740 35 0 
299 553 11 0 
300 803 84 0 
300 586 54 0 
300 565 89 0 
300 367 61 0 
301 787 97 0 
301 705 112 0 
301 634 67 0 
301 551 50 0 
301 453 106 0 
301 404 97 0 
302 945 89 0 
302 573 67 0 
302 473 94 0 
302 448 33 0 
302 446 83 0 
303 862 9 0 
303 506 105 0 
303 438 51 0 
303 385 56 0 
303 327 79 0 
304 894 52 0 
304 351 53 0 
305 972 56 0 
305 925 52 0 
305 537 88 0 
305 528 40 0 
305 424 93 0 
305 330 72 0 
306 817 39 0 
306 648 44 0 
306 372 17 0 
307 764 98 0 
308 913 26 0 
308 574 70 0 
308 568 6 0 
309 953 51 0 
310 964 41 0 
310 761 32 0 
310 667 71 0 
310 624 95 0 
310 421 20 0 
311 806 75 0 
311 742 52 0 
311 449 114 0 
311 374 70 0 
311 371 50 0 
312 942 43 0 
312 932 73 0 
312 805 31 0 
312 650 45 0 
312 509 6 0 
312 456 25 0 
312 344 47 0 
313 891 40 0 
313 506 38 0 
313 459 74 0 
313 362 57 0 
314 838 58 0 
314 739 23 0 
315 697 40 0 
315 651 37 0 
315 621 44 0 
315 520 45 0 
316 959 76 0 
316 430 36 0 
316 418 55 0 
316 323 81 0 
317 854 12 0 
317 596 95 0 
317 400 84 0 
317 325 68 0 
317 318 27 0 
318 938 56 0 
318 681 38 0 
318 402 50 0 
318 389 46 0 
319 948 71 0 
319 815 92 0 
319 650 68 0 
319 568 16 0 
319 559 42 0 
319 391 116 0 
320 847 77 0 
320 572 31 0 
320 470 55 0 
321 889 53 0 
321 459 69 0 
321 324 92 0 
322 823 72 0 
322 724 23 0 
322 717 75 0 
322 447 61 0 
322 335 69 0 
323 851 102 0 
324 877 65 0 
324 863 81 0 
324 439 110 0 
324 409 112 0 
325 974 32 0 
325 959 34 0 
325 699 60 0 
325 369 44 0 
326 617 24 0 
327 983 64 0 
327 739 72 0 
327 696 15 0 
327 644 78 0 
327 461 59 0 
328 930 15 0 
328 879 45 0 
328 539 25 0 
328 431 29 0 
329 985 16 0 
329 947 5 0 
329 859 42 0 
329 669 25 0 
329 604 58 0 
329 456 26 0 
329 369 82 0 
329 355 10 0 
329 348 33 0 
330 891 12 0 
330 837 40 0 
330 766 21 0 
330 712 14 0 
330 607 60 0 
331 642 73 0 
331 525 22 0 
331 476 13 0 
331 357 54 0 
332 776 16 0 
332 385 11 0 
332 376 58 0 
334 892 40 0 
334 634 42 0 
334 575 30 0 
335 895 107 0 
335 710 62 0 
335 705 32 0 
335 703 105 0 
336 997 63 0 
336 925 38 0 
336 801 30 0 
336 563 67 0 
336 358 43 0 
337 771 63 0 
337 727 55 0 
337 577 57 0 
338 905 60 0 
338 821 38 0 
338 565 22 0 
338 513 58 0 
338 406 20 0 
339 875 37 0 
340 950 39 0 
340 671 15 0 
340 496 55 0 
340 414 25 0 
341 906 9 0 
341 839 44 0 
341 389 77 0 
342 972 32 0 
342 776 23 0 
343 804 83 0 
343 643 95 0 
344 946 22 0 
344 418 73 0 
345 869 42 0 
345 562 63 0 
346 871 13 0 
346 842 53 0 
346 785 78 0 
346 743 82 0 
346 500 62 0 
347 602 65 0 
347 368 55 0 
348 705 12 0 
348 559 38 0 
348 391 105 0 
349 705 28 0 
349 647 40 0 
349 598 50 0 
350 756 38 0 
350 704 81 0 
350 512 40 0 
350 381 39 0 
351 855 81 0 
351 582 68 0 
352 943 67 0 
352 924 31 0 
353 826 84 0 
353 765 93 0 
353 638 20 0 
354 558 50 0 
355 653 32 0 
355 534 57 0 
356 934 85 0 
356 359 17 0 
357 378 27 0 
358 823 20 0 
358 575 46 0 
358 511 75 0 
359 929 46 0 
359 789 71 0 
359 740 111 0 
359 734 41 0 
359 578 83 0 
360 769 59 0 
360 611 32 0 
360 573 69 0 
360 374 47 0 
361 809 91 0 
361 708 102 0 
361 615 69 0 
362 920 89 0 
363 958 50 0 
363 756 101 0 
363 682 40 0 
363 434 69 0 
364 975 41 0 
364 595 48 0 
364 383 17 0 
365 809 46 0 
365 744 41 0 
365 711 48 0 
366 982 50 0 
366 649 86 0 
366 509 86 0 
366 443 88 0 
367 911 2 0 
367 904 29 0 
367 408 61 0 
368 993 49 0 
368 877 79 0 
368 724 72 0 
368 579 83 0 
368 558 32 0 
368 378 77 0 
369 773 105 0 
369 609 89 0 
369 429 89 0 
370 672 42 0 
371 887 11 0 
371 835 60 0 
371 782 37 0 
371 651 49 0 
371 450 49 0 
371 376 38 0 
372 917 27 0 
372 733 69 0 
372 617 38 0 
372 404 89 0 
372 384 21 0 
373 930 78 0 
373 873 87 0 
373 468 40 0 
374 777 47 0 
374 743 62 0 
374 628 50 0 
375 936 52 0 
375 748 54 0 
375 734 37 0 
375 509 34 0 
375 506 79 0 
375 393 58 0 
376 995 56 0 
376 953 59 0 
376 794 10 0 
377 809 104 0 
377 683 53 0 
378 891 50 0 
378 883 71 0 
378 604 72 0 
380 899 39 0 
380 848 59 0 
380 508 24 0 
381 842 43 0 
381 603 57 0 
381 406 31 0 
382 967 78 0 
382 653 28 0 
382 628 54 0 
382 611 41 0 
382 546 47 0 
383 939 18 0 
383 870 66 0 
384 906 22 0 
384 843 71 0 
384 766 20 0 
384 743 45 0 
384 562 13 0 
385 926 62 0 
386 965 74 0 
387 864 14 0 
387 847 40 0 
387 491 25 0 
387 402 56 0 
388 969 48 0 
389 998 3 0 
389 927 53 0 
389 892 82 0 
390 991 50 0 
390 971 51 0 
390 777 60 0 
390 679 17 0 
390 629 50 0 
390 609 41 0 
390 587 58 0 
390 561 50 0 
390 481 35 0 
391 976 67 0 
391 844 86 0 
391 700 88 0 
391 543 20 0 
393 728 32 0 
394 886 42 0 
394 463 38 0 
394 462 34 0 
395 985 23 0 
395 657 22 0 
395 622 50 0 
395 447 28 0 
396 904 109 0 
396 758 66 0 
396 719 32 0 
396 702 43 0 
396 699 49 0 
397 974 61 0 
397 565 33 0 
397 404 89 0 
398 583 66 0 
399 968 27 0 
399 592 10 0 
399 530 69 0 
400 960 78 0 
400 615 67 0 
400 600 78 0 
400 446 79 0 
401 801 62 0 
401 797 16 0 
402 952 33 0 
402 858 42 0 
402 803 23 0 
402 772 36 0 
402 441 66 0 
403 998 20 0 
403 962 88 0 
403 671 18 0 
403 616 46 0 
404 976 63 0 
404 688 47 0 
404 483 40 0 
405 991 47 0 
405 693 81 0 
405 422 45 0 
406 853 8 0 
406 722 67 0 
407 814 77 0 
407 690 27 0 
407 547 59 0 
408 744 40 0 
408 673 33 0 
408 637 41 0 
409 537 89 0 
409 479 83 0 
410 865 39 0 
410 602 83 0 
411 716 64 0 
411 708 68 0 
411 693 47 0 
411 663 70 0 
412 646 54 0 
412 479 81 0 
413 978 53 0 
413 904 27 0 
413 756 61 0 
414 747 50 0 
414 727 45 0 
415 782 43 0 
415 665 69 0 
415 582 70 0 
416 882 16 0 
416 864 35 0 
416 785 47 0 
416 712 25 0 
416 594 13 0 
417 741 49 0 
417 725 17 0 
417 542 35 0 
418 987 54 0 
418 467 79 0 
418 440 84 0 
419 659 45 0 
419 584 35 0 
419 461 21 0 
420 831 93 0 
421 898 27 0 
421 680 43 0 
421 643 67 0 
421 527 86 0 
422 524 24 0 
423 865 91 0 
423 563 26 0 
424 860 76 0 
424 856 88 0 
424 812 73 0 
424 571 26 0 
425 817 56 0 
425 545 6 0 
426 689 14 0 
426 455 48 0 
427 847 85 0 
427 553 87 0 
428 839 87 0 
428 639 17 0 
428 490 13 0 
429 932 70 0 
429 618 36 0 
430 725 61 0 
430 695 25 0 
430 437 74 0 
431 806 77 0 
431 554 74 0 
432 951 26 0 
432 778 83 0 
432 720 31 0 
432 517 44 0 
432 466 54 0 
433 855 54 0 
434 889 82 0 
434 808 72 0 
434 719 78 0 
435 951 32 0 
435 868 38 0 
435 831 14 0 
435 693 104 0 
435 623 32 0 
436 711 57 0 
437 792 55 0 
437 522 61 0 
438 973 39 0 
438 797 23 0 
438 739 20 0 
438 613 41 0 
438 539 50 0 
439 918 48 0 
439 873 51 0 
439 581 66 0 
440 927 46 0 
440 695 49 0 
441 967 79 0 
441 903 77 0 
441 520 69 0 
441 507 84 0 
442 984 34 0 
442 677 16 0 
442 648 25 0 
442 641 49 0 
442 622 25 0 
442 591 60 0 
443 737 23 0 
443 550 9 0 
443 517 33 0 
445 868 43 0 
445 864 74 0 
445 501 41 0 
446 911 58 0 
446 751 42 0 
446 745 72 0 
446 573 59 0 
446 522 69 0 
447 910 52 0 
447 757 15 0 
447 638 54 0 
448 591 12 0 
448 534 87 0 
449 912 51 0 
449 472 81 0 
450 672 53 0 
450 488 59 0 
451 772 35 0 
451 736 26 0 
451 623 38 0 
452 938 53 0 
452 719 58 0 
452 573 11 0 
452 561 59 0 
452 459 98 0 
453 618 46 0 
453 538 78 0 
454 721 57 0 
454 672 24 0 
454 635 41 0 
455 891 38 0 
455 841 39 0 
455 504 48 0 
456 928 29 0 
456 862 52 0 
457 957 78 0 
457 907 77 0 
457 849 85 0 
458 582 16 0 
458 480 38 0 
459 936 25 0 
459 754 69 0 
460 883 92 0 
460 667 86 0 
460 572 44 0 
460 508 93 0 
461 967 47 0 
461 551 21 0 
462 705 55 0 
462 588 44 0 
462 505 42 0 
463 890 58 0 
463 560 55 0 
463 551 49 0 
465 983 22 0 
465 795 103 0 
465 593 74 0 
465 504 45 0 
466 893 57 0 
466 869 39 0 
466 814 75 0 
466 727 67 0 
466 671 56 0 
466 618 44 0 
468 903 35 0 
468 760 46 0 
468 729 36 0 
468 558 45 0 
469 923 40 0 
469 723 41 0 
469 696 6 0 
469 551 49 0 
469 543 70 0 
470 734 69 0 
470 691 60 0 
472 758 57 0 
473 963 69 0 
473 579 96 0 
474 947 32 0 
475 692 71 0 
476 695 65 0 
478 590 31 0 
479 973 80 0 
479 846 37 0 
479 833 48 0 
479 780 88 0 
480 651 38 0 
480 489 9 0 
481 883 73 0 
481 588 51 0 
481 513 56 0 
482 974 9 0 
483 932 65 0 
483 713 48 0 
483 707 31 0 
483 495 36 0 
484 857 92 0 
484 562 35 0 
485 531 48 0 
486 866 63 0 
486 770 45 0 
486 725 36 0 
486 690 12 0 
486 645 37 0 
486 608 27 0 
487 768 92 0 
487 581 88 0 
488 987 72 0 
488 961 34 0 
489 583 46 0 
490 843 46 0 
490 686 40 0 
490 603 81 0 
491 981 60 0 
492 894 32 0 
492 866 57 0 
492 650 53 0 
493 817 88 0 
493 751 74 0 
493 587 25 0 
495 925 19 0 
495 738 14 0 
495 629 83 0 
496 944 49 0 
497 888 72 0 
497 869 47 0 
497 637 27 0 
499 801 37 0 
500 811 53 0 
500 677 79 0 
500 552 109 0 
501 853 29 0 
501 681 13 0 
502 841 17 0 
502 749 21 0 
504 808 68 0 
504 778 61 0 
504 741 46 0 
504 526 52 0 
505 762 57 0 
508 997 18 0 
508 736 26 0 
508 715 87 0 
509 998 72 0 
509 933 15 0 
509 760 67 0 
509 627 31 0 
509 590 28 0 
511 519 70 0 
512 648 69 0 
513 807 13 0 
513 611 28 0 
513 520 27 0 
514 876 6 0 
514 851 28 0 
514 727 49 0 
514 722 56 0 
514 669 63 0 
514 662 74 0 
515 978 40 0 
515 570 40 0 
515 566 37 0 
516 992 65 0 
516 592 78 0 
517 975 43 0 
517 937 34 0 
517 697 52 0 
518 914 77 0 
518 821 16 0 
518 650 28 0 
518 523 97 0 
519 599 53 0 
520 983 74 0 
520 862 89 0 
521 847 67 0 
521 551 77 0 
522 975 66 0 
522 964 15 0 
522 917 55 0 
522 715 82 0 
523 876 81 0 
523 812 90 0 
523 740 123 0 
524 984 77 0 
524 924 32 0 
524 869 43 0 
525 917 2 0 
526 629 87 0 
527 936 9 0 
529 946 52 0 
530 671 47 0 
531 871 46 0 
532 971 37 0 
532 926 31 0 
533 838 22 0 
533 755 63 0 
533 655 50 0 
534 974 61 0 
534 970 90 0 
534 935 101 0 
534 679 59 0 
534 616 32 0 
534 567 69 0 
534 539 81 0 
535 953 87 0 
535 876 86 0 
536 674 72 0 
536 657 38 0 
536 560 61 0 
537 885 4 0 
538 908 16 0 
538 859 43 0 
538 855 51 0 
539 983 66 0 
539 889 68 0 
539 761 21 0 
540 553 38 0 
540 547 18 0 
541 767 12 0 
541 649 114 0 
542 911 42 0 
542 889 22 0 
543 842 85 0 
544 658 45 0 
544 610 76 0 
544 585 38 0 
544 549 70 0 
546 843 81 0 
546 695 62 0 
546 577 26 0 
547 708 64 0 
548 877 32 0 
548 673 34 0 
548 591 52 0 
549 993 33 0 
549 778 42 0 
549 735 65 0 
549 720 39 0 
549 668 22 0 
550 653 18 0 
551 735 46 0 
551 723 34 0 
552 563 28 0 
553 930 73 0 
554 898 32 0 
554 709 41 0 
555 792 84 0 
555 749 77 0 
556 660 75 0 
557 872 84 0 
557 794 33 0 
557 733 68 0 
557 631 90 0 
557 589 103 0 
558 664 31 0 
558 570 37 0 
561 856 18 0 
561 810 41 0 
562 959 28 0 
562 926 24 0 
563 996 32 0 
563 717 17 0 
564 970 51 0 
564 628 56 0 
564 580 29 0 
565 584 37 0 
567 790 34 0 
568 706 107 0 
569 606 42 0 
570 900 83 0 
571 874 21 0 
571 648 48 0 
572 870 57 0 
572 827 47 0 
572 806 44 0 
572 764 58 0 
572 758 51 0 
575 991 83 0 
575 755 43 0 
576 857 31 0 
576 845 92 0 
577 960 43 0 
577 797 37 0 
577 761 49 0 
577 667 84 0 
580 926 42 0 
580 618 38 0 
581 811 28 0 
581 599 81 0 
582 971 74 0 
582 946 17 0 
582 855 17 0 
583 976 35 0 
583 672 23 0 
584 987 75 0 
584 915 82 0 
585 901 37 0 
585 621 25 0 
585 618 38 0 
586 951 20 0 
586 874 4 0 
587 964 48 0 
587 673 109 0 
587 650 87 0 
588 679 44 0 
589 763 92 0 
589 677 36 0 
589 669 86 0 
590 744 42 0 
590 650 32 0 
591 724 61 0 
591 707 13 0 
593 912 39 0 
594 990 35 0 
594 819 43 0 
595 858 26 0 
595 767 54 0 
595 731 40 0 
595 667 54 0 
596 657 55 0 
596 655 48 0 
597 811 50 0 
598 857 47 0 
598 664 43 0 
600 720 17 0 
600 627 47 0 
601 844 18 0 
601 688 23 0 
602 687 58 0 
604 811 19 0 
604 614 62 0 
605 711 29 0 
605 674 35 0 
606 935 54 0 
606 772 39 0 
608 945 9 0 
608 902 23 0 
608 691 32 0 
609 837 44 0 
609 714 88 0 
609 698 21 0 
610 899 11 0 
610 631 48 0 
611 917 27 0 
611 808 68 0 
611 675 50 0 
611 652 44 0 
612 738 33 0 
612 675 58 0 
613 997 36 0 
615 765 25 0 
615 718 34 0 
616 878 36 0 
616 742 24 0 
617 781 24 0 
618 775 55 0 
618 751 22 0 
618 696 27 0 
619 977 31 0 
619 889 57 0 
620 862 40 0 
620 692 86 0 
621 855 78 0 
621 847 25 0 
621 653 86 0 
622 931 59 0 
622 928 16 0 
622 872 12 0 
622 743 94 0 
623 929 43 0 
623 662 45 0 
624 841 92 0 
624 725 45 0 
624 663 64 0 
625 915 65 0 
625 903 75 0 
626 987 35 0 
627 981 37 0 
627 839 43 0 
627 804 72 0 
627 755 65 0 
627 684 62 0 
628 928 10 0 
628 746 102 0 
629 892 50 0 
632 845 90 0 
634 770 39 0 
634 739 97 0 
635 703 16 0 
636 749 8 0 
637 782 5 0 
637 663 72 0 
638 691 65 0 
639 883 45 0 
640 925 47 0 
640 813 108 0 
640 716 89 0 
641 692 76 0 
641 654 45 0 
642 953 114 0 
642 888 34 0 
642 841 71 0 
642 742 66 0 
643 817 30 0 
643 749 76 0 
644 892 53 0 
644 841 82 0 
645 983 37 0 
645 977 101 0 
645 873 113 0 
645 833 54 0 
646 666 19 0 
647 884 57 0 
647 779 57 0 
648 802 78 0 
648 653 87 0 
649 847 78 0 
650 982 75 0 
650 666 17 0 
651 883 3 0 
652 906 70 0 
652 845 90 0 
652 769 61 0 
653 841 4 0 
653 804 82 0 
653 773 32 0 
653 707 21 0 
654 943 32 0 
654 664 26 0 
655 849 75 0 
657 858 52 0 
657 822 20 0 
657 781 56 0 
657 754 47 0 
657 664 44 0 
659 878 67 0 
660 784 60 0 
661 681 71 0 
662 900 88 0 
662 664 42 0 
663 782 69 0 
664 996 76 0 
664 942 66 0 
665 973 49 0 
665 810 7 0 
665 693 54 0 
667 899 84 0 
668 810 53 0 
670 735 28 0 
671 949 37 0 
671 862 62 0 
671 825 56 0 
672 909 25 0 
672 845 23 0 
673 914 68 0 
673 710 54 0 
674 926 44 0 
675 993 72 0 
675 975 52 0 
675 812 77 0 
675 790 37 0 
676 934 70 0 
676 825 63 0 
676 786 89 0 
677 993 27 0 
677 699 59 0 
677 680 33 0 
678 935 46 0 
678 918 27 0 
679 752 33 0 
680 922 26 0 
681 885 57 0 
681 757 43 0 
682 854 44 0 
682 720 15 0 
682 688 15 0 
683 965 18 0 
683 958 14 0 
683 918 51 0 
683 842 18 0 
683 700 5 0 
684 897 78 0 
685 970 93 0 
685 841 89 0 
685 750 68 0 
686 960 41 0 
686 761 35 0 
687 958 51 0 
687 836 66 0 
687 782 75 0 
687 734 49 0 
689 798 35 0 
690 940 30 0 
691 830 57 0 
692 993 32 0 
692 857 47 0 
694 958 35 0 
696 957 36 0 
696 790 38 0 
696 773 46 0 
698 795 78 0 
699 939 57 0 
699 895 94 0 
699 777 42 0 
700 987 16 0 
701 952 26 0 
702 898 52 0 
702 884 84 0 
703 766 57 0 
704 924 47 0 
705 854 9 0 
706 773 98 0 
707 917 57 0 
708 871 87 0 
710 992 48 0 
711 923 43 0 
711 817 44 0 
713 852 89 0 
715 939 62 0 
719 976 65 0 
720 932 47 0 
720 743 54 0 
721 935 24 0 
721 763 7 0 
722 879 62 0 
722 793 82 0 
723 987 57 0 
724 970 69 0 
724 852 71 0 
725 875 74 0 
726 988 26 0 
726 973 80 0 
727 959 62 0 
727 777 68 0 
728 973 56 0 
728 821 48 0 
728 735 44 0 
729 829 12 0 
731 946 69 0 
732 909 88 0 
733 854 66 0 
733 756 75 0 
736 960 57 0 
736 740 71 0 
737 866 49 0 
738 930 46 0 
738 755 21 0 
739 990 30 0 
739 932 21 0 
739 890 99 0 
741 800 67 0 
744 921 45 0 
744 752 62 0 
745 776 85 0 
747 986 38 0 
747 925 39 0 
748 989 45 0 
748 891 41 0 
748 848 5 0 
749 762 11 0 
751 941 8 0 
753 891 30 0 
753 853 55 0 
753 847 13 0 
754 878 16 0 
754 866 38 0 
755 947 63 0 
755 940 43 0 
756 775 88 0 
758 823 49 0 
761 955 46 0 
763 897 60 0 
763 824 48 0 
763 799 26 0 
763 775 53 0 
764 809 4 0 
765 898 77 0 
765 881 40 0 
765 787 35 0 
766 978 38 0 
766 952 13 0 
766 817 4 0 
768 858 20 0 
769 802 72 0 
769 788 31 0 
770 894 23 0 
770 823 14 0 
773 961 30 0 
774 937 30 0 
776 984 10 0 
776 968 31 0 
776 871 35 0 
776 816 68 0 
776 790 95 0 
779 889 93 0 
779 786 8 0 
780 915 94 0 
782 889 83 0 
785 901 37 0 
786 926 40 0 
787 921 43 0 
787 906 48 0 
788 866 76 0 
789 936 35 0 
789 854 70 0 
791 813 19 0 
792 957 8 0 
792 934 86 0 
792 836 65 0 
792 799 15 0 
793 896 76 0 
794 980 38 0 
796 967 10 0 
800 905 60 0 
800 805 57 0 
801 881 80 0 
802 868 48 0 
804 988 61 0 
804 807 33 0 
806 924 63 0 
806 887 45 0 
806 877 58 0 
807 935 61 0 
809 995 17 0 
809 824 83 0 
812 974 39 0 
812 883 21 0 
813 939 58 0 
813 832 77 0 
818 954 35 0 
818 858 39 0 
821 963 41 0 
822 980 27 0 
822 868 57 0 
824 997 59 0 
825 991 103 0 
828 874 31 0 
828 870 72 0 
829 925 25 0 
829 913 67 0 
830 944 35 0 
831 981 112 0 
831 921 91 0 
831 880 70 0 
832 990 30 0 
832 876 23 0 
832 863 87 0 
835 964 38 0 
837 954 55 0 
837 870 76 0 
842 943 69 0 
842 849 58 0 
843 882 35 0 
844 877 55 0 
845 947 66 0 
846 973 87 0 
848 898 58 0 
850 945 92 0 
850 924 38 0 
853 897 67 0 
856 935 27 0 
857 947 33 0 
858 953 46 0 
859 942 16 0 
860 955 66 0 
861 907 92 0 
862 990 43 0 
862 988 77 0 
866 938 90 0 
870 899 23 0 
871 932 63 0 
871 928 47 0 
873 944 17 0 
874 935 58 0 
876 911 30 0 
880 972 21 0 
880 965 30 0 
883 958 44 0 
885 987 86 0 
889 902 82 0 
893 931 29 0 
896 962 77 0 
899 962 62 0 
899 941 10 0 
901 929 28 0 
901 913 51 0 
902 905 25 0 
903 904 16 0 
909 924 38 0 
914 974 21 0 
925 939 5 0 
927 960 55 0 
930 931 61 0 
932 978 67 0 
933 950 35 0 
935 942 88 0 
940 987 48 0 
942 968 23 0 
948 983 59 0 
950 952 49 0 
952 956 42 0 
956 966 18 0 
970 977 12 0 
972 982 56 0 
976 998 31 0 
