#GRAPH (#nodes #edges id uu vv ww xx yy zz):
#1000 4958 geo(0,{1000,100,3,0.005,0.000,0.000}) 100 
#
VERTICES (index name u v w x y z):
0 0 36 1 
1 1 5 4 
2 2 28 83 
3 3 26 85 
4 4 63 43 
5 5 73 65 
6 6 67 30 
7 7 34 55 
8 8 96 99 
9 9 98 87 
10 10 90 87 
11 11 80 71 
12 12 13 47 
13 13 52 11 
14 14 35 17 
15 15 8 73 
16 16 21 42 
17 17 95 45 
18 18 74 90 
19 19 55 36 
20 20 62 43 
21 21 33 72 
22 22 11 63 
23 23 78 25 
24 24 69 21 
25 25 71 96 
26 26 70 98 
27 27 80 2 
28 28 81 30 
29 29 45 71 
30 30 68 34 
31 31 58 57 
32 32 19 81 
33 33 97 25 
34 34 2 69 
35 35 10 63 
36 36 23 16 
37 37 14 91 
38 38 86 24 
39 39 95 72 
40 40 57 68 
41 41 53 4 
42 42 47 51 
43 43 36 35 
44 44 16 61 
45 45 61 23 
46 46 64 22 
47 47 48 37 
48 48 57 81 
49 49 21 47 
50 50 1 4 
51 51 24 41 
52 52 38 84 
53 53 6 31 
54 54 18 57 
55 55 37 34 
56 56 26 34 
57 57 84 51 
58 58 74 33 
59 59 36 25 
60 60 34 0 
61 61 99 12 
62 62 62 22 
63 63 49 28 
64 64 31 17 
65 65 40 77 
66 66 42 83 
67 67 50 17 
68 68 98 90 
69 69 59 1 
70 70 89 19 
71 71 58 6 
72 72 32 81 
73 73 19 89 
74 74 73 99 
75 75 28 84 
76 76 42 45 
77 77 99 9 
78 78 30 12 
79 79 70 88 
80 80 70 63 
81 81 93 94 
82 82 10 65 
83 83 77 58 
84 84 29 28 
85 85 52 23 
86 86 97 49 
87 87 9 73 
88 88 39 76 
89 89 48 40 
90 90 22 12 
91 91 19 50 
92 92 29 48 
93 93 35 83 
94 94 7 15 
95 95 85 97 
96 96 67 43 
97 97 49 62 
98 98 56 98 
99 99 46 93 
100 100 12 68 
101 101 3 95 
102 102 60 25 
103 103 43 84 
104 104 88 92 
105 105 42 7 
106 106 76 35 
107 107 80 1 
108 108 71 16 
109 109 52 27 
110 110 63 8 
111 111 8 39 
112 112 69 51 
113 113 34 78 
114 114 39 51 
115 115 89 6 
116 116 57 7 
117 117 67 23 
118 118 84 83 
119 119 56 30 
120 120 60 65 
121 121 87 38 
122 122 68 77 
123 123 25 44 
124 124 62 80 
125 125 42 8 
126 126 27 83 
127 127 21 38 
128 128 66 31 
129 129 73 19 
130 130 20 47 
131 131 38 99 
132 132 88 70 
133 133 44 17 
134 134 95 8 
135 135 20 71 
136 136 81 69 
137 137 68 48 
138 138 71 11 
139 139 20 74 
140 140 2 72 
141 141 70 89 
142 142 53 96 
143 143 94 37 
144 144 52 72 
145 145 63 7 
146 146 88 72 
147 147 2 93 
148 148 42 35 
149 149 56 14 
150 150 3 83 
151 151 81 46 
152 152 98 60 
153 153 28 33 
154 154 97 45 
155 155 26 92 
156 156 49 59 
157 157 5 50 
158 158 72 82 
159 159 76 15 
160 160 71 0 
161 161 30 54 
162 162 11 64 
163 163 30 30 
164 164 28 94 
165 165 86 76 
166 166 12 22 
167 167 30 62 
168 168 62 18 
169 169 23 56 
170 170 71 21 
171 171 47 92 
172 172 87 41 
173 173 82 53 
174 174 50 59 
175 175 70 11 
176 176 77 29 
177 177 95 63 
178 178 24 55 
179 179 86 14 
180 180 42 94 
181 181 50 60 
182 182 20 79 
183 183 25 76 
184 184 29 94 
185 185 52 97 
186 186 43 83 
187 187 65 45 
188 188 85 22 
189 189 88 18 
190 190 22 43 
191 191 22 62 
192 192 39 3 
193 193 43 14 
194 194 72 70 
195 195 34 29 
196 196 21 78 
197 197 30 79 
198 198 72 88 
199 199 35 85 
200 200 17 0 
201 201 63 48 
202 202 39 16 
203 203 55 60 
204 204 95 61 
205 205 82 23 
206 206 29 84 
207 207 86 22 
208 208 18 3 
209 209 95 57 
210 210 89 50 
211 211 18 82 
212 212 90 50 
213 213 20 54 
214 214 89 62 
215 215 74 83 
216 216 16 11 
217 217 21 11 
218 218 85 58 
219 219 56 28 
220 220 90 17 
221 221 32 68 
222 222 35 27 
223 223 76 18 
224 224 7 93 
225 225 11 59 
226 226 4 71 
227 227 48 29 
228 228 96 25 
229 229 80 83 
230 230 54 47 
231 231 92 27 
232 232 41 77 
233 233 82 59 
234 234 81 90 
235 235 89 41 
236 236 68 86 
237 237 18 86 
238 238 9 64 
239 239 82 34 
240 240 52 14 
241 241 84 35 
242 242 57 8 
243 243 68 68 
244 244 20 5 
245 245 41 70 
246 246 3 44 
247 247 81 77 
248 248 83 57 
249 249 87 51 
250 250 41 2 
251 251 48 4 
252 252 46 54 
253 253 70 2 
254 254 53 66 
255 255 79 52 
256 256 95 28 
257 257 89 86 
258 258 71 1 
259 259 55 94 
260 260 52 24 
261 261 43 25 
262 262 86 35 
263 263 5 62 
264 264 11 90 
265 265 16 10 
266 266 99 23 
267 267 98 92 
268 268 78 52 
269 269 42 68 
270 270 24 39 
271 271 20 95 
272 272 73 6 
273 273 64 4 
274 274 52 2 
275 275 36 6 
276 276 75 28 
277 277 70 99 
278 278 13 7 
279 279 84 60 
280 280 84 32 
281 281 93 89 
282 282 32 3 
283 283 9 11 
284 284 44 30 
285 285 56 4 
286 286 41 87 
287 287 94 59 
288 288 7 65 
289 289 40 35 
290 290 88 15 
291 291 8 60 
292 292 57 19 
293 293 45 73 
294 294 21 76 
295 295 43 32 
296 296 84 59 
297 297 78 15 
298 298 60 68 
299 299 48 93 
300 300 65 26 
301 301 33 51 
302 302 47 90 
303 303 2 99 
304 304 33 45 
305 305 13 26 
306 306 2 22 
307 307 97 94 
308 308 16 83 
309 309 38 57 
310 310 41 3 
311 311 16 5 
312 312 57 43 
313 313 25 84 
314 314 28 57 
315 315 58 72 
316 316 25 80 
317 317 19 65 
318 318 68 89 
319 319 14 19 
320 320 83 34 
321 321 62 54 
322 322 95 87 
323 323 73 61 
324 324 79 5 
325 325 7 37 
326 326 49 35 
327 327 70 77 
328 328 58 8 
329 329 44 43 
330 330 92 16 
331 331 53 26 
332 332 38 87 
333 333 14 37 
334 334 37 45 
335 335 86 65 
336 336 84 76 
337 337 18 17 
338 338 97 51 
339 339 12 44 
340 340 68 24 
341 341 36 14 
342 342 94 20 
343 343 11 99 
344 344 0 32 
345 345 80 48 
346 346 66 77 
347 347 18 13 
348 348 85 47 
349 349 56 6 
350 350 31 29 
351 351 21 44 
352 352 26 75 
353 353 52 74 
354 354 28 35 
355 355 33 68 
356 356 69 90 
357 357 1 6 
358 358 16 97 
359 359 69 96 
360 360 31 67 
361 361 30 50 
362 362 80 54 
363 363 98 48 
364 364 94 86 
365 365 95 80 
366 366 86 32 
367 367 19 67 
368 368 9 3 
369 369 45 96 
370 370 33 61 
371 371 22 19 
372 372 93 16 
373 373 71 34 
374 374 44 12 
375 375 19 49 
376 376 5 26 
377 377 97 88 
378 378 86 52 
379 379 95 75 
380 380 11 56 
381 381 54 4 
382 382 99 67 
383 383 74 49 
384 384 79 50 
385 385 54 32 
386 386 17 21 
387 387 28 7 
388 388 49 53 
389 389 80 40 
390 390 89 84 
391 391 9 70 
392 392 90 92 
393 393 24 6 
394 394 78 20 
395 395 42 71 
396 396 30 18 
397 397 61 67 
398 398 79 69 
399 399 59 13 
400 400 35 40 
401 401 65 62 
402 402 87 72 
403 403 44 51 
404 404 56 80 
405 405 81 25 
406 406 9 22 
407 407 66 15 
408 408 48 55 
409 409 40 24 
410 410 5 58 
411 411 99 4 
412 412 47 57 
413 413 62 33 
414 414 82 94 
415 415 91 4 
416 416 0 15 
417 417 72 63 
418 418 0 8 
419 419 82 75 
420 420 73 18 
421 421 81 85 
422 422 46 23 
423 423 87 77 
424 424 33 54 
425 425 97 85 
426 426 84 94 
427 427 98 75 
428 428 92 64 
429 429 91 18 
430 430 86 59 
431 431 83 65 
432 432 85 76 
433 433 69 56 
434 434 30 82 
435 435 28 81 
436 436 91 80 
437 437 26 41 
438 438 22 17 
439 439 59 0 
440 440 1 71 
441 441 23 67 
442 442 72 13 
443 443 35 76 
444 444 90 11 
445 445 88 29 
446 446 60 83 
447 447 73 4 
448 448 91 52 
449 449 64 82 
450 450 16 75 
451 451 54 91 
452 452 51 29 
453 453 40 53 
454 454 91 87 
455 455 21 87 
456 456 18 71 
457 457 87 68 
458 458 65 38 
459 459 45 77 
460 460 7 53 
461 461 9 58 
462 462 48 6 
463 463 82 3 
464 464 54 45 
465 465 84 5 
466 466 24 32 
467 467 29 55 
468 468 43 90 
469 469 25 14 
470 470 42 43 
471 471 63 68 
472 472 81 56 
473 473 32 4 
474 474 17 8 
475 475 46 34 
476 476 89 42 
477 477 38 58 
478 478 24 69 
479 479 90 68 
480 480 24 82 
481 481 36 21 
482 482 34 95 
483 483 96 68 
484 484 96 52 
485 485 51 17 
486 486 35 31 
487 487 6 78 
488 488 93 74 
489 489 85 44 
490 490 15 30 
491 491 39 20 
492 492 77 57 
493 493 99 55 
494 494 47 44 
495 495 18 2 
496 496 75 78 
497 497 69 40 
498 498 77 22 
499 499 43 75 
500 500 29 95 
501 501 29 25 
502 502 40 8 
503 503 89 52 
504 504 48 9 
505 505 31 69 
506 506 85 85 
507 507 85 89 
508 508 63 95 
509 509 45 50 
510 510 14 41 
511 511 25 6 
512 512 27 85 
513 513 75 40 
514 514 45 85 
515 515 42 29 
516 516 27 55 
517 517 84 53 
518 518 31 35 
519 519 49 38 
520 520 71 60 
521 521 48 22 
522 522 89 79 
523 523 37 55 
524 524 99 20 
525 525 96 32 
526 526 79 46 
527 527 14 94 
528 528 65 19 
529 529 96 1 
530 530 9 81 
531 531 54 9 
532 532 21 58 
533 533 2 53 
534 534 37 90 
535 535 3 70 
536 536 71 71 
537 537 79 97 
538 538 11 94 
539 539 43 18 
540 540 4 47 
541 541 0 50 
542 542 63 76 
543 543 64 27 
544 544 35 58 
545 545 58 12 
546 546 88 43 
547 547 33 28 
548 548 66 29 
549 549 90 20 
550 550 56 88 
551 551 45 39 
552 552 24 42 
553 553 48 58 
554 554 99 42 
555 555 97 72 
556 556 33 55 
557 557 93 85 
558 558 98 76 
559 559 27 68 
560 560 4 60 
561 561 89 65 
562 562 99 59 
563 563 23 57 
564 564 56 85 
565 565 46 4 
566 566 95 71 
567 567 22 72 
568 568 16 2 
569 569 36 69 
570 570 59 93 
571 571 31 34 
572 572 49 77 
573 573 45 55 
574 574 63 13 
575 575 9 56 
576 576 1 13 
577 577 43 52 
578 578 62 2 
579 579 0 97 
580 580 47 74 
581 581 58 44 
582 582 68 14 
583 583 24 59 
584 584 1 15 
585 585 15 81 
586 586 80 68 
587 587 19 10 
588 588 28 25 
589 589 25 4 
590 590 26 43 
591 591 39 27 
592 592 95 74 
593 593 74 31 
594 594 48 74 
595 595 54 78 
596 596 18 65 
597 597 96 7 
598 598 49 94 
599 599 71 65 
600 600 76 80 
601 601 39 38 
602 602 33 73 
603 603 11 49 
604 604 68 17 
605 605 51 44 
606 606 31 73 
607 607 32 21 
608 608 47 41 
609 609 84 46 
610 610 37 77 
611 611 17 63 
612 612 28 70 
613 613 89 61 
614 614 82 31 
615 615 26 82 
616 616 79 44 
617 617 41 72 
618 618 31 51 
619 619 68 74 
620 620 97 82 
621 621 31 90 
622 622 41 65 
623 623 82 88 
624 624 18 49 
625 625 9 42 
626 626 41 57 
627 627 26 87 
628 628 64 66 
629 629 25 83 
630 630 16 37 
631 631 29 11 
632 632 40 17 
633 633 41 22 
634 634 84 93 
635 635 70 31 
636 636 47 27 
637 637 71 45 
638 638 45 24 
639 639 47 72 
640 640 85 2 
641 641 92 88 
642 642 97 54 
643 643 33 40 
644 644 80 10 
645 645 99 58 
646 646 6 20 
647 647 66 72 
648 648 66 53 
649 649 87 22 
650 650 33 69 
651 651 15 15 
652 652 21 27 
653 653 36 24 
654 654 57 35 
655 655 35 2 
656 656 28 44 
657 657 76 36 
658 658 20 10 
659 659 22 13 
660 660 10 35 
661 661 9 72 
662 662 42 59 
663 663 2 36 
664 664 93 98 
665 665 95 40 
666 666 24 86 
667 667 37 97 
668 668 94 48 
669 669 73 60 
670 670 9 82 
671 671 65 84 
672 672 84 21 
673 673 35 51 
674 674 42 46 
675 675 43 20 
676 676 46 45 
677 677 22 84 
678 678 79 2 
679 679 62 10 
680 680 99 44 
681 681 74 39 
682 682 37 18 
683 683 85 15 
684 684 11 89 
685 685 79 61 
686 686 71 18 
687 687 93 97 
688 688 97 19 
689 689 25 13 
690 690 9 96 
691 691 65 10 
692 692 9 18 
693 693 39 86 
694 694 73 55 
695 695 56 48 
696 696 1 32 
697 697 2 63 
698 698 91 62 
699 699 58 42 
700 700 77 28 
701 701 74 17 
702 702 30 19 
703 703 53 49 
704 704 74 26 
705 705 70 84 
706 706 39 2 
707 707 70 51 
708 708 97 79 
709 709 55 29 
710 710 10 52 
711 711 83 42 
712 712 55 51 
713 713 76 93 
714 714 28 28 
715 715 39 25 
716 716 65 11 
717 717 48 99 
718 718 67 95 
719 719 12 34 
720 720 18 32 
721 721 34 98 
722 722 41 97 
723 723 88 45 
724 724 35 63 
725 725 92 85 
726 726 20 60 
727 727 82 44 
728 728 53 94 
729 729 53 37 
730 730 89 39 
731 731 60 59 
732 732 91 5 
733 733 17 5 
734 734 7 99 
735 735 8 14 
736 736 35 34 
737 737 66 59 
738 738 96 85 
739 739 85 79 
740 740 17 96 
741 741 60 40 
742 742 62 98 
743 743 7 97 
744 744 45 21 
745 745 43 48 
746 746 12 78 
747 747 69 14 
748 748 5 1 
749 749 87 46 
750 750 34 92 
751 751 27 42 
752 752 72 12 
753 753 0 64 
754 754 49 68 
755 755 2 94 
756 756 22 58 
757 757 24 21 
758 758 6 39 
759 759 46 22 
760 760 99 3 
761 761 67 59 
762 762 65 25 
763 763 97 73 
764 764 43 96 
765 765 58 71 
766 766 51 71 
767 767 31 12 
768 768 37 86 
769 769 52 28 
770 770 31 75 
771 771 32 66 
772 772 30 20 
773 773 5 89 
774 774 36 38 
775 775 71 12 
776 776 52 61 
777 777 18 53 
778 778 73 37 
779 779 66 7 
780 780 95 33 
781 781 17 85 
782 782 46 51 
783 783 84 33 
784 784 44 46 
785 785 10 96 
786 786 69 33 
787 787 46 14 
788 788 72 67 
789 789 39 5 
790 790 76 41 
791 791 17 16 
792 792 99 87 
793 793 77 37 
794 794 12 73 
795 795 85 81 
796 796 9 91 
797 797 89 98 
798 798 39 89 
799 799 74 1 
800 800 26 16 
801 801 9 74 
802 802 4 87 
803 803 70 72 
804 804 3 54 
805 805 66 39 
806 806 87 71 
807 807 81 64 
808 808 15 83 
809 809 12 3 
810 810 3 26 
811 811 57 31 
812 812 31 49 
813 813 82 12 
814 814 89 56 
815 815 46 46 
816 816 14 88 
817 817 19 5 
818 818 26 52 
819 819 34 68 
820 820 58 60 
821 821 37 3 
822 822 31 39 
823 823 4 61 
824 824 27 53 
825 825 2 4 
826 826 39 36 
827 827 78 40 
828 828 49 37 
829 829 99 51 
830 830 87 76 
831 831 95 59 
832 832 92 49 
833 833 2 86 
834 834 15 48 
835 835 85 13 
836 836 22 21 
837 837 62 53 
838 838 35 16 
839 839 57 78 
840 840 23 66 
841 841 3 63 
842 842 0 59 
843 843 24 90 
844 844 33 65 
845 845 87 87 
846 846 65 71 
847 847 50 62 
848 848 29 71 
849 849 65 53 
850 850 25 87 
851 851 6 65 
852 852 69 91 
853 853 82 91 
854 854 24 30 
855 855 73 0 
856 856 75 75 
857 857 95 11 
858 858 18 96 
859 859 31 66 
860 860 86 78 
861 861 14 17 
862 862 3 10 
863 863 32 59 
864 864 22 96 
865 865 12 96 
866 866 51 70 
867 867 64 99 
868 868 24 12 
869 869 29 32 
870 870 89 96 
871 871 66 84 
872 872 3 42 
873 873 89 12 
874 874 62 52 
875 875 65 82 
876 876 20 13 
877 877 84 56 
878 878 97 13 
879 879 72 99 
880 880 40 55 
881 881 78 0 
882 882 87 96 
883 883 68 56 
884 884 21 65 
885 885 57 61 
886 886 36 91 
887 887 15 41 
888 888 81 61 
889 889 94 17 
890 890 19 25 
891 891 90 34 
892 892 49 21 
893 893 65 81 
894 894 36 99 
895 895 43 10 
896 896 23 14 
897 897 57 73 
898 898 90 71 
899 899 18 91 
900 900 26 68 
901 901 77 71 
902 902 94 95 
903 903 13 63 
904 904 61 35 
905 905 94 63 
906 906 5 85 
907 907 28 31 
908 908 33 98 
909 909 37 80 
910 910 24 98 
911 911 34 42 
912 912 75 42 
913 913 88 73 
914 914 0 69 
915 915 99 90 
916 916 0 85 
917 917 53 25 
918 918 50 93 
919 919 72 0 
920 920 9 37 
921 921 7 36 
922 922 32 71 
923 923 31 15 
924 924 86 42 
925 925 22 41 
926 926 84 40 
927 927 8 90 
928 928 34 25 
929 929 92 4 
930 930 20 26 
931 931 94 84 
932 932 92 36 
933 933 51 18 
934 934 49 15 
935 935 92 7 
936 936 55 45 
937 937 55 34 
938 938 60 35 
939 939 37 17 
940 940 3 9 
941 941 43 79 
942 942 61 77 
943 943 91 58 
944 944 12 35 
945 945 36 13 
946 946 39 74 
947 947 91 92 
948 948 31 47 
949 949 91 48 
950 950 30 88 
951 951 53 86 
952 952 62 5 
953 953 10 19 
954 954 36 5 
955 955 30 78 
956 956 79 17 
957 957 55 75 
958 958 89 26 
959 959 70 43 
960 960 51 39 
961 961 96 37 
962 962 25 0 
963 963 4 84 
964 964 27 27 
965 965 30 37 
966 966 54 29 
967 967 43 62 
968 968 73 51 
969 969 71 19 
970 970 43 66 
971 971 14 56 
972 972 15 58 
973 973 67 55 
974 974 82 55 
975 975 89 13 
976 976 4 23 
977 977 81 8 
978 978 12 90 
979 979 58 47 
980 980 80 63 
981 981 80 73 
982 982 78 63 
983 983 76 3 
984 984 40 99 
985 985 42 34 
986 986 66 5 
987 987 36 4 
988 988 71 69 
989 989 74 20 
990 990 47 11 
991 991 39 73 
992 992 73 57 
993 993 0 16 
994 994 89 0 
995 995 83 38 
996 996 84 36 
997 997 77 46 
998 998 3 92 
999 999 14 4 
#
EDGES (from-node to-node length a b):
0 812 48 0 
0 749 68 0 
0 418 37 0 
0 78 13 0 
1 941 84 0 
1 893 98 0 
1 759 45 0 
1 734 95 0 
1 699 65 0 
1 451 100 0 
1 444 85 0 
1 436 115 0 
1 253 65 0 
1 211 79 0 
1 43 44 0 
2 995 71 0 
2 731 40 0 
2 723 71 0 
2 261 60 0 
2 114 34 0 
2 5 48 0 
3 955 8 0 
4 906 72 0 
4 691 33 0 
4 479 37 0 
4 96 4 0 
5 939 60 0 
5 823 69 0 
5 681 26 0 
5 537 33 0 
6 942 47 0 
6 827 15 0 
6 794 70 0 
6 455 73 0 
6 300 4 0 
6 265 55 0 
7 888 47 0 
7 600 49 0 
7 110 55 0 
8 996 64 0 
8 911 84 0 
8 462 105 0 
8 380 95 0 
8 64 105 0 
9 998 95 0 
10 529 86 0 
11 835 58 0 
11 742 32 0 
11 678 69 0 
11 639 33 0 
11 480 57 0 
11 432 7 0 
11 256 46 0 
11 94 92 0 
12 836 28 0 
13 912 39 0 
13 756 56 0 
13 640 34 0 
13 504 4 0 
13 482 86 0 
13 279 59 0 
14 972 46 0 
14 917 20 0 
14 826 19 0 
14 820 49 0 
14 699 34 0 
14 508 83 0 
14 390 86 0 
14 226 62 0 
14 33 63 0 
15 327 62 0 
16 806 72 0 
16 793 56 0 
16 744 32 0 
16 730 68 0 
16 492 58 0 
16 292 43 0 
16 274 51 0 
17 650 66 0 
17 26 59 0 
18 896 92 0 
18 778 53 0 
18 747 76 0 
18 629 49 0 
18 442 77 0 
18 266 72 0 
19 709 7 0 
19 322 65 0 
19 319 44 0 
19 225 50 0 
19 168 19 0 
20 965 33 0 
20 544 31 0 
21 60 72 0 
22 659 51 0 
22 629 24 0 
22 376 37 0 
23 762 13 0 
23 625 71 0 
23 484 32 0 
23 337 61 0 
23 305 65 0 
24 943 43 0 
24 831 46 0 
24 792 72 0 
24 781 82 0 
24 709 16 0 
24 645 48 0 
24 555 58 0 
24 435 73 0 
24 161 51 0 
24 91 58 0 
25 373 62 0 
25 333 82 0 
26 891 67 0 
26 142 17 0 
26 123 70 0 
26 73 52 0 
27 876 61 0 
27 795 79 0 
27 362 52 0 
27 179 13 0 
27 138 13 0 
28 823 83 0 
28 706 50 0 
28 634 63 0 
28 612 66 0 
28 534 74 0 
28 208 69 0 
29 773 44 0 
29 696 59 0 
29 644 70 0 
29 495 74 0 
29 452 42 0 
29 449 22 0 
29 71 66 0 
29 70 68 0 
30 931 56 0 
30 849 19 0 
30 694 22 0 
30 653 34 0 
30 409 30 0 
30 140 76 0 
30 47 20 0 
31 919 59 0 
31 708 45 0 
31 374 47 0 
31 99 38 0 
32 887 40 0 
32 816 9 0 
32 711 75 0 
32 608 49 0 
32 358 16 0 
32 281 74 0 
32 39 77 0 
33 799 33 0 
33 745 59 0 
33 635 28 0 
33 634 69 0 
33 615 91 0 
33 588 69 0 
33 360 78 0 
33 278 86 0 
33 128 32 0 
34 990 73 0 
34 629 27 0 
34 591 56 0 
34 588 51 0 
34 91 25 0 
35 964 40 0 
35 912 68 0 
35 717 52 0 
35 670 19 0 
35 381 74 0 
35 376 37 0 
35 369 48 0 
35 357 58 0 
35 38 85 0 
36 590 27 0 
36 381 33 0 
36 357 24 0 
36 302 78 0 
36 234 94 0 
36 149 33 0 
37 905 85 0 
37 789 90 0 
37 759 76 0 
37 756 34 0 
37 523 43 0 
37 352 20 0 
37 124 49 0 
38 716 25 0 
38 666 88 0 
38 279 36 0 
38 50 87 0 
39 867 41 0 
39 666 72 0 
39 478 71 0 
39 409 73 0 
40 130 43 0 
40 53 63 0 
41 971 65 0 
41 863 59 0 
41 743 104 0 
41 691 13 0 
41 594 70 0 
41 579 107 0 
41 536 69 0 
41 289 34 0 
41 281 94 0 
42 672 48 0 
43 861 28 0 
43 720 18 0 
43 74 74 0 
44 851 11 0 
44 567 13 0 
44 392 80 0 
44 212 75 0 
45 840 57 0 
45 780 35 0 
45 362 36 0 
46 633 23 0 
46 444 28 0 
46 221 56 0 
46 48 59 0 
47 154 50 0 
47 102 17 0 
47 49 29 0 
48 995 50 0 
48 882 34 0 
48 811 50 0 
48 693 19 0 
48 624 50 0 
48 155 33 0 
49 853 75 0 
49 608 27 0 
50 783 88 0 
50 698 107 0 
50 425 126 0 
50 119 61 0 
50 117 69 0 
51 896 27 0 
51 762 44 0 
51 359 71 0 
51 320 59 0 
51 273 54 0 
51 268 55 0 
51 137 45 0 
51 81 87 0 
52 877 54 0 
52 116 79 0 
53 773 58 0 
53 370 40 0 
53 215 86 0 
53 69 61 0 
53 58 68 0 
54 983 79 0 
54 676 30 0 
54 462 59 0 
54 410 13 0 
54 78 47 0 
55 999 38 0 
55 874 31 0 
55 772 16 0 
55 750 58 0 
55 686 38 0 
55 612 37 0 
55 383 40 0 
55 278 36 0 
55 125 26 0 
56 924 61 0 
56 739 74 0 
56 585 48 0 
56 551 20 0 
56 331 28 0 
56 325 19 0 
56 95 86 0 
56 61 76 0 
57 844 53 0 
57 555 25 0 
57 77 45 0 
58 873 26 0 
58 856 42 0 
58 632 38 0 
58 127 53 0 
58 85 24 0 
59 880 30 0 
59 797 90 0 
59 291 45 0 
59 240 19 0 
59 208 28 0 
60 947 108 0 
60 827 59 0 
60 735 30 0 
60 668 77 0 
60 345 66 0 
61 802 121 0 
61 434 98 0 
61 343 124 0 
61 238 104 0 
62 987 32 0 
62 595 57 0 
62 197 65 0 
63 611 47 0 
63 364 73 0 
63 229 63 0 
64 922 54 0 
64 297 47 0 
65 914 41 0 
65 533 45 0 
65 217 69 0 
65 134 88 0 
65 75 14 0 
66 844 20 0 
67 701 24 0 
67 248 52 0 
67 221 54 0 
68 391 91 0 
68 340 72 0 
68 296 34 0 
68 240 89 0 
68 211 80 0 
69 841 84 0 
70 888 43 0 
70 828 44 0 
70 688 8 0 
70 388 52 0 
70 359 80 0 
70 345 30 0 
70 266 11 0 
70 244 70 0 
70 210 31 0 
70 109 38 0 
71 375 58 0 
71 322 89 0 
71 131 95 0 
72 994 99 0 
72 987 77 0 
72 825 83 0 
72 541 45 0 
72 346 34 0 
72 291 32 0 
72 229 48 0 
73 993 75 0 
73 669 61 0 
73 376 65 0 
73 308 7 0 
73 227 67 0 
73 202 76 0 
74 781 58 0 
74 582 85 0 
74 468 31 0 
74 154 59 0 
74 151 54 0 
74 139 59 0 
75 991 16 0 
75 334 40 0 
76 908 54 0 
76 481 25 0 
76 440 49 0 
76 313 43 0 
76 270 19 0 
77 834 93 0 
77 636 55 0 
77 613 53 0 
77 363 39 0 
77 175 29 0 
78 500 83 0 
78 271 84 0 
78 190 32 0 
79 906 65 0 
79 538 59 0 
79 312 47 0 
79 189 72 0 
80 526 19 0 
80 324 59 0 
80 246 70 0 
80 124 19 0 
80 97 21 0 
81 390 11 0 
82 999 61 0 
82 908 40 0 
82 898 80 0 
82 672 86 0 
82 613 79 0 
82 221 22 0 
83 955 51 0 
83 841 74 0 
83 761 10 0 
83 306 83 0 
83 272 52 0 
83 122 21 0 
84 521 20 0 
84 223 48 0 
84 204 74 0 
84 202 16 0 
85 924 39 0 
85 736 20 0 
85 659 32 0 
85 215 64 0 
85 209 55 0 
86 917 50 0 
86 799 53 0 
86 600 37 0 
86 566 22 0 
86 156 49 0 
87 958 93 0 
87 837 57 0 
87 833 15 0 
87 688 103 0 
87 627 22 0 
87 612 19 0 
87 413 66 0 
87 399 78 0 
87 357 67 0 
87 102 70 0 
88 991 3 0 
88 807 44 0 
88 741 42 0 
88 602 7 0 
88 529 94 0 
89 902 72 0 
89 867 61 0 
89 854 26 0 
89 714 23 0 
89 610 39 0 
89 568 50 0 
89 117 25 0 
90 804 46 0 
90 782 46 0 
90 745 42 0 
90 673 41 0 
90 666 74 0 
90 643 30 0 
90 501 15 0 
90 400 31 0 
90 96 55 0 
91 451 54 0 
91 343 50 0 
91 283 40 0 
91 237 36 0 
92 946 28 0 
92 786 43 0 
92 617 27 0 
92 616 50 0 
92 152 70 0 
93 977 88 0 
93 866 21 0 
93 705 35 0 
93 431 51 0 
93 386 65 0 
93 94 74 0 
94 979 60 0 
95 457 29 0 
95 425 17 0 
95 236 20 0 
95 102 76 0 
96 939 40 0 
96 844 40 0 
96 703 15 0 
96 700 18 0 
96 357 76 0 
96 255 15 0 
96 117 20 0 
97 921 49 0 
97 793 38 0 
97 732 71 0 
97 603 40 0 
97 302 28 0 
98 117 76 0 
99 844 31 0 
99 813 89 0 
99 665 72 0 
99 570 13 0 
99 504 84 0 
99 474 90 0 
99 229 35 0 
100 436 80 0 
100 282 68 0 
100 259 50 0 
101 788 74 0 
101 724 45 0 
101 469 84 0 
101 301 53 0 
101 263 33 0 
102 795 61 0 
102 784 26 0 
102 465 31 0 
102 313 69 0 
102 275 31 0 
102 190 42 0 
103 802 39 0 
103 615 17 0 
103 481 63 0 
103 477 26 0 
103 382 59 0 
103 365 52 0 
103 299 10 0 
104 920 96 0 
104 916 88 0 
104 904 63 0 
104 864 66 0 
104 475 72 0 
104 279 32 0 
104 278 113 0 
104 162 82 0 
105 968 54 0 
105 859 60 0 
105 841 68 0 
105 802 89 0 
105 707 52 0 
105 407 25 0 
105 376 42 0 
105 302 83 0 
106 538 88 0 
107 692 73 0 
107 667 105 0 
107 658 61 0 
107 620 83 0 
107 577 63 0 
107 463 3 0 
107 359 96 0 
107 315 74 0 
108 991 65 0 
108 818 58 0 
108 769 22 0 
108 637 29 0 
108 496 62 0 
108 488 62 0 
108 460 74 0 
108 339 65 0 
108 109 22 0 
109 406 43 0 
109 332 62 0 
109 309 33 0 
110 981 67 0 
110 702 35 0 
110 647 64 0 
110 643 44 0 
110 616 39 0 
110 550 80 0 
111 567 36 0 
111 228 89 0 
112 557 42 0 
112 371 57 0 
112 306 73 0 
112 188 33 0 
113 601 40 0 
113 487 28 0 
113 311 75 0 
113 255 52 0 
113 254 22 0 
113 153 45 0 
113 130 34 0 
114 818 13 0 
114 752 51 0 
114 437 16 0 
114 404 34 0 
114 196 32 0 
114 188 54 0 
114 127 22 0 
115 905 57 0 
115 780 28 0 
115 705 80 0 
115 427 70 0 
115 312 49 0 
115 295 53 0 
115 289 57 0 
115 195 60 0 
116 934 11 0 
116 691 9 0 
116 672 30 0 
116 288 77 0 
116 118 81 0 
117 887 55 0 
117 782 35 0 
117 753 79 0 
118 826 65 0 
118 788 20 0 
118 705 14 0 
119 899 72 0 
119 211 64 0 
119 200 49 0 
119 165 55 0 
120 952 60 0 
120 815 24 0 
120 510 52 0 
120 423 30 0 
120 240 52 0 
121 926 4 0 
121 915 53 0 
121 883 26 0 
121 875 49 0 
121 366 6 0 
122 976 84 0 
122 494 39 0 
122 459 23 0 
122 378 31 0 
123 884 21 0 
123 816 45 0 
123 656 3 0 
123 619 52 0 
124 416 90 0 
124 399 67 0 
124 352 36 0 
124 266 68 0 
125 882 99 0 
125 824 47 0 
125 663 49 0 
125 393 18 0 
125 309 49 0 
125 217 21 0 
126 930 57 0 
126 635 67 0 
126 546 73 0 
126 220 91 0 
127 583 21 0 
127 567 34 0 
128 900 54 0 
128 762 6 0 
128 742 67 0 
128 739 52 0 
128 719 54 0 
128 693 61 0 
128 554 35 0 
128 407 16 0 
129 983 16 0 
129 595 62 0 
129 592 59 0 
129 270 53 0 
129 179 14 0 
130 842 23 0 
130 722 54 0 
130 674 22 0 
130 348 65 0 
131 996 78 0 
131 843 17 0 
132 713 26 0 
132 316 64 0 
133 928 13 0 
133 869 21 0 
133 547 16 0 
133 475 17 0 
133 413 24 0 
133 307 93 0 
133 184 78 0 
134 368 86 0 
134 266 16 0 
134 265 79 0 
135 962 71 0 
135 904 55 0 
135 606 11 0 
135 532 13 0 
135 429 89 0 
135 352 7 0 
135 204 76 0 
136 670 73 0 
137 379 38 0 
137 354 42 0 
138 495 54 0 
139 905 75 0 
139 716 77 0 
139 631 64 0 
140 952 90 0 
140 190 35 0 
141 879 10 0 
141 634 15 0 
141 229 12 0 
142 677 33 0 
142 283 96 0 
143 780 4 0 
143 755 108 0 
143 680 9 0 
143 533 93 0 
143 483 31 0 
144 784 27 0 
144 632 56 0 
144 534 23 0 
144 484 48 0 
144 276 50 0 
144 251 68 0 
144 180 24 0 
145 937 28 0 
145 360 68 0 
145 351 56 0 
145 317 73 0 
145 300 19 0 
146 376 95 0 
147 777 43 0 
147 759 84 0 
147 583 40 0 
147 273 108 0 
147 216 83 0 
148 861 33 0 
148 829 59 0 
148 581 18 0 
148 334 11 0 
148 312 17 0 
148 289 2 0 
149 768 74 0 
149 672 29 0 
149 565 14 0 
149 371 34 0 
149 307 90 0 
150 977 108 0 
150 932 101 0 
150 878 117 0 
150 830 84 0 
150 632 76 0 
150 504 87 0 
150 443 33 0 
151 940 86 0 
151 821 62 0 
151 794 74 0 
151 693 58 0 
151 603 70 0 
151 314 54 0 
151 270 57 0 
152 786 40 0 
152 714 77 0 
152 477 60 0 
152 463 59 0 
152 319 93 0 
152 205 40 0 
153 618 18 0 
153 364 85 0 
154 647 41 0 
154 509 52 0 
154 383 23 0 
155 957 34 0 
155 820 45 0 
155 514 20 0 
155 196 15 0 
156 972 34 0 
156 932 49 0 
156 930 44 0 
156 677 37 0 
156 592 48 0 
156 224 54 0 
157 966 53 0 
157 962 54 0 
157 931 95 0 
157 913 86 0 
157 896 40 0 
157 811 55 0 
157 772 39 0 
157 733 47 0 
157 663 14 0 
157 437 23 0 
157 294 31 0 
157 201 58 0 
158 864 52 0 
158 560 71 0 
158 406 87 0 
158 286 31 0 
158 239 49 0 
158 233 25 0 
159 991 69 0 
159 856 60 0 
159 674 46 0 
159 463 13 0 
159 416 76 0 
160 923 43 0 
160 847 65 0 
160 801 97 0 
160 712 53 0 
160 371 53 0 
160 343 116 0 
160 209 62 0 
161 622 16 0 
161 450 25 0 
161 395 21 0 
161 187 36 0 
162 903 2 0 
162 678 92 0 
162 555 86 0 
162 553 37 0 
162 333 27 0 
162 292 64 0 
163 503 63 0 
164 814 72 0 
164 728 25 0 
164 519 60 0 
164 399 87 0 
164 339 52 0 
164 314 37 0 
165 744 69 0 
165 501 76 0 
165 349 76 0 
165 335 11 0 
166 763 99 0 
166 557 103 0 
166 508 89 0 
166 228 84 0 
167 816 31 0 
167 681 50 0 
167 604 59 0 
167 447 72 0 
167 355 7 0 
167 316 19 0 
167 227 38 0 
167 171 34 0 
168 580 58 0 
168 311 48 0 
169 888 58 0 
169 799 75 0 
169 458 46 0 
169 412 24 0 
169 326 33 0 
170 936 29 0 
170 784 37 0 
170 422 25 0 
170 356 69 0 
170 263 78 0 
170 196 76 0 
171 838 77 0 
171 763 53 0 
171 585 34 0 
171 319 80 0 
172 459 55 0 
172 334 50 0 
173 940 90 0 
173 835 40 0 
173 419 22 0 
173 240 49 0 
174 884 30 0 
174 876 55 0 
174 796 52 0 
174 736 29 0 
174 560 46 0 
174 325 48 0 
175 599 54 0 
175 575 76 0 
175 381 17 0 
175 305 59 0 
176 750 76 0 
176 625 69 0 
177 536 25 0 
177 368 105 0 
178 836 34 0 
178 463 78 0 
178 396 37 0 
178 367 13 0 
179 725 71 0 
179 651 71 0 
179 593 21 0 
179 563 76 0 
179 529 16 0 
179 408 56 0 
179 348 33 0 
179 228 15 0 
180 889 93 0 
180 731 39 0 
180 265 88 0 
180 216 87 0 
181 904 27 0 
181 511 60 0 
181 441 28 0 
182 926 75 0 
182 788 53 0 
182 730 80 0 
183 932 78 0 
183 750 18 0 
183 704 70 0 
183 418 72 0 
183 228 87 0 
183 221 11 0 
184 652 67 0 
184 482 5 0 
184 444 103 0 
184 358 13 0 
184 262 82 0 
185 955 29 0 
185 711 63 0 
185 479 48 0 
185 424 47 0 
185 399 84 0 
185 217 91 0 
186 675 63 0 
186 231 74 0 
187 855 46 0 
187 573 22 0 
187 288 61 0 
188 412 52 0 
188 320 12 0 
188 318 69 0 
189 904 32 0 
189 808 98 0 
189 587 69 0 
189 483 51 0 
189 472 39 0 
189 471 56 0 
189 400 57 0 
189 203 53 0 
190 737 47 0 
190 689 30 0 
190 499 38 0 
190 415 79 0 
190 389 58 0 
191 962 62 0 
191 960 37 0 
191 879 62 0 
191 443 19 0 
192 978 91 0 
192 822 37 0 
192 587 21 0 
192 573 52 0 
192 258 32 0 
193 833 83 0 
193 243 60 0 
194 730 35 0 
194 672 50 0 
194 521 54 0 
194 495 87 0 
195 553 32 0 
195 391 48 0 
195 341 15 0 
196 660 44 0 
196 637 60 0 
196 333 42 0 
196 224 21 0 
197 856 45 0 
197 405 74 0 
197 293 16 0 
198 988 19 0 
198 934 77 0 
198 580 29 0 
199 820 34 0 
199 280 72 0 
200 322 117 0 
201 908 58 0 
202 637 43 0 
202 440 67 0 
202 367 55 0 
203 973 13 0 
203 691 51 0 
203 467 26 0 
203 291 47 0 
204 813 51 0 
204 769 54 0 
204 743 95 0 
204 729 48 0 
204 703 44 0 
205 651 67 0 
205 529 26 0 
206 828 51 0 
207 921 80 0 
207 372 9 0 
208 556 54 0 
208 473 14 0 
208 413 53 0 
208 389 72 0 
209 902 38 0 
209 646 96 0 
209 452 52 0 
209 340 43 0 
209 230 42 0 
210 972 74 0 
210 878 38 0 
210 763 24 0 
210 744 53 0 
210 552 65 0 
210 283 89 0 
211 905 78 0 
211 883 56 0 
211 757 61 0 
211 649 91 0 
212 779 49 0 
212 595 46 0 
212 565 64 0 
212 295 50 0 
212 238 82 0 
213 933 48 0 
213 894 48 0 
213 835 77 0 
213 610 29 0 
213 574 59 0 
213 360 17 0 
213 284 34 0 
213 245 26 0 
214 966 48 0 
214 856 19 0 
214 854 72 0 
214 769 50 0 
214 624 72 0 
214 264 83 0 
215 878 74 0 
215 757 80 0 
215 756 58 0 
215 712 37 0 
215 437 64 0 
215 383 34 0 
216 994 74 0 
216 729 45 0 
216 670 71 0 
216 646 13 0 
216 593 61 0 
216 587 3 0 
216 577 49 0 
217 511 6 0 
217 425 106 0 
218 735 89 0 
218 294 66 0 
218 275 71 0 
218 242 57 0 
219 839 50 0 
219 708 65 0 
219 637 23 0 
219 482 71 0 
219 310 29 0 
219 258 31 0 
219 237 69 0 
220 692 81 0 
220 609 30 0 
220 549 3 0 
220 262 18 0 
221 854 39 0 
221 374 57 0 
221 312 35 0 
222 959 38 0 
222 870 88 0 
222 542 56 0 
222 391 50 0 
222 387 21 0 
223 948 54 0 
223 674 44 0 
223 627 85 0 
224 633 79 0 
224 512 22 0 
225 845 81 0 
225 266 95 0 
226 523 37 0 
227 502 22 0 
228 709 41 0 
228 392 67 0 
228 236 67 0 
229 484 35 0 
230 653 29 0 
230 551 12 0 
231 969 22 0 
231 636 45 0 
231 582 27 0 
231 574 32 0 
231 319 78 0 
232 980 41 0 
232 901 36 0 
232 579 46 0 
232 513 50 0 
233 961 26 0 
233 946 46 0 
233 883 14 0 
233 692 84 0 
233 497 23 0 
233 316 61 0 
234 895 89 0 
234 454 10 0 
234 262 55 0 
234 246 91 0 
235 729 36 0 
235 724 58 0 
235 695 34 0 
235 534 71 0 
235 419 35 0 
236 947 24 0 
236 933 70 0 
236 874 35 0 
236 629 43 0 
236 550 12 0 
236 267 31 0 
237 964 60 0 
237 612 19 0 
237 483 80 0 
237 429 100 0 
238 844 24 0 
238 520 62 0 
238 287 85 0 
239 742 67 0 
239 680 20 0 
239 405 9 0 
239 372 21 0 
240 550 74 0 
240 540 58 0 
240 528 14 0 
241 915 57 0 
241 876 68 0 
241 762 21 0 
241 710 76 0 
241 661 84 0 
241 646 79 0 
241 539 44 0 
242 892 15 0 
243 807 14 0 
243 318 21 0 
244 977 61 0 
244 877 82 0 
244 739 98 0 
244 734 95 0 
244 655 15 0 
244 642 91 0 
245 945 57 0 
245 887 39 0 
245 796 38 0 
245 658 64 0 
245 421 43 0 
246 562 97 0 
246 364 100 0 
246 340 68 0 
246 280 82 0 
247 803 12 0 
247 510 76 0 
247 458 42 0 
247 407 64 0 
248 587 79 0 
248 480 64 0 
248 479 13 0 
248 455 69 0 
248 400 51 0 
248 384 8 0 
249 592 24 0 
249 491 57 0 
250 902 107 0 
251 894 96 0 
252 992 27 0 
252 810 51 0 
252 683 55 0 
252 588 34 0 
252 496 38 0 
252 405 45 0 
253 699 42 0 
253 580 76 0 
254 537 40 0 
254 460 48 0 
254 426 42 0 
255 773 83 0 
255 767 62 0 
255 645 21 0 
256 935 21 0 
256 803 51 0 
256 737 42 0 
257 920 94 0 
257 708 11 0 
257 697 90 0 
257 568 111 0 
257 452 69 0 
257 320 52 0 
258 581 45 0 
258 547 47 0 
258 421 85 0 
258 343 115 0 
258 305 63 0 
259 855 96 0 
259 398 35 0 
260 979 24 0 
260 836 30 0 
260 730 40 0 
260 329 21 0 
261 619 55 0 
262 801 86 0 
262 766 50 0 
262 757 64 0 
262 723 10 0 
262 579 106 0 
263 881 96 0 
263 861 46 0 
263 797 91 0 
263 736 41 0 
263 700 80 0 
263 443 33 0 
263 353 49 0 
264 823 30 0 
264 798 28 0 
264 477 42 0 
264 456 20 0 
264 370 36 0 
265 826 35 0 
265 403 50 0 
266 829 28 0 
266 725 62 0 
266 583 83 0 
267 507 13 0 
268 910 71 0 
268 512 61 0 
268 480 62 0 
268 334 42 0 
269 740 38 0 
269 271 35 0 
270 998 57 0 
270 944 13 0 
270 846 52 0 
270 432 71 0 
270 361 13 0 
270 273 53 0 
271 379 78 0 
272 805 34 0 
272 561 61 0 
273 931 85 0 
273 870 95 0 
273 828 36 0 
273 767 34 0 
273 673 55 0 
273 598 91 0 
273 597 32 0 
273 364 87 0 
274 631 25 0 
274 422 22 0 
274 377 97 0 
276 561 40 0 
276 468 70 0 
276 318 61 0 
277 949 55 0 
277 935 95 0 
277 889 85 0 
277 859 51 0 
277 848 50 0 
277 813 88 0 
277 696 96 0 
278 533 47 0 
279 772 67 0 
280 695 32 0 
280 432 44 0 
281 909 57 0 
281 856 23 0 
281 546 46 0 
281 295 76 0 
281 289 76 0 
282 387 6 0 
283 739 102 0 
284 744 9 0 
284 428 59 0 
285 997 47 0 
285 928 30 0 
285 504 9 0 
286 914 45 0 
286 714 60 0 
286 290 86 0 
287 919 63 0 
287 838 73 0 
287 766 45 0 
287 718 45 0 
287 681 28 0 
288 947 88 0 
288 916 21 0 
288 877 78 0 
288 653 50 0 
288 493 93 0 
289 890 23 0 
289 696 39 0 
290 900 82 0 
290 866 66 0 
290 824 72 0 
290 728 86 0 
290 551 49 0 
290 487 103 0 
291 706 66 0 
291 663 25 0 
292 969 14 0 
292 804 64 0 
292 459 59 0 
292 387 31 0 
292 313 72 0 
293 964 49 0 
293 955 16 0 
293 814 47 0 
293 619 23 0 
293 377 54 0 
294 886 21 0 
294 602 12 0 
294 503 72 0 
294 418 71 0 
294 402 66 0 
295 762 23 0 
295 579 78 0 
296 389 19 0 
296 382 17 0 
296 318 34 0 
298 994 74 0 
298 815 26 0 
298 602 27 0 
298 572 14 0 
299 915 51 0 
299 833 47 0 
299 513 59 0 
299 465 95 0 
299 362 50 0 
299 319 81 0 
300 696 64 0 
300 632 27 0 
300 426 71 0 
301 810 39 0 
301 635 42 0 
301 597 77 0 
302 765 22 0 
302 595 14 0 
302 490 68 0 
302 434 19 0 
302 337 79 0 
303 980 86 0 
303 887 59 0 
303 813 118 0 
303 739 85 0 
303 604 105 0 
303 341 92 0 
304 642 65 0 
304 638 24 0 
305 908 75 0 
305 325 13 0 
306 854 23 0 
306 846 80 0 
306 684 68 0 
306 619 84 0 
306 372 91 0 
307 856 29 0 
307 851 96 0 
307 829 43 0 
307 780 61 0 
307 768 61 0 
308 997 71 0 
308 953 64 0 
308 855 101 0 
308 652 56 0 
308 511 78 0 
309 863 6 0 
309 808 35 0 
309 692 49 0 
309 438 43 0 
310 904 38 0 
310 869 31 0 
310 673 48 0 
310 426 101 0 
310 352 74 0 
311 718 103 0 
311 705 96 0 
311 487 74 0 
311 355 65 0 
311 341 22 0 
312 942 34 0 
312 878 50 0 
312 722 56 0 
312 597 53 0 
312 556 27 0 
313 995 74 0 
313 858 14 0 
313 378 69 0 
313 343 21 0 
314 551 25 0 
314 488 67 0 
314 400 18 0 
315 851 52 0 
315 759 51 0 
315 425 41 0 
315 419 24 0 
315 382 41 0 
316 868 68 0 
316 725 67 0 
316 703 42 0 
317 971 10 0 
317 691 72 0 
317 651 50 0 
317 553 30 0 
317 361 19 0 
318 612 44 0 
319 879 99 0 
319 873 75 0 
320 806 37 0 
320 703 34 0 
320 360 62 0 
321 843 52 0 
321 465 54 0 
322 717 49 0 
322 602 64 0 
322 557 3 0 
322 467 73 0 
323 881 61 0 
323 755 78 0 
323 598 41 0 
323 558 29 0 
323 544 38 0 
324 851 94 0 
324 813 8 0 
324 545 22 0 
325 785 59 0 
326 913 54 0 
326 519 3 0 
326 465 46 0 
327 938 43 0 
327 669 17 0 
327 538 61 0 
327 514 26 0 
327 461 64 0 
328 877 55 0 
328 743 103 0 
328 684 94 0 
328 601 36 0 
328 423 75 0 
328 333 53 0 
329 919 51 0 
329 456 38 0 
330 917 40 0 
330 854 69 0 
330 603 87 0 
330 488 58 0 
331 967 37 0 
331 942 52 0 
331 777 44 0 
331 425 74 0 
331 405 28 0 
331 379 65 0 
331 353 48 0 
332 762 68 0 
332 399 77 0 
333 939 30 0 
333 921 7 0 
333 821 41 0 
333 407 56 0 
333 352 40 0 
334 457 55 0 
335 591 60 0 
335 559 59 0 
336 786 46 0 
336 652 80 0 
336 431 11 0 
336 338 28 0 
337 908 82 0 
337 808 66 0 
337 690 80 0 
337 601 30 0 
337 559 52 0 
338 998 103 0 
338 681 26 0 
338 511 85 0 
338 507 40 0 
338 485 57 0 
338 369 69 0 
339 589 42 0 
340 996 20 0 
340 949 33 0 
340 906 88 0 
340 873 24 0 
340 835 20 0 
341 861 22 0 
341 731 51 0 
341 609 58 0 
342 782 57 0 
342 716 30 0 
344 957 70 0 
344 600 90 0 
344 511 36 0 
344 487 46 0 
344 435 56 0 
345 397 27 0 
346 923 71 0 
346 754 19 0 
346 642 39 0 
346 510 63 0 
346 486 55 0 
346 461 60 0 
347 921 25 0 
347 914 59 0 
347 874 59 0 
347 508 94 0 
348 924 5 0 
348 723 4 0 
348 650 56 0 
349 962 32 0 
349 691 10 0 
349 536 67 0 
350 976 28 0 
350 790 47 0 
350 613 66 0 
351 864 52 0 
351 641 84 0 
351 421 73 0 
352 683 84 0 
352 503 67 0 
353 975 71 0 
353 948 34 0 
353 586 29 0 
353 418 84 0 
354 796 59 0 
354 470 16 0 
355 797 64 0 
355 631 57 0 
355 630 35 0 
355 409 45 0 
355 378 55 0 
356 969 71 0 
356 895 84 0 
356 837 38 0 
357 679 61 0 
357 631 28 0 
357 503 99 0 
358 722 25 0 
360 492 47 0 
360 480 17 0 
361 809 50 0 
361 626 13 0 
361 512 35 0 
362 911 48 0 
362 854 61 0 
362 790 14 0 
362 610 49 0 
363 935 41 0 
363 685 23 0 
363 438 82 0 
364 551 68 0 
364 535 92 0 
365 952 82 0 
365 875 30 0 
366 982 32 0 
366 773 99 0 
366 679 33 0 
366 542 50 0 
366 458 22 0 
367 807 62 0 
367 783 73 0 
367 514 32 0 
369 801 42 0 
369 421 38 0 
369 409 72 0 
370 965 24 0 
370 919 72 0 
370 871 40 0 
370 848 11 0 
370 842 33 0 
370 773 40 0 
370 432 54 0 
370 396 43 0 
371 892 27 0 
371 677 65 0 
372 875 72 0 
372 814 40 0 
372 788 55 0 
372 586 54 0 
372 403 60 0 
373 558 50 0 
373 492 24 0 
373 447 30 0 
373 411 41 0 
374 691 21 0 
374 686 28 0 
374 469 19 0 
374 406 36 0 
375 710 9 0 
375 648 47 0 
375 635 54 0 
375 597 88 0 
375 488 78 0 
376 536 80 0 
377 936 60 0 
377 859 70 0 
377 816 83 0 
377 403 65 0 
378 872 84 0 
378 771 56 0 
378 586 17 0 
378 544 51 0 
378 409 54 0 
380 866 42 0 
380 829 88 0 
380 683 85 0 
380 633 45 0 
380 485 56 0 
381 766 67 0 
381 673 51 0 
383 964 52 0 
383 578 49 0 
383 477 37 0 
384 781 71 0 
385 692 47 0 
386 865 75 0 
386 659 9 0 
387 937 38 0 
387 755 91 0 
387 597 68 0 
387 563 50 0 
387 514 80 0 
387 408 52 0 
388 700 38 0 
388 665 48 0 
389 876 66 0 
389 677 73 0 
389 665 15 0 
389 459 51 0 
390 559 64 0 
390 404 33 0 
391 962 72 0 
392 652 95 0 
392 506 9 0 
392 494 64 0 
393 991 69 0 
393 790 63 0 
394 516 62 0 
395 911 30 0 
395 833 43 0 
395 717 29 0 
395 505 11 0 
396 810 28 0 
396 759 16 0 
396 692 21 0 
396 584 29 0 
396 561 75 0 
396 486 14 0 
398 635 39 0 
398 468 42 0 
398 445 41 0 
399 956 20 0 
399 837 40 0 
399 552 45 0 
399 483 66 0 
400 710 28 0 
401 951 27 0 
401 531 54 0 
402 926 32 0 
402 848 58 0 
402 717 47 0 
402 579 91 0 
402 421 14 0 
403 726 26 0 
403 533 42 0 
403 531 43 0 
403 448 47 0 
404 677 34 0 
405 639 58 0 
406 773 67 0 
406 691 57 0 
406 538 72 0 
406 516 38 0 
407 756 62 0 
407 582 2 0 
407 558 69 0 
408 896 48 0 
408 677 39 0 
408 517 36 0 
409 833 73 0 
409 461 46 0 
411 884 99 0 
411 738 81 0 
411 552 84 0 
412 846 23 0 
412 824 20 0 
412 665 51 0 
413 463 36 0 
414 985 72 0 
414 681 56 0 
414 680 53 0 
415 982 60 0 
415 846 72 0 
415 512 103 0 
416 915 124 0 
416 863 54 0 
416 813 82 0 
416 766 76 0 
417 940 88 0 
417 921 70 0 
417 920 68 0 
417 600 17 0 
417 526 18 0 
418 611 58 0 
418 568 17 0 
419 782 43 0 
420 831 47 0 
420 734 104 0 
420 690 101 0 
421 886 45 0 
421 754 36 0 
421 441 61 0 
422 843 71 0 
422 736 16 0 
422 542 56 0 
423 837 35 0 
423 770 56 0 
423 532 69 0 
423 495 102 0 
423 487 81 0 
424 602 19 0 
424 600 50 0 
424 595 32 0 
425 866 48 0 
425 557 4 0 
425 469 101 0 
426 808 70 0 
426 727 50 0 
426 453 60 0 
427 890 93 0 
427 711 36 0 
427 710 91 0 
428 966 52 0 
428 895 73 0 
428 827 28 0 
429 442 20 0 
430 750 62 0 
430 523 49 0 
431 938 38 0 
431 914 83 0 
431 859 52 0 
431 740 73 0 
432 767 84 0 
432 659 89 0 
432 640 74 0 
432 495 100 0 
432 466 75 0 
433 935 54 0 
433 828 28 0 
434 842 38 0 
435 788 46 0 
436 756 72 0 
436 559 65 0 
437 796 53 0 
437 611 24 0 
437 493 74 0 
438 834 32 0 
439 839 78 0 
439 727 50 0 
439 697 85 0 
439 679 10 0 
440 797 92 0 
441 836 46 0 
441 554 80 0 
441 448 70 0 
441 447 80 0 
442 750 88 0 
443 920 47 0 
444 932 25 0 
444 504 42 0 
445 884 76 0 
445 606 72 0 
445 495 75 0 
445 448 23 0 
446 877 36 0 
446 761 25 0 
447 820 58 0 
448 996 17 0 
448 974 9 0 
448 699 34 0 
448 633 58 0 
449 990 73 0 
449 701 66 0 
449 493 44 0 
449 484 44 0 
450 749 77 0 
450 688 98 0 
451 910 31 0 
451 719 71 0 
451 561 44 0 
452 914 65 0 
452 793 27 0 
452 672 34 0 
452 585 63 0 
453 963 48 0 
453 959 32 0 
453 943 51 0 
453 706 51 0 
453 654 25 0 
453 628 27 0 
453 587 48 0 
454 957 38 0 
454 804 94 0 
455 931 73 0 
455 918 30 0 
455 805 66 0 
455 771 24 0 
455 549 96 0 
455 541 43 0 
457 925 70 0 
457 735 96 0 
458 770 50 0 
458 708 52 0 
459 986 75 0 
459 742 27 0 
459 545 66 0 
459 540 51 0 
460 976 30 0 
460 706 60 0 
460 604 71 0 
461 838 49 0 
461 803 63 0 
461 759 52 0 
461 632 51 0 
462 774 34 0 
463 507 86 0 
464 794 50 0 
464 563 33 0 
464 477 21 0 
465 970 73 0 
465 652 67 0 
465 548 30 0 
465 522 74 0 
466 923 18 0 
466 683 63 0 
466 506 81 0 
467 726 10 0 
467 577 14 0 
468 995 66 0 
468 729 54 0 
468 681 60 0 
468 654 57 0 
468 626 33 0 
468 521 68 0 
469 786 48 0 
470 588 23 0 
470 541 43 0 
471 551 34 0 
473 772 16 0 
473 655 4 0 
474 746 70 0 
476 510 75 0 
477 600 44 0 
477 497 36 0 
478 864 27 0 
478 774 33 0 
478 670 20 0 
478 511 63 0 
478 510 30 0 
479 832 19 0 
479 714 74 0 
479 537 31 0 
479 534 57 0 
479 523 55 0 
480 961 85 0 
481 778 40 0 
482 858 16 0 
482 731 44 0 
482 585 24 0 
483 866 45 0 
483 817 99 0 
483 624 80 0 
484 902 43 0 
484 777 78 0 
484 669 24 0 
484 566 19 0 
485 946 58 0 
485 920 47 0 
485 887 43 0 
486 978 63 0 
487 794 8 0 
487 753 15 0 
487 682 68 0 
487 600 70 0 
488 795 11 0 
488 524 54 0 
489 958 18 0 
489 902 52 0 
489 704 21 0 
489 610 58 0 
490 577 36 0 
490 550 71 0 
491 665 59 0 
492 945 60 0 
492 902 42 0 
492 722 54 0 
492 598 46 0 
492 505 48 0 
493 770 71 0 
493 645 3 0 
493 612 73 0 
494 976 48 0 
494 687 70 0 
494 548 24 0 
495 925 39 0 
495 683 68 0 
495 585 79 0 
496 810 89 0 
496 589 89 0 
496 517 27 0 
496 498 56 0 
497 952 36 0 
497 935 40 0 
497 901 32 0 
498 934 29 0 
499 768 13 0 
499 713 38 0 
499 568 78 0 
500 901 54 0 
500 643 55 0 
500 565 93 0 
501 641 89 0 
501 575 37 0 
502 967 54 0 
503 754 43 0 
505 764 30 0 
506 937 59 0 
506 508 24 0 
507 553 48 0 
507 545 82 0 
508 934 81 0 
508 849 42 0 
508 757 84 0 
509 973 23 0 
509 596 31 0 
509 554 55 0 
512 900 17 0 
512 751 43 0 
512 574 80 0 
513 942 40 0 
513 906 83 0 
514 963 41 0 
514 882 43 0 
514 738 51 0 
514 733 85 0 
515 771 38 0 
516 771 12 0 
516 673 9 0 
517 543 33 0 
518 816 56 0 
518 750 57 0 
518 748 43 0 
518 733 33 0 
519 961 47 0 
519 601 10 0 
519 581 11 0 
520 956 44 0 
520 905 23 0 
520 661 63 0 
521 635 24 0 
521 528 17 0 
522 898 8 0 
522 603 84 0 
522 535 86 0 
523 773 47 0 
523 771 12 0 
524 682 62 0 
525 998 111 0 
525 989 25 0 
525 540 93 0 
526 827 6 0 
526 584 84 0 
527 811 76 0 
527 731 58 0 
528 985 27 0 
528 926 28 0 
528 789 30 0 
529 900 97 0 
529 899 119 0 
529 604 32 0 
529 547 69 0 
530 860 77 0 
530 763 88 0 
530 654 66 0 
531 646 49 0 
532 538 37 0 
533 932 92 0 
533 595 58 0 
533 552 25 0 
534 894 9 0 
534 642 70 0 
535 785 27 0 
535 657 81 0 
535 596 16 0 
536 961 42 0 
537 771 56 0 
539 857 52 0 
539 547 14 0 
540 912 71 0 
541 716 76 0 
542 922 31 0 
542 828 41 0 
543 620 64 0 
543 619 47 0 
544 761 32 0 
544 685 44 0 
544 598 39 0 
545 772 29 0 
545 722 87 0 
546 567 72 0 
547 976 29 0 
547 805 35 0 
547 629 56 0 
548 908 76 0 
548 625 58 0 
549 793 21 0 
551 826 7 0 
551 674 8 0 
551 622 26 0 
551 594 35 0 
553 996 42 0 
554 741 39 0 
554 738 43 0 
554 717 76 0 
554 638 57 0 
554 565 65 0 
556 909 25 0 
556 624 16 0 
556 557 67 0 
557 749 39 0 
559 893 40 0 
560 804 6 0 
560 697 4 0 
561 925 71 0 
562 866 49 0 
563 678 78 0 
564 909 20 0 
564 723 51 0 
565 913 81 0 
565 720 40 0 
565 675 16 0 
565 580 70 0 
566 979 44 0 
566 901 18 0 
566 755 96 0 
567 884 7 0 
567 852 51 0 
567 739 63 0 
568 995 76 0 
568 976 24 0 
568 949 88 0 
568 860 103 0 
568 686 57 0 
569 791 56 0 
569 735 62 0 
569 727 52 0 
570 897 20 0 
570 852 10 0 
570 846 23 0 
570 844 38 0 
570 805 54 0 
570 741 53 0 
570 635 63 0 
570 604 77 0 
571 905 69 0 
571 785 65 0 
571 726 28 0 
572 698 45 0 
572 697 49 0 
573 856 36 0 
573 835 58 0 
574 735 55 0 
575 934 57 0 
576 873 88 0 
576 624 40 0 
576 620 118 0 
577 987 49 0 
577 781 42 0 
578 635 30 0 
578 595 76 0 
579 968 86 0 
579 740 17 0 
581 963 67 0 
581 705 42 0 
581 591 25 0 
582 782 43 0 
582 771 63 0 
582 616 32 0 
583 753 25 0 
583 689 46 0 
584 962 28 0 
584 952 62 0 
584 671 94 0 
585 863 28 0 
585 643 45 0 
586 626 41 0 
587 838 17 0 
587 806 91 0 
587 642 90 0 
588 943 71 0 
588 755 74 0 
588 741 35 0 
589 866 71 0 
589 693 83 0 
590 918 55 0 
591 974 51 0 
592 668 26 0 
592 667 62 0 
593 980 33 0 
594 959 38 0 
594 916 49 0 
595 863 29 0 
596 921 31 0 
596 682 51 0 
596 608 38 0 
597 988 67 0 
598 965 60 0 
598 808 36 0 
599 696 77 0 
599 679 56 0 
600 885 27 0 
600 788 14 0 
601 953 35 0 
601 927 61 0 
601 865 64 0 
601 821 35 0 
601 756 26 0 
601 701 41 0 
601 670 53 0 
601 636 14 0 
601 613 55 0 
602 982 46 0 
603 989 69 0 
604 949 39 0 
604 829 46 0 
604 615 77 0 
605 759 23 0 
606 880 20 0 
606 790 55 0 
607 831 74 0 
609 962 75 0 
609 810 83 0 
609 713 48 0 
611 700 69 0 
611 698 74 0 
612 665 73 0 
613 946 52 0 
613 774 58 0 
613 623 28 0 
614 856 45 0 
614 629 77 0 
616 623 44 0 
617 778 47 0 
617 701 64 0 
618 727 51 0 
618 674 12 0 
619 983 71 0 
620 909 60 0 
620 890 97 0 
620 870 16 0 
620 758 101 0 
621 758 57 0 
621 700 77 0 
621 677 11 0 
621 667 9 0 
622 991 8 0 
622 983 71 0 
622 841 38 0 
622 724 6 0 
623 796 73 0 
623 757 89 0 
623 690 73 0 
623 664 15 0 
624 996 67 0 
624 971 8 0 
624 739 73 0 
625 918 65 0 
627 968 59 0 
627 901 53 0 
628 975 59 0 
628 947 37 0 
628 935 65 0 
628 886 38 0 
628 801 56 0 
629 973 50 0 
629 868 71 0 
631 684 80 0 
632 879 88 0 
632 829 68 0 
632 828 22 0 
633 882 87 0 
633 825 43 0 
635 990 30 0 
636 983 38 0 
636 938 15 0 
637 884 54 0 
637 691 36 0 
638 928 11 0 
638 778 31 0 
639 885 15 0 
639 795 39 0 
639 734 48 0 
639 707 31 0 
640 901 69 0 
640 812 72 0 
640 784 60 0 
640 743 123 0 
641 818 75 0 
641 768 55 0 
642 942 43 0 
643 982 51 0 
643 859 26 0 
643 815 14 0 
643 663 31 0 
645 737 33 0 
645 657 32 0 
646 746 58 0 
646 658 17 0 
647 942 7 0 
647 915 38 0 
648 996 25 0 
648 763 37 0 
649 954 54 0 
650 720 40 0 
650 673 18 0 
653 972 40 0 
653 933 16 0 
653 791 21 0 
654 825 63 0 
654 707 21 0 
655 874 57 0 
656 917 31 0 
657 979 21 0 
657 955 62 0 
657 854 52 0 
657 706 50 0 
658 744 27 0 
660 961 86 0 
660 782 39 0 
660 688 88 0 
661 912 72 0 
661 827 76 0 
661 732 106 0 
662 869 30 0 
662 851 36 0 
662 758 41 0 
663 824 30 0 
663 690 60 0 
664 846 39 0 
665 953 88 0 
665 923 69 0 
665 888 25 0 
665 846 43 0 
665 733 85 0 
667 777 48 0 
669 960 30 0 
670 955 21 0 
670 741 66 0 
671 944 72 0 
671 833 63 0 
672 895 42 0 
672 683 6 0 
673 675 32 0 
674 964 24 0 
675 919 35 0 
675 797 91 0 
675 749 51 0 
676 747 39 0 
676 714 25 0 
679 990 15 0 
679 869 40 0 
679 812 50 0 
679 805 29 0 
680 787 61 0 
680 749 12 0 
681 781 73 0 
681 718 56 0 
682 997 49 0 
682 825 38 0 
682 805 36 0 
682 689 13 0 
683 902 81 0 
684 908 24 0 
685 890 70 0 
686 899 90 0 
686 735 63 0 
687 975 84 0 
687 757 103 0 
688 877 39 0 
688 784 59 0 
690 982 76 0 
690 814 89 0 
690 775 104 0 
691 892 19 0 
691 790 33 0 
691 701 11 0 
692 739 97 0 
692 694 74 0 
693 878 93 0 
693 743 34 0 
694 864 65 0 
694 752 43 0 
695 984 53 0 
696 787 48 0 
697 870 93 0 
699 996 27 0 
701 887 64 0 
701 755 105 0 
701 741 27 0 
702 731 50 0 
702 726 42 0 
703 949 38 0 
703 794 48 0 
704 805 15 0 
705 854 71 0 
706 967 60 0 
707 859 42 0 
707 753 71 0 
709 924 34 0 
709 747 21 0 
710 768 43 0 
711 745 40 0 
712 827 25 0 
713 845 13 0 
714 778 46 0 
715 999 33 0 
715 869 12 0 
716 858 97 0 
716 720 51 0 
717 909 22 0 
719 922 42 0 
719 917 42 0 
719 915 103 0 
720 971 24 0 
721 908 1 0 
721 791 84 0 
722 751 57 0 
723 867 59 0 
724 933 48 0 
724 877 49 0 
724 848 10 0 
725 986 84 0 
725 845 5 0 
727 866 40 0 
728 963 50 0 
729 910 68 0 
729 903 48 0 
729 864 67 0 
729 760 57 0 
729 744 18 0 
730 799 41 0 
731 964 46 0 
732 960 52 0 
732 782 64 0 
733 925 36 0 
733 862 15 0 
735 841 49 0 
737 951 30 0 
737 898 27 0 
737 833 69 0 
737 829 34 0 
738 920 99 0 
739 815 51 0 
739 787 76 0 
740 947 74 0 
740 825 93 0 
740 790 81 0 
741 896 45 0 
741 835 37 0 
742 773 58 0 
743 822 63 0 
743 745 61 0 
744 899 75 0 
745 826 13 0 
749 807 19 0 
750 945 79 0 
750 854 63 0 
750 806 57 0 
751 916 51 0 
752 843 92 0 
754 819 15 0 
755 929 127 0 
755 908 31 0 
756 944 25 0 
757 946 55 0 
757 888 70 0 
758 888 78 0 
758 840 32 0 
758 799 78 0 
759 775 27 0 
760 978 123 0 
760 864 121 0 
761 936 18 0 
761 808 57 0 
764 930 74 0 
765 915 45 0 
765 850 37 0 
768 877 56 0 
769 892 8 0 
769 868 32 0 
769 859 43 0 
769 813 34 0 
770 919 85 0 
770 890 51 0 
772 950 68 0 
773 891 101 0 
774 797 80 0 
774 792 80 0 
775 911 48 0 
775 896 48 0 
776 803 21 0 
777 832 74 0 
778 819 50 0 
782 889 59 0 
783 987 56 0 
784 859 24 0 
785 874 68 0 
785 864 12 0 
785 797 79 0 
786 805 7 0 
789 872 52 0 
789 828 34 0 
791 887 25 0 
792 951 46 0 
793 961 19 0 
793 914 83 0 
794 990 71 0 
794 913 76 0 
796 825 87 0 
798 954 84 0 
799 991 80 0 
799 866 73 0 
799 845 87 0 
800 976 23 0 
801 988 62 0 
802 926 93 0 
802 883 71 0 
802 867 61 0 
804 928 42 0 
805 993 70 0 
806 971 75 0 
808 989 86 0 
808 824 32 0 
809 888 90 0 
810 899 67 0 
812 840 19 0 
813 874 45 0 
814 947 36 0 
814 818 63 0 
815 865 60 0 
817 847 65 0 
821 867 100 0 
822 866 37 0 
825 979 71 0 
826 995 44 0 
826 870 78 0 
828 971 40 0 
828 865 70 0 
829 855 57 0 
830 884 67 0 
831 851 89 0 
832 883 25 0 
833 839 56 0 
834 960 37 0 
835 917 34 0 
836 975 67 0 
837 858 62 0 
838 918 78 0 
839 877 35 0 
840 981 57 0 
840 864 30 0 
841 975 99 0 
843 872 52 0 
844 885 24 0 
846 884 44 0 
847 873 63 0 
849 915 50 0 
851 982 72 0 
852 923 85 0 
854 955 48 0 
855 980 63 0 
855 875 82 0 
859 895 57 0 
861 972 41 0 
863 945 46 0 
864 958 97 0 
864 954 92 0 
864 870 67 0 
867 931 34 0 
867 912 58 0 
873 991 79 0 
878 979 52 0 
878 968 45 0 
878 944 88 0 
884 926 68 0 
887 934 43 0 
887 917 41 0 
888 939 62 0 
889 964 68 0 
890 993 21 0 
892 950 70 0 
896 991 61 0 
897 934 59 0 
899 968 68 0 
903 990 62 0 
904 933 20 0 
905 969 50 0 
907 966 26 0 
912 937 22 0 
912 922 52 0 
913 956 57 0 
914 960 59 0 
917 959 25 0 
918 945 81 0 
919 958 31 0 
924 931 43 0 
929 984 108 0 
941 962 81 0 
944 963 50 0 
960 966 10 0 
965 989 47 0 
983 998 115 0 
990 999 34 0 
990 995 45 0 
991 996 58 0 
