#GRAPH (#nodes #edges id uu vv ww xx yy zz):
#1000 5142 geo(0,{1000,100,3,0.005,0.000,0.000}) 100 
#
VERTICES (index name u v w x y z):
0 0 16 12 
1 1 61 19 
2 2 99 17 
3 3 71 88 
4 4 22 96 
5 5 27 34 
6 6 91 62 
7 7 88 70 
8 8 67 61 
9 9 69 6 
10 10 62 86 
11 11 40 83 
12 12 59 52 
13 13 1 8 
14 14 53 93 
15 15 98 39 
16 16 32 39 
17 17 54 25 
18 18 2 20 
19 19 65 93 
20 20 64 55 
21 21 58 33 
22 22 51 6 
23 23 91 76 
24 24 79 14 
25 25 65 62 
26 26 65 74 
27 27 18 26 
28 28 94 43 
29 29 45 77 
30 30 98 3 
31 31 71 44 
32 32 62 76 
33 33 80 39 
34 34 87 0 
35 35 29 89 
36 36 26 79 
37 37 58 78 
38 38 15 33 
39 39 32 51 
40 40 55 42 
41 41 60 74 
42 42 11 63 
43 43 72 90 
44 44 97 17 
45 45 1 45 
46 46 81 89 
47 47 85 55 
48 48 96 84 
49 49 71 55 
50 50 51 8 
51 51 45 59 
52 52 48 27 
53 53 82 35 
54 54 67 90 
55 55 90 37 
56 56 72 5 
57 57 53 32 
58 58 12 23 
59 59 70 3 
60 60 37 67 
61 61 35 84 
62 62 25 71 
63 63 69 54 
64 64 46 46 
65 65 81 65 
66 66 77 72 
67 67 41 38 
68 68 62 62 
69 69 60 56 
70 70 55 49 
71 71 40 3 
72 72 51 73 
73 73 21 59 
74 74 11 32 
75 75 5 4 
76 76 80 69 
77 77 52 15 
78 78 22 31 
79 79 49 70 
80 80 12 97 
81 81 3 64 
82 82 35 48 
83 83 77 98 
84 84 94 90 
85 85 60 70 
86 86 26 1 
87 87 50 40 
88 88 52 2 
89 89 3 84 
90 90 34 62 
91 91 35 93 
92 92 6 73 
93 93 71 57 
94 94 98 46 
95 95 66 96 
96 96 46 22 
97 97 69 44 
98 98 94 53 
99 99 19 71 
100 100 43 17 
101 101 92 86 
102 102 71 58 
103 103 67 53 
104 104 88 56 
105 105 42 20 
106 106 74 95 
107 107 72 66 
108 108 16 86 
109 109 35 11 
110 110 55 87 
111 111 84 80 
112 112 78 52 
113 113 15 25 
114 114 61 95 
115 115 37 27 
116 116 29 44 
117 117 73 2 
118 118 57 34 
119 119 72 26 
120 120 17 64 
121 121 68 19 
122 122 38 87 
123 123 36 55 
124 124 7 91 
125 125 31 37 
126 126 32 79 
127 127 85 87 
128 128 34 21 
129 129 3 63 
130 130 82 1 
131 131 69 28 
132 132 56 7 
133 133 89 27 
134 134 8 27 
135 135 8 91 
136 136 15 78 
137 137 13 57 
138 138 69 88 
139 139 34 56 
140 140 83 71 
141 141 31 56 
142 142 76 66 
143 143 32 60 
144 144 0 35 
145 145 79 47 
146 146 14 96 
147 147 72 40 
148 148 89 95 
149 149 5 64 
150 150 32 54 
151 151 81 56 
152 152 81 37 
153 153 66 50 
154 154 27 6 
155 155 38 42 
156 156 81 9 
157 157 39 37 
158 158 20 76 
159 159 54 77 
160 160 75 21 
161 161 62 22 
162 162 55 82 
163 163 22 51 
164 164 10 42 
165 165 19 82 
166 166 0 79 
167 167 49 40 
168 168 88 94 
169 169 24 45 
170 170 29 93 
171 171 74 27 
172 172 80 16 
173 173 13 17 
174 174 27 50 
175 175 9 85 
176 176 99 19 
177 177 4 73 
178 178 44 51 
179 179 94 66 
180 180 52 11 
181 181 0 81 
182 182 60 93 
183 183 83 30 
184 184 33 65 
185 185 19 97 
186 186 69 22 
187 187 31 52 
188 188 44 86 
189 189 8 59 
190 190 58 30 
191 191 10 63 
192 192 50 46 
193 193 46 93 
194 194 59 99 
195 195 76 22 
196 196 66 23 
197 197 55 80 
198 198 46 71 
199 199 77 76 
200 200 31 68 
201 201 25 42 
202 202 19 67 
203 203 90 61 
204 204 41 36 
205 205 78 17 
206 206 2 86 
207 207 60 23 
208 208 31 65 
209 209 46 90 
210 210 83 16 
211 211 43 34 
212 212 34 7 
213 213 73 15 
214 214 14 32 
215 215 29 91 
216 216 80 8 
217 217 21 25 
218 218 12 14 
219 219 99 77 
220 220 50 95 
221 221 47 93 
222 222 47 65 
223 223 22 85 
224 224 11 10 
225 225 97 64 
226 226 38 60 
227 227 57 95 
228 228 77 7 
229 229 56 75 
230 230 52 84 
231 231 1 29 
232 232 1 99 
233 233 63 57 
234 234 14 22 
235 235 87 17 
236 236 48 16 
237 237 99 22 
238 238 11 92 
239 239 80 36 
240 240 91 66 
241 241 34 44 
242 242 63 6 
243 243 8 12 
244 244 83 79 
245 245 54 45 
246 246 72 38 
247 247 36 14 
248 248 65 78 
249 249 39 9 
250 250 53 99 
251 251 2 46 
252 252 64 7 
253 253 29 70 
254 254 17 71 
255 255 5 82 
256 256 97 77 
257 257 38 14 
258 258 69 36 
259 259 94 25 
260 260 76 32 
261 261 64 74 
262 262 85 80 
263 263 4 82 
264 264 49 17 
265 265 27 80 
266 266 80 43 
267 267 38 43 
268 268 58 27 
269 269 85 38 
270 270 15 13 
271 271 35 24 
272 272 71 79 
273 273 41 88 
274 274 61 14 
275 275 15 30 
276 276 95 31 
277 277 12 85 
278 278 46 48 
279 279 56 55 
280 280 7 25 
281 281 91 79 
282 282 38 78 
283 283 26 80 
284 284 69 50 
285 285 28 41 
286 286 98 82 
287 287 91 85 
288 288 55 36 
289 289 67 20 
290 290 96 66 
291 291 82 96 
292 292 14 74 
293 293 92 19 
294 294 99 58 
295 295 93 67 
296 296 8 1 
297 297 75 94 
298 298 61 84 
299 299 86 83 
300 300 66 69 
301 301 46 32 
302 302 29 12 
303 303 99 87 
304 304 28 27 
305 305 45 96 
306 306 73 79 
307 307 95 97 
308 308 67 73 
309 309 13 51 
310 310 30 1 
311 311 66 82 
312 312 27 38 
313 313 67 47 
314 314 34 40 
315 315 74 22 
316 316 92 72 
317 317 83 53 
318 318 6 59 
319 319 83 29 
320 320 13 96 
321 321 85 77 
322 322 11 97 
323 323 16 9 
324 324 58 17 
325 325 69 68 
326 326 34 4 
327 327 40 29 
328 328 14 58 
329 329 13 9 
330 330 16 33 
331 331 36 70 
332 332 93 97 
333 333 82 91 
334 334 75 26 
335 335 46 75 
336 336 91 5 
337 337 47 98 
338 338 47 47 
339 339 34 49 
340 340 9 1 
341 341 54 16 
342 342 20 16 
343 343 30 30 
344 344 52 17 
345 345 51 40 
346 346 82 8 
347 347 4 32 
348 348 2 67 
349 349 42 33 
350 350 52 66 
351 351 38 33 
352 352 86 58 
353 353 50 76 
354 354 23 24 
355 355 7 14 
356 356 26 21 
357 357 62 77 
358 358 31 14 
359 359 51 53 
360 360 23 6 
361 361 44 34 
362 362 93 71 
363 363 78 69 
364 364 15 15 
365 365 46 64 
366 366 74 87 
367 367 60 8 
368 368 60 61 
369 369 23 41 
370 370 0 85 
371 371 61 61 
372 372 5 76 
373 373 21 67 
374 374 42 47 
375 375 19 88 
376 376 34 39 
377 377 18 56 
378 378 90 42 
379 379 5 70 
380 380 70 91 
381 381 94 10 
382 382 40 97 
383 383 47 26 
384 384 46 6 
385 385 96 24 
386 386 58 70 
387 387 52 50 
388 388 46 10 
389 389 77 64 
390 390 32 41 
391 391 74 52 
392 392 2 49 
393 393 8 19 
394 394 75 72 
395 395 53 53 
396 396 16 93 
397 397 57 99 
398 398 48 22 
399 399 30 91 
400 400 73 16 
401 401 92 36 
402 402 3 85 
403 403 95 63 
404 404 61 97 
405 405 4 55 
406 406 12 36 
407 407 55 55 
408 408 93 78 
409 409 84 1 
410 410 37 87 
411 411 26 74 
412 412 83 4 
413 413 51 23 
414 414 34 48 
415 415 57 79 
416 416 90 9 
417 417 86 99 
418 418 8 29 
419 419 83 51 
420 420 81 68 
421 421 96 4 
422 422 62 50 
423 423 0 72 
424 424 23 92 
425 425 21 83 
426 426 36 4 
427 427 68 68 
428 428 78 81 
429 429 33 93 
430 430 17 51 
431 431 68 88 
432 432 71 19 
433 433 10 3 
434 434 1 44 
435 435 70 13 
436 436 26 13 
437 437 34 76 
438 438 13 62 
439 439 29 0 
440 440 87 30 
441 441 70 38 
442 442 95 26 
443 443 44 31 
444 444 52 23 
445 445 93 45 
446 446 90 22 
447 447 14 24 
448 448 93 29 
449 449 30 98 
450 450 9 21 
451 451 75 99 
452 452 84 52 
453 453 26 67 
454 454 32 64 
455 455 65 55 
456 456 47 85 
457 457 84 38 
458 458 9 7 
459 459 2 72 
460 460 11 81 
461 461 68 50 
462 462 11 50 
463 463 17 70 
464 464 99 84 
465 465 38 93 
466 466 25 47 
467 467 78 73 
468 468 32 20 
469 469 36 73 
470 470 91 27 
471 471 63 87 
472 472 8 47 
473 473 2 55 
474 474 59 43 
475 475 4 5 
476 476 93 7 
477 477 38 20 
478 478 85 82 
479 479 22 14 
480 480 98 50 
481 481 2 70 
482 482 83 65 
483 483 16 65 
484 484 63 46 
485 485 43 83 
486 486 63 71 
487 487 68 36 
488 488 36 23 
489 489 60 37 
490 490 36 41 
491 491 77 18 
492 492 2 5 
493 493 99 33 
494 494 50 80 
495 495 36 77 
496 496 8 75 
497 497 28 3 
498 498 2 65 
499 499 37 32 
500 500 63 75 
501 501 35 23 
502 502 77 4 
503 503 86 33 
504 504 42 92 
505 505 45 98 
506 506 37 3 
507 507 60 9 
508 508 93 36 
509 509 35 91 
510 510 33 43 
511 511 10 18 
512 512 40 84 
513 513 56 81 
514 514 28 89 
515 515 69 53 
516 516 78 41 
517 517 85 72 
518 518 25 43 
519 519 62 60 
520 520 47 15 
521 521 77 20 
522 522 79 53 
523 523 65 68 
524 524 17 85 
525 525 17 46 
526 526 82 2 
527 527 94 26 
528 528 83 99 
529 529 96 14 
530 530 52 49 
531 531 43 39 
532 532 51 64 
533 533 46 55 
534 534 58 60 
535 535 86 55 
536 536 55 56 
537 537 83 83 
538 538 38 37 
539 539 92 84 
540 540 27 11 
541 541 0 37 
542 542 90 51 
543 543 6 62 
544 544 95 21 
545 545 57 31 
546 546 89 16 
547 547 98 55 
548 548 25 89 
549 549 8 15 
550 550 55 98 
551 551 7 82 
552 552 21 52 
553 553 84 24 
554 554 58 28 
555 555 32 67 
556 556 37 54 
557 557 58 79 
558 558 19 79 
559 559 17 22 
560 560 95 90 
561 561 93 98 
562 562 13 19 
563 563 78 83 
564 564 25 30 
565 565 18 18 
566 566 68 55 
567 567 67 29 
568 568 77 46 
569 569 91 12 
570 570 14 29 
571 571 69 56 
572 572 6 10 
573 573 60 76 
574 574 25 93 
575 575 54 10 
576 576 25 84 
577 577 24 33 
578 578 82 81 
579 579 61 36 
580 580 80 99 
581 581 7 60 
582 582 92 91 
583 583 25 79 
584 584 56 70 
585 585 78 80 
586 586 92 10 
587 587 9 45 
588 588 21 23 
589 589 58 36 
590 590 70 51 
591 591 63 70 
592 592 96 33 
593 593 8 25 
594 594 62 15 
595 595 54 40 
596 596 23 47 
597 597 92 63 
598 598 98 99 
599 599 39 76 
600 600 94 27 
601 601 84 60 
602 602 94 55 
603 603 25 32 
604 604 86 11 
605 605 42 10 
606 606 84 8 
607 607 43 68 
608 608 90 84 
609 609 17 11 
610 610 37 7 
611 611 19 32 
612 612 4 99 
613 613 46 13 
614 614 39 72 
615 615 45 53 
616 616 93 12 
617 617 57 23 
618 618 43 29 
619 619 54 66 
620 620 60 72 
621 621 88 80 
622 622 15 12 
623 623 26 68 
624 624 92 35 
625 625 93 89 
626 626 95 68 
627 627 33 15 
628 628 82 63 
629 629 32 94 
630 630 80 82 
631 631 42 44 
632 632 66 39 
633 633 84 27 
634 634 50 26 
635 635 83 49 
636 636 8 5 
637 637 47 19 
638 638 29 79 
639 639 26 90 
640 640 76 61 
641 641 74 46 
642 642 29 33 
643 643 93 46 
644 644 23 40 
645 645 82 4 
646 646 63 60 
647 647 18 20 
648 648 83 14 
649 649 39 84 
650 650 28 53 
651 651 99 99 
652 652 89 2 
653 653 88 88 
654 654 77 43 
655 655 99 20 
656 656 54 31 
657 657 80 89 
658 658 83 67 
659 659 77 12 
660 660 77 56 
661 661 55 88 
662 662 38 96 
663 663 79 79 
664 664 27 94 
665 665 34 37 
666 666 95 8 
667 667 76 59 
668 668 49 99 
669 669 14 89 
670 670 98 86 
671 671 49 27 
672 672 42 27 
673 673 12 21 
674 674 8 22 
675 675 72 96 
676 676 67 81 
677 677 86 24 
678 678 14 45 
679 679 53 3 
680 680 1 32 
681 681 60 4 
682 682 52 25 
683 683 15 31 
684 684 8 62 
685 685 6 17 
686 686 12 80 
687 687 34 18 
688 688 61 13 
689 689 88 91 
690 690 38 44 
691 691 19 22 
692 692 71 24 
693 693 37 6 
694 694 0 94 
695 695 83 15 
696 696 6 60 
697 697 44 75 
698 698 62 4 
699 699 13 79 
700 700 72 4 
701 701 19 96 
702 702 26 52 
703 703 34 96 
704 704 93 58 
705 705 72 34 
706 706 2 11 
707 707 24 18 
708 708 38 57 
709 709 7 4 
710 710 9 93 
711 711 72 63 
712 712 5 66 
713 713 67 18 
714 714 62 57 
715 715 58 43 
716 716 8 74 
717 717 2 89 
718 718 1 97 
719 719 41 51 
720 720 55 50 
721 721 8 67 
722 722 8 71 
723 723 96 49 
724 724 77 38 
725 725 22 24 
726 726 16 18 
727 727 95 38 
728 728 6 28 
729 729 66 29 
730 730 34 60 
731 731 86 52 
732 732 66 55 
733 733 78 86 
734 734 56 12 
735 735 50 34 
736 736 30 99 
737 737 1 88 
738 738 94 6 
739 739 30 64 
740 740 72 60 
741 741 48 50 
742 742 3 53 
743 743 52 83 
744 744 27 69 
745 745 48 45 
746 746 43 38 
747 747 81 14 
748 748 73 36 
749 749 22 99 
750 750 2 14 
751 751 65 43 
752 752 92 60 
753 753 81 80 
754 754 95 76 
755 755 8 81 
756 756 32 43 
757 757 6 11 
758 758 3 60 
759 759 27 78 
760 760 22 50 
761 761 53 52 
762 762 59 56 
763 763 84 54 
764 764 96 54 
765 765 65 58 
766 766 92 75 
767 767 87 71 
768 768 97 15 
769 769 83 96 
770 770 20 26 
771 771 75 25 
772 772 64 99 
773 773 61 39 
774 774 30 94 
775 775 37 48 
776 776 13 67 
777 777 70 26 
778 778 56 99 
779 779 91 73 
780 780 45 18 
781 781 50 5 
782 782 5 89 
783 783 39 96 
784 784 72 71 
785 785 38 85 
786 786 36 56 
787 787 77 65 
788 788 78 60 
789 789 80 66 
790 790 52 30 
791 791 37 22 
792 792 79 90 
793 793 31 75 
794 794 38 17 
795 795 20 55 
796 796 40 25 
797 797 68 31 
798 798 35 58 
799 799 30 6 
800 800 74 21 
801 801 61 33 
802 802 47 34 
803 803 68 29 
804 804 90 98 
805 805 6 2 
806 806 64 33 
807 807 46 45 
808 808 38 66 
809 809 63 92 
810 810 38 54 
811 811 69 3 
812 812 81 52 
813 813 1 79 
814 814 47 89 
815 815 36 58 
816 816 93 37 
817 817 57 12 
818 818 20 53 
819 819 67 87 
820 820 74 47 
821 821 58 66 
822 822 2 83 
823 823 20 27 
824 824 70 22 
825 825 72 18 
826 826 96 63 
827 827 76 11 
828 828 68 4 
829 829 85 27 
830 830 14 75 
831 831 1 94 
832 832 12 41 
833 833 89 7 
834 834 82 69 
835 835 33 91 
836 836 34 12 
837 837 10 59 
838 838 97 41 
839 839 15 63 
840 840 45 60 
841 841 90 23 
842 842 44 39 
843 843 63 69 
844 844 81 72 
845 845 31 25 
846 846 68 57 
847 847 93 54 
848 848 45 99 
849 849 81 10 
850 850 73 4 
851 851 83 25 
852 852 33 54 
853 853 82 14 
854 854 88 67 
855 855 2 26 
856 856 3 72 
857 857 30 46 
858 858 53 98 
859 859 83 19 
860 860 77 73 
861 861 37 34 
862 862 90 72 
863 863 28 91 
864 864 93 0 
865 865 87 34 
866 866 92 34 
867 867 86 65 
868 868 25 36 
869 869 16 35 
870 870 8 90 
871 871 84 61 
872 872 69 21 
873 873 67 80 
874 874 5 21 
875 875 95 6 
876 876 22 54 
877 877 79 61 
878 878 87 57 
879 879 73 71 
880 880 89 19 
881 881 98 4 
882 882 65 1 
883 883 32 13 
884 884 42 8 
885 885 63 67 
886 886 82 77 
887 887 46 20 
888 888 98 83 
889 889 75 31 
890 890 99 15 
891 891 1 80 
892 892 83 11 
893 893 96 97 
894 894 81 30 
895 895 87 12 
896 896 31 77 
897 897 71 71 
898 898 38 51 
899 899 38 75 
900 900 92 47 
901 901 93 25 
902 902 96 65 
903 903 46 79 
904 904 11 18 
905 905 48 71 
906 906 95 5 
907 907 95 59 
908 908 23 67 
909 909 44 16 
910 910 42 30 
911 911 29 96 
912 912 61 45 
913 913 58 14 
914 914 15 77 
915 915 36 69 
916 916 36 40 
917 917 24 84 
918 918 72 39 
919 919 81 46 
920 920 5 16 
921 921 71 60 
922 922 79 15 
923 923 6 37 
924 924 56 62 
925 925 58 83 
926 926 43 19 
927 927 21 89 
928 928 89 6 
929 929 94 22 
930 930 42 64 
931 931 74 76 
932 932 87 50 
933 933 68 65 
934 934 72 72 
935 935 95 24 
936 936 65 9 
937 937 4 74 
938 938 4 7 
939 939 24 88 
940 940 33 37 
941 941 24 32 
942 942 97 71 
943 943 94 45 
944 944 21 54 
945 945 91 58 
946 946 95 72 
947 947 69 66 
948 948 13 20 
949 949 92 87 
950 950 41 28 
951 951 72 17 
952 952 74 18 
953 953 60 86 
954 954 38 27 
955 955 76 92 
956 956 28 37 
957 957 1 14 
958 958 94 99 
959 959 51 33 
960 960 29 41 
961 961 81 53 
962 962 87 76 
963 963 90 41 
964 964 57 25 
965 965 59 83 
966 966 99 10 
967 967 78 50 
968 968 42 5 
969 969 11 8 
970 970 82 88 
971 971 99 47 
972 972 12 27 
973 973 33 19 
974 974 82 72 
975 975 0 27 
976 976 15 69 
977 977 68 27 
978 978 19 28 
979 979 39 11 
980 980 37 63 
981 981 40 76 
982 982 44 91 
983 983 87 44 
984 984 66 54 
985 985 80 53 
986 986 8 93 
987 987 27 97 
988 988 53 71 
989 989 38 61 
990 990 24 24 
991 991 45 25 
992 992 60 55 
993 993 67 75 
994 994 74 66 
995 995 73 34 
996 996 16 97 
997 997 43 59 
998 998 30 32 
999 999 17 10 
#
EDGES (from-node to-node length a b):
0 913 42 0 
0 559 10 0 
0 151 78 0 
0 134 17 0 
1 758 71 0 
1 577 40 0 
2 772 89 0 
2 555 84 0 
2 114 87 0 
2 75 95 0 
3 977 61 0 
3 929 70 0 
3 857 59 0 
3 667 29 0 
3 285 64 0 
4 887 80 0 
4 477 78 0 
4 164 55 0 
4 112 71 0 
5 919 55 0 
5 854 69 0 
5 638 45 0 
5 603 3 0 
5 393 24 0 
5 208 31 0 
5 150 21 0 
6 955 34 0 
6 764 9 0 
6 352 6 0 
6 67 55 0 
7 796 66 0 
7 746 55 0 
7 614 49 0 
7 542 19 0 
7 541 94 0 
8 731 21 0 
8 584 14 0 
8 425 51 0 
8 252 54 0 
9 935 32 0 
9 911 98 0 
9 856 93 0 
9 555 71 0 
9 240 64 0 
9 80 107 0 
10 965 4 0 
10 572 94 0 
10 278 41 0 
10 130 87 0 
10 11 22 0 
11 782 36 0 
11 728 65 0 
11 287 51 0 
12 794 41 0 
12 50 45 0 
13 686 73 0 
13 405 47 0 
13 209 94 0 
14 828 90 0 
14 647 81 0 
14 641 51 0 
14 507 84 0 
14 423 57 0 
14 337 8 0 
14 207 70 0 
15 948 87 0 
15 661 65 0 
15 279 45 0 
16 948 27 0 
16 809 61 0 
16 417 81 0 
16 279 29 0 
16 164 22 0 
16 118 25 0 
16 103 38 0 
17 940 24 0 
17 829 31 0 
17 574 74 0 
17 562 41 0 
17 539 70 0 
17 438 55 0 
17 256 67 0 
17 150 36 0 
18 961 86 0 
18 870 70 0 
18 869 21 0 
18 264 47 0 
18 179 103 0 
18 102 79 0 
19 911 36 0 
19 546 81 0 
19 192 49 0 
19 73 56 0 
20 773 16 0 
20 764 32 0 
20 741 17 0 
20 403 32 0 
20 315 34 0 
20 172 42 0 
21 824 16 0 
21 570 44 0 
21 408 57 0 
21 293 37 0 
22 941 37 0 
22 866 50 0 
22 637 14 0 
22 289 21 0 
23 875 70 0 
23 871 17 0 
23 720 44 0 
23 535 22 0 
24 894 16 0 
24 649 81 0 
24 422 40 0 
25 723 34 0 
25 703 46 0 
25 612 71 0 
26 979 68 0 
26 894 47 0 
26 867 23 0 
26 450 77 0 
26 296 93 0 
26 234 73 0 
26 70 27 0 
27 833 73 0 
27 607 49 0 
27 444 34 0 
27 195 58 0 
28 867 23 0 
28 850 44 0 
28 734 49 0 
28 621 37 0 
28 619 46 0 
28 334 25 0 
29 916 38 0 
29 613 64 0 
29 540 68 0 
29 417 47 0 
29 398 55 0 
29 251 53 0 
29 66 32 0 
30 988 82 0 
30 618 61 0 
30 590 56 0 
30 549 91 0 
30 543 109 0 
30 209 101 0 
31 944 51 0 
31 932 17 0 
31 833 41 0 
31 821 26 0 
31 791 40 0 
31 756 39 0 
31 638 55 0 
31 38 57 0 
32 918 38 0 
32 768 70 0 
32 755 54 0 
32 704 36 0 
33 786 47 0 
33 506 56 0 
33 473 80 0 
34 903 89 0 
34 832 85 0 
34 831 127 0 
34 777 31 0 
34 746 58 0 
34 702 80 0 
34 613 43 0 
34 460 111 0 
34 372 112 0 
34 364 74 0 
34 246 41 0 
34 159 84 0 
35 926 71 0 
35 663 51 0 
35 587 48 0 
36 631 38 0 
36 464 73 0 
36 282 12 0 
36 257 66 0 
36 155 39 0 
36 66 51 0 
37 574 36 0 
37 300 12 0 
37 247 68 0 
37 206 57 0 
38 764 84 0 
38 598 106 0 
38 486 61 0 
38 472 16 0 
38 445 79 0 
38 376 20 0 
38 235 74 0 
39 981 26 0 
39 740 41 0 
39 678 19 0 
39 283 30 0 
39 224 46 0 
39 164 24 0 
39 149 30 0 
40 563 47 0 
40 61 47 0 
41 797 44 0 
41 627 65 0 
41 386 4 0 
41 337 27 0 
41 275 63 0 
41 161 52 0 
42 603 34 0 
42 388 64 0 
42 101 84 0 
43 797 59 0 
43 719 50 0 
43 582 20 0 
43 369 69 0 
44 990 73 0 
44 905 73 0 
44 695 14 0 
44 509 97 0 
44 130 22 0 
45 870 46 0 
45 850 83 0 
45 716 30 0 
45 470 92 0 
45 440 87 0 
45 407 55 0 
45 55 89 0 
46 780 80 0 
46 732 37 0 
46 631 60 0 
46 614 45 0 
46 471 18 0 
47 983 11 0 
47 854 12 0 
47 739 56 0 
47 615 40 0 
47 259 31 0 
47 166 88 0 
47 123 49 0 
48 664 70 0 
48 520 85 0 
48 197 41 0 
49 924 17 0 
49 860 19 0 
49 561 48 0 
49 420 16 0 
49 323 72 0 
49 260 24 0 
49 180 48 0 
49 122 46 0 
50 832 51 0 
50 277 86 0 
51 842 20 0 
51 793 21 0 
51 771 45 0 
51 680 52 0 
51 433 66 0 
51 428 40 0 
51 384 53 0 
51 313 25 0 
51 199 36 0 
51 194 42 0 
52 931 55 0 
52 813 70 0 
52 810 29 0 
52 793 51 0 
52 544 47 0 
52 437 51 0 
52 301 5 0 
53 465 73 0 
53 386 42 0 
53 210 19 0 
53 178 41 0 
54 879 20 0 
54 809 4 0 
54 775 52 0 
54 671 66 0 
54 202 53 0 
54 142 26 0 
55 981 63 0 
55 707 69 0 
55 112 19 0 
56 862 69 0 
56 808 70 0 
56 543 87 0 
56 473 86 0 
56 165 93 0 
57 409 44 0 
57 338 16 0 
57 321 55 0 
57 246 20 0 
57 79 38 0 
58 970 96 0 
58 873 79 0 
58 659 66 0 
58 506 32 0 
59 923 72 0 
59 774 99 0 
59 696 86 0 
59 691 54 0 
59 376 51 0 
59 99 85 0 
60 959 37 0 
60 910 37 0 
60 875 84 0 
60 745 25 0 
60 618 38 0 
60 82 19 0 
61 992 38 0 
61 951 77 0 
61 795 33 0 
61 530 39 0 
61 216 88 0 
61 119 69 0 
62 991 50 0 
62 943 74 0 
62 842 37 0 
62 832 33 0 
62 734 67 0 
62 707 53 0 
62 698 77 0 
62 386 33 0 
62 231 48 0 
63 920 74 0 
63 713 36 0 
63 614 35 0 
63 525 53 0 
63 474 15 0 
63 250 48 0 
63 223 56 0 
63 197 30 0 
64 824 34 0 
64 691 36 0 
64 611 30 0 
64 548 48 0 
64 335 29 0 
64 317 38 0 
64 142 36 0 
65 851 40 0 
65 734 59 0 
65 661 35 0 
65 592 35 0 
65 470 39 0 
65 254 64 0 
65 202 62 0 
65 127 22 0 
66 436 78 0 
66 374 43 0 
66 320 68 0 
66 297 22 0 
66 211 51 0 
66 129 75 0 
66 79 28 0 
67 928 58 0 
67 917 49 0 
67 77 25 0 
68 444 40 0 
68 306 20 0 
68 153 13 0 
68 86 71 0 
69 378 33 0 
70 920 60 0 
70 475 67 0 
70 187 24 0 
70 73 35 0 
71 881 58 0 
71 825 35 0 
71 745 43 0 
71 490 38 0 
71 483 66 0 
71 281 92 0 
72 730 21 0 
72 682 48 0 
72 520 58 0 
72 362 42 0 
73 954 36 0 
73 865 71 0 
73 579 46 0 
73 534 37 0 
73 327 36 0 
74 949 98 0 
74 669 57 0 
74 521 67 0 
74 462 18 0 
74 449 69 0 
74 359 45 0 
75 276 94 0 
76 772 34 0 
76 753 11 0 
76 347 85 0 
76 141 51 0 
76 138 22 0 
77 953 71 0 
77 363 60 0 
77 177 75 0 
77 93 46 0 
78 974 73 0 
78 266 59 0 
78 177 46 0 
79 301 38 0 
79 264 53 0 
79 158 30 0 
79 85 11 0 
80 861 68 0 
80 763 84 0 
80 452 85 0 
80 336 121 0 
80 251 52 0 
81 759 28 0 
81 557 57 0 
81 517 82 0 
81 467 76 0 
81 386 55 0 
81 322 34 0 
81 280 39 0 
81 245 54 0 
81 162 55 0 
82 972 31 0 
82 782 51 0 
82 746 13 0 
82 369 14 0 
82 265 33 0 
82 148 72 0 
83 874 105 0 
83 481 80 0 
83 187 65 0 
84 962 16 0 
84 732 45 0 
84 522 40 0 
84 510 77 0 
84 220 44 0 
85 976 45 0 
85 953 16 0 
85 684 53 0 
85 447 65 0 
85 435 58 0 
85 383 46 0 
85 245 26 0 
86 696 62 0 
86 563 97 0 
86 545 43 0 
86 388 22 0 
86 153 63 0 
87 865 37 0 
87 829 37 0 
87 758 51 0 
87 745 5 0 
88 745 43 0 
88 728 53 0 
88 702 56 0 
88 615 51 0 
88 470 46 0 
88 405 72 0 
89 942 95 0 
89 753 78 0 
89 678 41 0 
89 582 89 0 
89 465 36 0 
89 253 30 0 
89 213 98 0 
90 980 3 0 
90 787 43 0 
90 533 14 0 
90 273 27 0 
90 226 4 0 
90 149 29 0 
91 948 76 0 
91 899 18 0 
91 870 27 0 
91 785 9 0 
91 772 30 0 
91 742 51 0 
91 433 93 0 
91 160 82 0 
92 884 74 0 
92 872 82 0 
92 756 40 0 
92 636 68 0 
92 566 65 0 
92 147 74 0 
93 928 54 0 
93 798 36 0 
93 264 46 0 
93 218 73 0 
94 466 73 0 
94 315 34 0 
95 991 74 0 
95 718 65 0 
95 380 6 0 
95 230 18 0 
95 183 68 0 
96 992 36 0 
96 791 9 0 
96 705 29 0 
97 663 36 0 
97 448 28 0 
97 424 66 0 
98 267 57 0 
99 902 77 0 
99 759 11 0 
99 588 48 0 
99 203 72 0 
100 697 58 0 
100 613 5 0 
100 526 42 0 
100 500 61 0 
100 233 45 0 
101 987 66 0 
101 810 63 0 
101 770 94 0 
101 346 79 0 
101 340 119 0 
101 192 58 0 
101 142 26 0 
102 856 69 0 
102 836 59 0 
102 790 34 0 
102 674 73 0 
102 654 16 0 
102 434 71 0 
102 238 69 0 
103 854 25 0 
103 787 16 0 
103 493 38 0 
104 719 47 0 
104 576 69 0 
104 341 52 0 
104 321 21 0 
104 211 50 0 
104 193 56 0 
105 975 43 0 
105 928 49 0 
105 820 42 0 
105 456 65 0 
105 338 27 0 
106 953 17 0 
106 854 31 0 
106 736 44 0 
106 662 36 0 
106 444 75 0 
107 889 35 0 
107 538 45 0 
107 422 19 0 
108 968 85 0 
108 754 80 0 
108 219 83 0 
109 982 81 0 
109 935 61 0 
109 857 35 0 
109 772 93 0 
109 723 72 0 
109 629 83 0 
109 491 43 0 
109 116 34 0 
110 929 76 0 
110 795 47 0 
110 713 70 0 
110 636 95 0 
111 580 19 0 
111 199 8 0 
112 996 77 0 
112 914 68 0 
112 784 20 0 
112 709 86 0 
112 666 47 0 
112 493 28 0 
113 974 82 0 
113 524 60 0 
113 422 53 0 
113 166 56 0 
114 608 31 0 
114 235 82 0 
115 811 40 0 
115 573 54 0 
115 449 71 0 
115 381 59 0 
115 368 41 0 
115 209 64 0 
116 946 72 0 
116 933 44 0 
116 162 46 0 
117 936 11 0 
117 932 50 0 
117 747 14 0 
117 611 62 0 
117 596 67 0 
117 570 65 0 
117 537 82 0 
117 434 83 0 
117 377 77 0 
117 296 65 0 
118 524 65 0 
119 917 75 0 
119 806 11 0 
119 770 52 0 
119 663 53 0 
119 628 38 0 
119 575 24 0 
119 246 12 0 
119 208 57 0 
120 694 34 0 
120 584 39 0 
120 576 22 0 
120 550 51 0 
120 409 92 0 
120 122 31 0 
121 936 10 0 
121 469 63 0 
121 221 77 0 
122 934 37 0 
122 498 42 0 
122 311 28 0 
123 900 57 0 
123 706 56 0 
123 698 57 0 
123 616 71 0 
123 290 61 0 
123 152 48 0 
124 781 96 0 
124 144 56 0 
125 841 61 0 
125 608 75 0 
125 439 37 0 
126 501 56 0 
126 317 57 0 
126 264 64 0 
126 186 68 0 
126 127 54 0 
127 932 37 0 
127 838 48 0 
127 718 85 0 
128 892 50 0 
128 816 61 0 
128 783 75 0 
128 698 33 0 
128 531 20 0 
128 284 45 0 
128 176 65 0 
129 982 50 0 
129 906 109 0 
129 835 41 0 
129 805 61 0 
129 670 98 0 
129 543 3 0 
129 380 73 0 
129 154 62 0 
129 147 73 0 
130 888 84 0 
130 836 49 0 
130 750 81 0 
130 376 61 0 
130 320 117 0 
131 906 35 0 
131 799 45 0 
131 779 50 0 
132 532 57 0 
132 479 35 0 
132 462 62 0 
132 281 80 0 
132 153 44 0 
133 220 78 0 
134 854 89 0 
134 182 84 0 
134 165 56 0 
135 830 17 0 
135 815 43 0 
135 787 74 0 
135 679 99 0 
135 548 17 0 
136 993 52 0 
136 522 69 0 
136 229 41 0 
136 204 49 0 
137 911 42 0 
138 980 41 0 
138 932 42 0 
138 891 68 0 
138 626 33 0 
138 436 86 0 
139 804 70 0 
139 475 59 0 
139 223 31 0 
140 970 17 0 
140 922 56 0 
140 886 6 0 
140 859 52 0 
140 729 45 0 
140 376 59 0 
140 206 82 0 
141 914 26 0 
141 827 64 0 
141 380 52 0 
141 338 18 0 
142 952 48 0 
142 686 66 0 
142 621 18 0 
143 912 33 0 
143 821 27 0 
143 658 51 0 
143 461 37 0 
144 938 28 0 
144 672 43 0 
144 473 20 0 
144 197 71 0 
145 800 26 0 
145 497 67 0 
145 490 43 0 
145 343 52 0 
145 220 56 0 
146 661 42 0 
146 657 66 0 
146 528 69 0 
146 159 44 0 
147 872 19 0 
147 835 64 0 
147 719 33 0 
147 472 64 0 
148 978 97 0 
148 492 125 0 
148 251 100 0 
149 995 74 0 
149 913 73 0 
149 769 84 0 
149 727 94 0 
149 550 60 0 
149 548 32 0 
150 989 9 0 
150 924 25 0 
150 480 66 0 
150 381 76 0 
150 227 48 0 
151 969 85 0 
151 915 47 0 
151 785 52 0 
151 327 49 0 
151 189 73 0 
152 783 72 0 
152 606 29 0 
152 510 48 0 
152 452 15 0 
152 316 37 0 
152 311 47 0 
152 294 28 0 
152 274 30 0 
153 689 47 0 
153 669 65 0 
153 632 11 0 
153 217 51 0 
153 213 36 0 
154 882 38 0 
154 284 61 0 
154 252 37 0 
154 220 92 0 
155 836 30 0 
155 801 25 0 
155 677 51 0 
155 573 40 0 
155 462 28 0 
156 977 22 0 
156 464 77 0 
156 252 17 0 
157 555 31 0 
157 435 39 0 
158 759 7 0 
158 458 70 0 
159 932 43 0 
159 922 67 0 
159 556 29 0 
159 513 4 0 
159 449 32 0 
159 295 40 0 
159 235 68 0 
160 383 28 0 
160 299 63 0 
160 229 57 0 
161 944 52 0 
161 604 26 0 
162 902 44 0 
162 856 53 0 
162 814 11 0 
162 740 28 0 
162 198 14 0 
163 889 57 0 
163 717 43 0 
163 605 46 0 
163 482 63 0 
163 444 41 0 
163 366 63 0 
163 351 24 0 
164 763 75 0 
164 693 45 0 
164 242 64 0 
164 216 78 0 
164 213 69 0 
164 197 59 0 
165 819 48 0 
165 607 28 0 
165 564 52 0 
165 454 22 0 
165 438 21 0 
165 407 45 0 
165 331 21 0 
166 821 59 0 
166 721 14 0 
166 507 92 0 
166 493 109 0 
166 305 48 0 
166 209 47 0 
167 816 44 0 
167 806 17 0 
167 793 39 0 
168 843 35 0 
168 832 93 0 
168 472 93 0 
168 446 72 0 
168 366 16 0 
168 309 86 0 
168 239 59 0 
169 959 30 0 
169 754 77 0 
169 660 54 0 
169 324 44 0 
170 809 34 0 
170 658 60 0 
170 637 76 0 
170 577 60 0 
170 335 25 0 
170 261 40 0 
171 758 78 0 
171 632 14 0 
171 599 60 0 
171 322 94 0 
172 998 52 0 
172 725 59 0 
172 715 35 0 
172 635 33 0 
172 608 69 0 
172 525 70 0 
172 424 95 0 
173 897 79 0 
173 841 77 0 
173 813 63 0 
173 641 68 0 
173 547 93 0 
173 529 83 0 
173 435 57 0 
173 379 54 0 
174 905 30 0 
174 603 18 0 
175 882 101 0 
175 661 46 0 
175 228 103 0 
176 439 73 0 
176 420 52 0 
176 311 71 0 
176 189 99 0 
177 960 41 0 
177 467 74 0 
177 429 35 0 
178 863 43 0 
178 844 43 0 
178 560 64 0 
178 544 59 0 
178 268 28 0 
178 260 37 0 
178 181 53 0 
179 604 56 0 
179 535 14 0 
179 415 39 0 
179 287 19 0 
180 886 72 0 
180 837 64 0 
180 507 8 0 
180 229 64 0 
181 793 32 0 
181 635 89 0 
181 611 53 0 
181 464 99 0 
182 836 85 0 
182 805 106 0 
182 750 98 0 
182 719 46 0 
183 995 11 0 
183 829 4 0 
183 721 84 0 
184 926 47 0 
184 859 68 0 
184 609 56 0 
184 346 75 0 
185 862 75 0 
185 855 73 0 
185 727 96 0 
185 622 85 0 
185 548 10 0 
185 357 47 0 
186 952 6 0 
186 830 76 0 
186 699 80 0 
186 276 28 0 
187 876 9 0 
187 633 59 0 
187 549 44 0 
188 904 76 0 
188 874 76 0 
188 588 67 0 
188 431 24 0 
188 246 56 0 
189 609 49 0 
190 542 38 0 
190 207 7 0 
190 199 50 0 
191 946 85 0 
191 742 12 0 
191 614 30 0 
191 247 55 0 
191 227 57 0 
192 815 18 0 
192 650 23 0 
192 629 51 0 
192 528 62 0 
192 512 39 0 
192 328 38 0 
193 696 52 0 
193 624 74 0 
193 484 50 0 
193 385 85 0 
194 854 43 0 
194 665 67 0 
194 503 71 0 
194 496 56 0 
195 622 62 0 
195 605 36 0 
196 817 14 0 
196 733 64 0 
196 701 87 0 
196 699 77 0 
196 621 61 0 
196 209 70 0 
197 930 21 0 
197 903 9 0 
197 869 60 0 
197 578 27 0 
197 496 47 0 
197 458 86 0 
197 308 14 0 
197 221 15 0 
198 952 60 0 
198 805 80 0 
199 579 43 0 
199 481 75 0 
199 385 55 0 
200 841 74 0 
200 760 20 0 
200 577 36 0 
201 969 37 0 
201 738 78 0 
202 207 60 0 
203 970 28 0 
203 701 79 0 
203 628 8 0 
203 592 29 0 
203 381 51 0 
203 229 37 0 
204 866 51 0 
204 831 70 0 
204 697 39 0 
204 388 26 0 
204 357 46 0 
204 221 57 0 
205 960 55 0 
205 920 73 0 
205 479 56 0 
206 877 81 0 
206 367 97 0 
207 606 28 0 
207 566 33 0 
207 383 13 0 
207 353 54 0 
208 832 31 0 
208 530 26 0 
208 419 54 0 
208 310 64 0 
209 883 78 0 
209 878 53 0 
209 648 85 0 
209 472 57 0 
209 416 92 0 
209 384 84 0 
209 354 70 0 
209 280 76 0 
210 979 44 0 
210 936 19 0 
210 749 103 0 
210 738 15 0 
210 563 67 0 
211 991 9 0 
211 821 35 0 
211 403 60 0 
211 380 63 0 
211 353 43 0 
212 978 26 0 
212 936 31 0 
213 903 69 0 
213 847 44 0 
213 325 53 0 
213 297 79 0 
213 269 26 0 
214 985 69 0 
214 680 13 0 
214 496 43 0 
214 394 73 0 
214 216 70 0 
215 651 70 0 
215 348 36 0 
215 257 78 0 
216 881 18 0 
217 970 88 0 
217 881 80 0 
217 878 73 0 
218 966 87 0 
218 950 32 0 
218 746 39 0 
218 726 6 0 
218 685 7 0 
218 677 75 0 
218 397 96 0 
219 758 97 0 
219 723 28 0 
219 663 20 0 
219 438 87 0 
219 297 29 0 
219 250 51 0 
220 906 101 0 
220 713 79 0 
220 533 40 0 
220 525 59 0 
220 511 87 0 
220 384 89 0 
221 924 32 0 
222 956 34 0 
222 808 9 0 
223 929 96 0 
223 506 83 0 
223 309 35 0 
223 254 15 0 
224 983 83 0 
224 868 30 0 
224 828 57 0 
224 786 52 0 
224 476 82 0 
224 239 74 0 
225 917 76 0 
225 765 33 0 
225 534 39 0 
225 513 44 0 
226 879 37 0 
226 747 63 0 
227 983 59 0 
227 825 78 0 
227 822 56 0 
227 313 49 0 
227 287 35 0 
227 236 80 0 
228 790 34 0 
228 580 92 0 
229 944 41 0 
229 922 64 0 
229 538 42 0 
229 481 54 0 
229 333 31 0 
230 953 8 0 
230 929 75 0 
231 604 87 0 
231 564 24 0 
232 544 122 0 
233 909 45 0 
233 646 3 0 
233 462 52 0 
234 779 92 0 
234 623 48 0 
234 434 26 0 
234 343 18 0 
234 246 60 0 
235 833 10 0 
235 567 23 0 
235 239 20 0 
236 871 58 0 
236 636 41 0 
236 456 69 0 
236 407 40 0 
236 270 33 0 
237 551 110 0 
237 476 16 0 
237 465 94 0 
237 311 68 0 
238 953 49 0 
238 858 42 0 
238 765 64 0 
238 688 93 0 
238 659 104 0 
239 949 52 0 
239 556 47 0 
239 293 21 0 
240 759 65 0 
240 728 93 0 
240 724 31 0 
240 569 54 0 
240 519 30 0 
240 392 91 0 
241 886 58 0 
241 621 65 0 
241 593 32 0 
241 364 35 0 
241 319 51 0 
242 710 102 0 
242 670 87 0 
242 621 78 0 
242 271 33 0 
243 974 95 0 
243 840 61 0 
243 783 90 0 
243 713 59 0 
243 381 86 0 
244 767 9 0 
244 632 43 0 
244 508 44 0 
244 347 92 0 
244 278 48 0 
245 841 42 0 
245 811 45 0 
246 904 64 0 
246 762 22 0 
246 760 51 0 
246 561 64 0 
246 500 38 0 
246 496 74 0 
246 272 41 0 
247 963 60 0 
247 668 86 0 
247 446 55 0 
248 746 46 0 
248 491 61 0 
248 425 44 0 
248 308 5 0 
249 803 35 0 
249 439 13 0 
249 376 30 0 
249 256 89 0 
250 975 89 0 
250 815 44 0 
250 738 102 0 
250 606 96 0 
250 514 27 0 
250 445 67 0 
250 331 34 0 
252 982 86 0 
252 838 47 0 
252 813 96 0 
252 688 7 0 
252 560 89 0 
252 524 91 0 
252 332 95 0 
253 489 45 0 
253 359 28 0 
253 269 64 0 
255 924 55 0 
255 757 71 0 
255 501 66 0 
256 770 92 0 
256 506 95 0 
256 441 47 0 
256 429 66 0 
256 312 80 0 
257 915 55 0 
257 773 34 0 
257 763 61 0 
257 690 30 0 
257 554 24 0 
258 799 49 0 
258 656 16 0 
258 580 64 0 
258 553 19 0 
258 456 54 0 
259 952 21 0 
259 296 89 0 
260 538 38 0 
260 472 70 0 
260 430 62 0 
260 392 76 0 
261 671 49 0 
261 397 26 0 
262 828 78 0 
262 716 77 0 
262 479 91 0 
263 883 74 0 
263 846 69 0 
263 836 76 0 
263 672 67 0 
263 366 70 0 
264 730 46 0 
264 548 76 0 
264 486 56 0 
265 746 45 0 
265 572 73 0 
265 461 51 0 
265 372 22 0 
265 365 25 0 
266 870 86 0 
266 546 28 0 
267 969 44 0 
267 848 56 0 
267 706 48 0 
267 692 38 0 
267 690 1 0 
268 965 56 0 
268 812 34 0 
268 612 90 0 
268 605 23 0 
268 377 49 0 
269 877 24 0 
269 478 44 0 
270 725 13 0 
270 641 68 0 
270 510 35 0 
270 447 11 0 
271 778 78 0 
271 391 48 0 
272 987 48 0 
272 905 24 0 
272 741 37 0 
272 409 79 0 
273 455 41 0 
273 389 43 0 
273 335 14 0 
275 826 87 0 
275 823 6 0 
275 769 95 0 
275 580 95 0 
276 892 23 0 
276 674 87 0 
276 369 73 0 
277 836 76 0 
277 794 73 0 
277 531 55 0 
277 494 38 0 
278 802 14 0 
278 794 32 0 
278 727 50 0 
278 645 57 0 
278 569 58 0 
278 364 45 0 
278 285 19 0 
279 672 31 0 
279 591 17 0 
279 526 59 0 
279 470 45 0 
279 384 50 0 
279 383 30 0 
280 960 27 0 
280 897 79 0 
280 831 69 0 
280 774 73 0 
280 698 59 0 
280 532 59 0 
280 377 33 0 
281 569 67 0 
281 437 57 0 
282 891 37 0 
283 992 42 0 
283 451 53 0 
284 905 30 0 
284 781 49 0 
284 286 43 0 
285 980 24 0 
285 939 47 0 
285 911 55 0 
285 708 19 0 
285 469 33 0 
286 823 95 0 
286 698 86 0 
286 560 9 0 
287 988 40 0 
287 860 18 0 
287 637 79 0 
288 858 62 0 
288 524 62 0 
288 298 48 0 
289 921 40 0 
289 830 76 0 
289 606 21 0 
289 521 10 0 
289 464 72 0 
289 430 59 0 
290 835 68 0 
290 557 40 0 
290 550 52 0 
290 435 59 0 
291 614 49 0 
291 495 50 0 
292 902 82 0 
292 828 88 0 
292 794 62 0 
292 750 61 0 
292 747 90 0 
292 663 65 0 
293 986 112 0 
293 676 67 0 
293 453 82 0 
293 444 40 0 
293 430 82 0 
294 832 89 0 
294 521 44 0 
294 296 107 0 
295 892 57 0 
295 488 72 0 
295 304 76 0 
296 954 40 0 
296 867 101 0 
296 838 98 0 
296 333 117 0 
297 323 103 0 
298 999 86 0 
298 952 67 0 
298 676 7 0 
298 635 41 0 
298 512 21 0 
298 418 76 0 
299 783 49 0 
299 689 8 0 
299 486 26 0 
299 468 83 0 
300 875 69 0 
300 525 54 0 
301 996 72 0 
301 983 43 0 
301 900 48 0 
301 810 23 0 
301 633 38 0 
301 442 49 0 
301 366 62 0 
302 887 19 0 
302 814 79 0 
302 617 30 0 
302 342 10 0 
303 911 71 0 
304 817 33 0 
304 647 12 0 
304 525 22 0 
304 457 57 0 
305 995 68 0 
305 954 69 0 
306 994 13 0 
306 933 15 0 
306 907 30 0 
306 864 81 0 
306 787 15 0 
306 779 19 0 
306 587 72 0 
306 571 23 0 
306 476 75 0 
307 747 84 0 
307 719 71 0 
307 699 84 0 
308 945 28 0 
308 909 61 0 
308 661 19 0 
308 581 61 0 
309 873 61 0 
309 788 66 0 
309 754 86 0 
309 735 41 0 
309 401 80 0 
310 941 32 0 
310 754 99 0 
311 775 45 0 
311 674 83 0 
311 654 41 0 
311 315 61 0 
312 843 48 0 
312 808 30 0 
312 805 42 0 
312 728 23 0 
312 617 34 0 
312 570 16 0 
312 436 25 0 
312 339 13 0 
313 945 26 0 
313 603 45 0 
313 551 69 0 
313 336 48 0 
314 961 49 0 
314 821 35 0 
314 589 24 0 
314 575 36 0 
315 956 48 0 
315 908 68 0 
315 644 54 0 
316 901 47 0 
316 611 83 0 
316 477 75 0 
317 892 42 0 
317 849 43 0 
317 758 80 0 
317 693 66 0 
317 659 41 0 
318 957 45 0 
318 534 52 0 
318 448 92 0 
319 930 54 0 
319 439 61 0 
320 500 54 0 
321 967 28 0 
321 935 54 0 
321 817 71 0 
321 778 36 0 
321 699 72 0 
321 626 13 0 
321 607 43 0 
321 553 53 0 
321 392 88 0 
322 732 69 0 
322 704 91 0 
322 554 83 0 
322 525 51 0 
323 874 16 0 
323 633 70 0 
323 487 59 0 
323 372 68 0 
324 938 55 0 
324 488 23 0 
325 771 43 0 
325 719 33 0 
325 566 13 0 
325 358 66 0 
326 901 63 0 
326 878 75 0 
326 720 51 0 
326 680 43 0 
326 557 79 0 
327 888 79 0 
327 707 19 0 
327 581 45 0 
327 389 51 0 
328 708 24 0 
329 962 100 0 
329 833 76 0 
329 673 12 0 
330 894 65 0 
330 852 27 0 
330 585 78 0 
330 524 52 0 
330 339 24 0 
331 773 40 0 
331 682 48 0 
331 529 82 0 
331 436 58 0 
331 337 30 0 
332 418 109 0 
333 737 81 0 
334 926 33 0 
334 728 69 0 
334 529 24 0 
334 516 15 0 
335 737 47 0 
335 377 34 0 
336 825 23 0 
336 745 59 0 
336 561 93 0 
336 381 6 0 
337 965 19 0 
337 789 46 0 
337 769 36 0 
337 608 45 0 
338 825 38 0 
338 593 45 0 
338 579 18 0 
338 481 51 0 
339 901 64 0 
339 782 49 0 
339 342 36 0 
340 994 92 0 
340 678 44 0 
340 415 92 0 
341 974 63 0 
341 896 65 0 
341 754 73 0 
341 745 30 0 
341 591 55 0 
342 834 82 0 
342 750 18 0 
342 665 25 0 
342 375 72 0 
343 351 9 0 
344 909 8 0 
345 926 22 0 
345 737 69 0 
345 560 67 0 
345 466 27 0 
346 999 65 0 
346 663 71 0 
346 594 21 0 
346 461 44 0 
347 690 36 0 
347 469 52 0 
348 565 52 0 
348 449 42 0 
349 449 66 0 
349 439 35 0 
350 726 60 0 
350 600 57 0 
350 510 30 0 
351 827 44 0 
351 787 50 0 
351 770 19 0 
351 357 50 0 
352 825 42 0 
352 777 36 0 
352 684 78 0 
352 358 70 0 
353 949 43 0 
353 456 9 0 
353 388 66 0 
354 844 75 0 
354 830 52 0 
355 832 27 0 
355 830 61 0 
355 473 41 0 
355 446 83 0 
355 430 38 0 
356 980 43 0 
356 685 20 0 
358 698 33 0 
358 652 59 0 
359 920 59 0 
359 776 40 0 
359 455 14 0 
360 831 91 0 
360 777 51 0 
360 736 93 0 
360 441 57 0 
361 749 69 0 
361 674 38 0 
362 761 44 0 
363 997 36 0 
363 806 39 0 
363 668 42 0 
363 525 65 0 
363 394 4 0 
363 387 32 0 
364 936 50 0 
364 658 86 0 
365 833 71 0 
365 821 12 0 
366 522 34 0 
366 503 55 0 
366 465 36 0 
367 716 84 0 
367 604 26 0 
367 562 48 0 
368 545 30 0 
368 427 11 0 
368 391 17 0 
369 837 22 0 
369 646 44 0 
369 582 85 0 
369 528 83 0 
370 844 82 0 
370 633 102 0 
370 540 79 0 
370 519 67 0 
370 406 50 0 
370 372 10 0 
371 833 61 0 
371 550 37 0 
371 531 28 0 
372 931 69 0 
372 505 46 0 
372 494 45 0 
373 946 74 0 
373 768 92 0 
373 635 65 0 
373 424 25 0 
374 896 32 0 
374 785 38 0 
374 618 18 0 
374 575 39 0 
374 568 35 0 
374 528 66 0 
375 380 51 0 
376 838 63 0 
377 976 13 0 
377 745 32 0 
377 597 74 0 
377 496 21 0 
377 415 45 0 
378 891 97 0 
378 739 64 0 
378 734 45 0 
378 686 87 0 
379 651 98 0 
380 990 81 0 
380 808 41 0 
380 755 63 0 
380 621 21 0 
381 696 101 0 
381 672 55 0 
381 617 39 0 
382 976 38 0 
382 510 54 0 
383 988 45 0 
384 932 60 0 
384 823 33 0 
384 543 69 0 
384 413 18 0 
385 847 30 0 
386 942 39 0 
386 832 54 0 
386 817 58 0 
386 772 30 0 
386 508 49 0 
387 851 40 0 
387 747 46 0 
387 660 26 0 
387 607 20 0 
387 531 14 0 
387 414 18 0 
388 970 86 0 
388 500 67 0 
388 475 42 0 
389 669 68 0 
389 642 57 0 
389 566 13 0 
389 548 58 0 
390 808 26 0 
390 549 35 0 
390 487 36 0 
391 878 14 0 
391 696 68 0 
391 625 42 0 
392 538 38 0 
393 996 78 0 
393 940 31 0 
393 823 14 0 
393 700 66 0 
393 475 15 0 
394 792 18 0 
394 656 46 0 
394 615 36 0 
394 428 9 0 
395 552 32 0 
395 528 55 0 
395 473 51 0 
396 981 29 0 
396 919 80 0 
396 852 43 0 
396 763 78 0 
396 604 108 0 
398 642 22 0 
398 585 65 0 
398 467 59 0 
399 804 60 0 
399 667 56 0 
399 513 28 0 
399 506 88 0 
400 931 60 0 
401 521 22 0 
401 433 88 0 
401 414 59 0 
402 871 84 0 
402 643 98 0 
402 594 92 0 
402 584 55 0 
402 524 14 0 
402 448 106 0 
402 412 114 0 
403 984 30 0 
403 606 56 0 
404 714 40 0 
405 868 28 0 
406 939 53 0 
406 817 51 0 
406 785 55 0 
406 750 24 0 
406 719 33 0 
406 616 84 0 
407 828 53 0 
407 738 63 0 
408 606 71 0 
409 994 66 0 
409 990 64 0 
409 937 108 0 
409 426 48 0 
410 666 98 0 
410 536 36 0 
411 896 6 0 
411 487 57 0 
412 818 80 0 
412 683 73 0 
413 628 51 0 
414 672 22 0 
414 499 16 0 
414 488 25 0 
415 998 54 0 
415 781 74 0 
415 725 65 0 
415 669 44 0 
415 441 43 0 
416 992 55 0 
416 892 7 0 
416 615 63 0 
417 442 74 0 
418 691 13 0 
418 493 91 0 
418 430 24 0 
419 889 22 0 
419 835 64 0 
419 774 68 0 
419 757 87 0 
419 665 51 0 
420 587 76 0 
420 565 80 0 
420 530 35 0 
420 511 87 0 
420 454 49 0 
421 958 95 0 
421 893 93 0 
421 689 87 0 
421 591 74 0 
422 836 47 0 
422 753 36 0 
422 706 72 0 
422 629 53 0 
422 457 25 0 
423 560 97 0 
424 913 85 0 
424 911 7 0 
424 857 47 0 
424 806 72 0 
424 684 34 0 
424 469 23 0 
424 465 15 0 
425 836 72 0 
425 608 69 0 
426 973 15 0 
426 798 54 0 
426 661 86 0 
426 567 40 0 
426 483 64 0 
427 861 46 0 
428 931 6 0 
428 820 34 0 
428 785 40 0 
429 946 65 0 
429 943 78 0 
429 932 69 0 
429 688 85 0 
431 994 23 0 
432 942 58 0 
432 807 36 0 
432 683 57 0 
432 546 18 0 
433 456 90 0 
435 720 40 0 
435 653 77 0 
436 616 67 0 
436 551 72 0 
437 841 77 0 
437 509 15 0 
438 774 36 0 
439 974 89 0 
439 575 27 0 
440 949 57 0 
440 792 61 0 
440 473 89 0 
440 472 81 0 
441 876 51 0 
441 771 14 0 
441 727 25 0 
441 681 35 0 
442 951 25 0 
442 769 71 0 
443 811 38 0 
443 663 59 0 
443 617 15 0 
443 492 49 0 
444 999 37 0 
444 647 34 0 
445 840 50 0 
445 678 79 0 
445 650 65 0 
446 984 40 0 
446 630 61 0 
446 580 78 0 
446 561 76 0 
446 549 82 0 
447 596 25 0 
447 515 62 0 
448 744 77 0 
448 633 9 0 
448 615 54 0 
449 795 44 0 
449 758 47 0 
449 455 55 0 
450 985 78 0 
450 600 85 0 
450 586 84 0 
451 657 11 0 
451 656 71 0 
452 729 29 0 
452 709 91 0 
453 926 51 0 
454 978 38 0 
455 963 29 0 
455 803 26 0 
455 782 69 0 
455 701 62 0 
455 683 55 0 
456 996 33 0 
456 940 50 0 
456 809 17 0 
456 532 21 0 
456 481 47 0 
457 777 18 0 
457 710 93 0 
458 629 90 0 
458 561 124 0 
458 513 88 0 
458 478 107 0 
459 827 96 0 
459 608 89 0 
460 991 66 0 
460 811 97 0 
460 610 78 0 
461 621 36 0 
462 580 85 0 
463 690 33 0 
464 692 66 0 
464 581 95 0 
465 995 69 0 
465 714 43 0 
465 619 31 0 
465 578 46 0 
465 572 89 0 
465 514 11 0 
466 922 63 0 
466 897 52 0 
466 839 19 0 
467 782 75 0 
467 499 58 0 
467 490 53 0 
468 532 48 0 
469 889 57 0 
469 845 48 0 
469 819 34 0 
469 806 49 0 
469 534 26 0 
469 482 48 0 
469 478 50 0 
470 565 74 0 
470 544 7 0 
471 897 18 0 
471 705 54 0 
471 644 62 0 
471 578 20 0 
472 652 93 0 
472 501 36 0 
473 627 51 0 
473 498 10 0 
474 606 43 0 
474 554 15 0 
475 919 87 0 
475 592 96 0 
476 975 95 0 
477 866 56 0 
477 638 60 0 
478 885 27 0 
478 788 23 0 
478 688 73 0 
478 596 71 0 
479 992 56 0 
479 916 30 0 
479 850 52 0 
479 839 49 0 
479 785 73 0 
479 486 70 0 
480 609 90 0 
480 584 47 0 
481 529 109 0 
482 895 53 0 
482 870 79 0 
482 580 34 0 
482 512 47 0 
483 923 30 0 
483 727 83 0 
483 718 35 0 
483 607 27 0 
484 912 2 0 
484 854 33 0 
484 545 16 0 
485 542 57 0 
486 912 26 0 
486 890 67 0 
486 879 10 0 
486 819 16 0 
486 509 34 0 
487 802 21 0 
488 893 95 0 
488 815 35 0 
488 806 30 0 
488 552 33 0 
489 742 59 0 
489 693 39 0 
489 571 21 0 
490 789 51 0 
490 746 8 0 
490 730 19 0 
490 692 39 0 
491 751 28 0 
491 662 87 0 
492 810 61 0 
493 978 80 0 
493 974 43 0 
493 863 92 0 
493 602 23 0 
493 565 82 0 
495 994 40 0 
495 986 32 0 
495 962 51 0 
495 794 60 0 
495 664 19 0 
496 930 36 0 
496 768 107 0 
496 555 25 0 
496 498 12 0 
497 778 100 0 
497 638 76 0 
498 974 80 0 
498 774 40 0 
500 959 44 0 
500 634 51 0 
500 511 78 0 
501 545 23 0 
501 541 38 0 
502 807 51 0 
502 805 71 0 
502 712 95 0 
502 700 5 0 
502 521 16 0 
503 994 35 0 
503 934 41 0 
504 647 76 0 
505 664 18 0 
505 591 33 0 
506 793 72 0 
506 721 70 0 
507 823 44 0 
507 512 78 0 
508 740 32 0 
509 821 34 0 
509 571 49 0 
510 979 33 0 
510 831 60 0 
510 636 45 0 
510 549 38 0 
511 940 30 0 
511 845 22 0 
511 799 23 0 
511 671 40 0 
511 556 45 0 
512 980 21 0 
512 731 56 0 
512 638 12 0 
513 975 78 0 
513 832 59 0 
513 796 58 0 
513 784 19 0 
514 839 29 0 
514 797 70 0 
514 648 93 0 
515 844 22 0 
515 618 35 0 
516 818 59 0 
516 803 16 0 
517 644 70 0 
518 909 33 0 
518 753 67 0 
519 579 24 0 
520 908 57 0 
520 866 49 0 
521 647 59 0 
521 644 58 0 
521 583 79 0 
521 525 65 0 
522 646 17 0 
522 554 33 0 
523 951 51 0 
524 874 65 0 
524 873 50 0 
524 771 83 0 
524 637 72 0 
524 553 91 0 
526 972 74 0 
526 950 49 0 
527 896 81 0 
527 776 91 0 
527 630 58 0 
527 627 62 0 
527 595 42 0 
528 935 76 0 
528 842 72 0 
529 961 42 0 
529 802 53 0 
529 797 33 0 
530 974 38 0 
530 969 58 0 
530 653 53 0 
530 573 28 0 
530 562 49 0 
531 962 57 0 
531 811 44 0 
531 800 36 0 
531 683 29 0 
532 939 36 0 
532 868 38 0 
532 751 25 0 
533 934 31 0 
533 604 59 0 
534 983 33 0 
534 677 46 0 
536 853 50 0 
536 572 67 0 
536 571 14 0 
538 853 50 0 
538 791 15 0 
538 613 25 0 
538 573 45 0 
539 998 81 0 
540 924 59 0 
540 911 85 0 
540 848 90 0 
540 609 10 0 
540 559 15 0 
541 952 76 0 
541 787 82 0 
543 786 31 0 
544 910 54 0 
544 740 45 0 
545 962 54 0 
546 911 100 0 
546 900 31 0 
547 990 80 0 
547 981 62 0 
547 810 60 0 
548 979 79 0 
549 726 9 0 
549 689 110 0 
549 645 75 0 
550 985 51 0 
550 976 49 0 
550 767 42 0 
550 680 85 0 
551 914 9 0 
552 927 37 0 
552 911 45 0 
552 762 38 0 
552 664 42 0 
553 796 44 0 
555 682 47 0 
556 978 32 0 
556 679 53 0 
556 630 51 0 
558 925 39 0 
558 868 43 0 
558 746 48 0 
560 837 90 0 
560 831 94 0 
561 897 35 0 
562 994 77 0 
562 752 89 0 
564 925 62 0 
564 843 54 0 
564 581 35 0 
565 956 21 0 
566 988 22 0 
566 912 12 0 
566 760 46 0 
567 911 77 0 
567 881 40 0 
567 829 18 0 
568 609 69 0 
570 890 86 0 
570 878 78 0 
570 776 38 0 
570 714 56 0 
571 662 51 0 
572 953 93 0 
572 896 72 0 
572 846 78 0 
572 666 89 0 
572 626 106 0 
574 988 36 0 
574 792 54 0 
574 788 62 0 
574 662 13 0 
575 938 50 0 
575 898 44 0 
576 942 73 0 
576 701 13 0 
577 928 70 0 
577 846 50 0 
577 775 20 0 
577 615 29 0 
578 789 15 0 
578 781 82 0 
579 985 25 0 
580 940 78 0 
580 663 20 0 
581 955 76 0 
581 787 70 0 
581 658 76 0 
582 690 72 0 
582 664 65 0 
583 971 81 0 
583 941 47 0 
583 825 77 0 
583 805 79 0 
583 615 33 0 
583 590 53 0 
584 876 38 0 
584 817 58 0 
584 750 78 0 
585 958 25 0 
585 864 81 0 
585 808 42 0 
585 660 24 0 
586 971 38 0 
587 958 101 0 
590 969 73 0 
590 781 50 0 
590 647 61 0 
591 991 48 0 
591 684 56 0 
592 952 27 0 
592 646 43 0 
593 742 28 0 
593 634 42 0 
593 616 86 0 
594 880 27 0 
594 756 41 0 
595 918 18 0 
595 917 53 0 
595 894 29 0 
595 670 64 0 
596 873 55 0 
596 606 72 0 
597 751 34 0 
597 747 50 0 
598 862 28 0 
598 825 85 0 
599 904 64 0 
599 655 82 0 
600 989 66 0 
600 899 74 0 
600 869 78 0 
600 679 48 0 
601 929 39 0 
601 806 34 0 
602 959 48 0 
602 829 29 0 
602 826 8 0 
602 685 96 0 
603 972 14 0 
603 724 52 0 
604 860 63 0 
604 827 10 0 
604 684 93 0 
606 770 66 0 
607 609 63 0 
608 957 113 0 
608 615 55 0 
609 896 67 0 
609 731 80 0 
609 628 83 0 
610 715 42 0 
611 686 49 0 
611 615 33 0 
613 998 25 0 
613 991 12 0 
613 950 16 0 
613 744 59 0 
613 704 65 0 
614 933 30 0 
614 866 65 0 
614 844 42 0 
614 820 43 0 
615 952 45 0 
615 895 59 0 
616 980 76 0 
616 978 76 0 
616 730 76 0 
618 723 57 0 
619 857 31 0 
619 780 49 0 
619 683 52 0 
619 665 35 0 
620 813 59 0 
620 773 33 0 
620 645 71 0 
621 886 7 0 
621 796 73 0 
622 713 52 0 
622 685 10 0 
623 805 69 0 
623 624 74 0 
625 996 77 0 
625 981 55 0 
625 859 71 0 
625 794 91 0 
625 630 15 0 
626 709 109 0 
626 697 51 0 
627 903 65 0 
627 653 91 0 
628 911 62 0 
628 648 49 0 
628 643 20 0 
630 725 82 0 
630 696 77 0 
630 682 64 0 
631 954 17 0 
631 829 46 0 
631 699 45 0 
631 696 39 0 
633 831 107 0 
633 738 23 0 
634 922 31 0 
634 678 41 0 
634 658 53 0 
635 924 30 0 
635 777 26 0 
635 665 50 0 
636 731 91 0 
637 897 57 0 
637 854 63 0 
638 898 29 0 
639 915 23 0 
639 840 36 0 
639 720 49 0 
639 691 68 0 
640 898 39 0 
640 841 40 0 
642 992 38 0 
642 795 24 0 
642 728 24 0 
642 692 43 0 
643 989 57 0 
643 664 82 0 
644 972 17 0 
645 865 30 0 
645 784 68 0 
646 825 43 0 
647 698 47 0 
648 718 117 0 
649 996 26 0 
649 984 40 0 
649 751 49 0 
649 731 57 0 
651 921 48 0 
651 664 72 0 
653 926 82 0 
653 916 71 0 
654 837 69 0 
654 816 17 0 
655 954 61 0 
655 934 59 0 
655 885 59 0 
655 745 57 0 
656 909 18 0 
656 796 15 0 
656 702 35 0 
657 966 81 0 
658 996 73 0 
658 904 87 0 
658 679 71 0 
659 702 65 0 
660 715 23 0 
661 871 40 0 
661 818 49 0 
662 959 64 0 
663 723 34 0 
663 705 46 0 
664 833 107 0 
664 765 52 0 
665 726 26 0 
666 702 82 0 
669 898 45 0 
670 961 37 0 
670 678 93 0 
672 964 15 0 
672 708 30 0 
673 852 39 0 
673 774 75 0 
673 702 34 0 
673 684 41 0 
675 969 107 0 
675 833 91 0 
675 719 55 0 
677 988 57 0 
677 947 45 0 
678 853 75 0 
678 727 81 0 
679 897 70 0 
679 850 20 0 
680 955 96 0 
681 893 100 0 
681 856 89 0 
682 814 64 0 
683 768 84 0 
683 751 51 0 
684 738 103 0 
685 688 55 0 
686 981 28 0 
686 881 115 0 
687 809 79 0 
688 769 86 0 
689 884 95 0 
691 978 6 0 
693 891 82 0 
693 754 91 0 
694 832 54 0 
697 964 52 0 
697 917 22 0 
697 812 44 0 
698 937 91 0 
698 891 97 0 
699 881 113 0 
699 777 78 0 
700 992 52 0 
700 931 72 0 
700 839 82 0 
700 838 45 0 
701 970 64 0 
701 924 50 0 
701 885 53 0 
701 793 24 0 
702 894 59 0 
702 859 66 0 
703 987 7 0 
704 728 92 0 
705 801 11 0 
706 806 66 0 
706 786 56 0 
706 743 88 0 
708 873 37 0 
708 752 54 0 
709 840 68 0 
709 751 70 0 
710 961 82 0 
710 909 85 0 
710 843 59 0 
711 881 64 0 
711 870 69 0 
711 853 50 0 
711 844 13 0 
712 778 61 0 
713 786 49 0 
714 780 43 0 
715 968 41 0 
715 787 29 0 
715 754 50 0 
715 718 79 0 
716 744 20 0 
717 995 90 0 
717 733 76 0 
718 973 84 0 
718 722 27 0 
719 720 14 0 
720 786 20 0 
721 909 62 0 
721 764 89 0 
725 731 70 0 
725 726 8 0 
726 902 93 0 
726 761 50 0 
727 757 93 0 
727 737 106 0 
729 735 17 0 
730 923 36 0 
731 992 26 0 
731 987 74 0 
731 818 66 0 
731 788 11 0 
732 955 38 0 
733 979 85 0 
734 791 21 0 
735 773 12 0 
739 948 47 0 
739 934 43 0 
739 922 69 0 
740 975 79 0 
740 743 30 0 
741 949 57 0 
741 846 21 0 
741 763 36 0 
742 751 63 0 
744 919 59 0 
745 912 13 0 
746 929 53 0 
746 777 30 0 
747 917 90 0 
747 887 36 0 
748 976 67 0 
751 955 50 0 
751 926 33 0 
751 864 51 0 
751 825 26 0 
752 976 78 0 
752 902 6 0 
752 857 64 0 
754 943 31 0 
754 815 62 0 
755 794 71 0 
758 781 72 0 
762 970 39 0 
763 952 37 0 
763 924 29 0 
764 984 30 0 
764 962 24 0 
764 835 73 0 
764 824 41 0 
765 924 10 0 
766 973 81 0 
766 893 22 0 
766 827 66 0 
767 781 76 0 
768 978 79 0 
768 809 84 0 
769 895 84 0 
770 858 79 0 
770 819 77 0 
771 820 22 0 
775 831 58 0 
777 956 43 0 
779 969 103 0 
780 923 43 0 
781 909 13 0 
781 844 74 0 
781 787 66 0 
783 801 67 0 
784 919 27 0 
784 870 67 0 
784 868 59 0 
784 846 15 0 
784 824 49 0 
785 863 12 0 
785 835 8 0 
786 868 23 0 
786 828 61 0 
787 873 18 0 
788 902 19 0 
790 880 39 0 
794 814 73 0 
795 946 77 0 
795 894 66 0 
796 993 57 0 
798 982 34 0 
798 905 18 0 
801 958 74 0 
802 915 37 0 
802 814 55 0 
803 994 37 0 
803 951 13 0 
803 930 44 0 
804 941 93 0 
805 928 83 0 
805 867 102 0 
806 907 40 0 
808 826 58 0 
810 918 37 0 
813 982 45 0 
813 942 96 0 
813 929 109 0 
813 877 80 0 
818 875 89 0 
819 860 17 0 
820 935 31 0 
820 854 24 0 
821 990 54 0 
821 928 68 0 
822 973 71 0 
822 903 44 0 
824 909 27 0 
824 893 79 0 
825 920 67 0 
826 886 20 0 
826 884 77 0 
827 917 90 0 
827 846 47 0 
829 958 73 0 
830 937 10 0 
830 887 64 0 
833 889 28 0 
833 859 13 0 
834 880 50 0 
836 930 53 0 
837 935 92 0 
837 880 89 0 
837 851 81 0 
837 849 86 0 
838 956 69 0 
840 892 62 0 
842 923 38 0 
842 866 48 0 
848 953 20 0 
849 943 37 0 
851 949 63 0 
852 915 15 0 
852 914 29 0 
853 948 69 0 
854 889 38 0 
855 918 71 0 
856 992 59 0 
856 926 66 0 
857 920 39 0 
857 864 78 0 
859 911 94 0 
861 994 49 0 
861 968 29 0 
862 877 16 0 
863 867 64 0 
865 876 68 0 
866 979 58 0 
867 982 49 0 
875 942 65 0 
877 960 54 0 
877 927 64 0 
878 944 66 0 
882 977 26 0 
883 924 55 0 
884 975 46 0 
887 922 33 0 
888 963 43 0 
888 918 51 0 
889 985 23 0 
889 957 76 0 
891 897 71 0 
897 986 67 0 
899 999 68 0 
901 983 20 0 
901 938 91 0 
902 906 60 0 
905 975 65 0 
907 952 46 0 
908 973 49 0 
913 985 45 0 
914 927 13 0 
915 976 21 0 
918 952 21 0 
924 940 34 0 
925 965 1 0 
931 946 21 0 
934 937 68 0 
936 974 65 0 
939 941 56 0 
942 997 55 0 
946 996 83 0 
956 983 59 0 
977 998 38 0 
982 986 36 0 
993 995 41 0 
