#GRAPH (#nodes #edges id uu vv ww xx yy zz):
#150 542 geo(0,{150,100,3,0.022,0.000,0.000}) 100 
#
VERTICES (index name u v w x y z):
0 0 83 80 
1 1 40 29 
2 2 8 0 
3 3 63 6 
4 4 99 60 
5 5 15 51 
6 6 96 67 
7 7 79 21 
8 8 83 79 
9 9 79 11 
10 10 64 82 
11 11 34 67 
12 12 97 1 
13 13 36 69 
14 14 84 95 
15 15 98 13 
16 16 74 44 
17 17 50 98 
18 18 21 88 
19 19 41 97 
20 20 78 47 
21 21 18 68 
22 22 17 85 
23 23 48 88 
24 24 23 51 
25 25 64 2 
26 26 32 44 
27 27 70 52 
28 28 85 31 
29 29 24 43 
30 30 99 42 
31 31 76 36 
32 32 33 89 
33 33 58 76 
34 34 85 10 
35 35 36 20 
36 36 91 3 
37 37 63 10 
38 38 87 98 
39 39 55 31 
40 40 95 57 
41 41 5 13 
42 42 1 69 
43 43 30 81 
44 44 6 29 
45 45 36 79 
46 46 45 91 
47 47 35 89 
48 48 60 58 
49 49 13 68 
50 50 16 9 
51 51 46 79 
52 52 14 69 
53 53 9 30 
54 54 94 3 
55 55 44 93 
56 56 38 21 
57 57 10 42 
58 58 43 98 
59 59 10 37 
60 60 87 8 
61 61 55 97 
62 62 17 39 
63 63 90 44 
64 64 85 43 
65 65 93 50 
66 66 50 67 
67 67 8 92 
68 68 93 51 
69 69 81 5 
70 70 99 26 
71 71 66 40 
72 72 98 25 
73 73 48 98 
74 74 75 6 
75 75 6 2 
76 76 86 89 
77 77 64 42 
78 78 53 45 
79 79 95 87 
80 80 39 36 
81 81 96 53 
82 82 34 15 
83 83 15 14 
84 84 79 59 
85 85 79 95 
86 86 16 77 
87 87 31 58 
88 88 20 24 
89 89 52 74 
90 90 4 1 
91 91 32 27 
92 92 78 73 
93 93 34 41 
94 94 69 77 
95 95 26 72 
96 96 90 51 
97 97 11 96 
98 98 82 90 
99 99 59 21 
100 100 69 75 
101 101 13 26 
102 102 43 15 
103 103 42 91 
104 104 61 10 
105 105 43 55 
106 106 50 65 
107 107 46 98 
108 108 27 4 
109 109 17 10 
110 110 33 24 
111 111 81 25 
112 112 56 21 
113 113 33 49 
114 114 11 91 
115 115 8 95 
116 116 76 54 
117 117 47 46 
118 118 43 30 
119 119 89 89 
120 120 57 40 
121 121 36 72 
122 122 82 39 
123 123 33 54 
124 124 3 58 
125 125 10 67 
126 126 7 13 
127 127 23 12 
128 128 43 28 
129 129 11 22 
130 130 83 55 
131 131 65 60 
132 132 69 22 
133 133 52 22 
134 134 25 48 
135 135 70 80 
136 136 7 36 
137 137 40 64 
138 138 83 46 
139 139 98 57 
140 140 80 33 
141 141 15 21 
142 142 32 35 
143 143 74 49 
144 144 89 21 
145 145 3 28 
146 146 88 98 
147 147 28 47 
148 148 97 29 
149 149 70 17 
#
EDGES (from-node to-node length a b):
0 149 64 0 
0 123 56 0 
0 98 10 0 
1 73 69 0 
1 54 60 0 
1 45 50 0 
1 30 60 0 
2 119 120 0 
2 112 52 0 
2 66 79 0 
2 27 81 0 
2 19 102 0 
3 73 93 0 
3 38 95 0 
3 11 68 0 
4 121 64 0 
4 105 56 0 
5 99 53 0 
5 25 69 0 
6 141 93 0 
6 136 94 0 
6 57 90 0 
7 149 10 0 
7 94 57 0 
7 72 19 0 
7 24 64 0 
7 14 74 0 
8 149 63 0 
8 143 31 0 
8 140 46 0 
8 133 65 0 
9 115 110 0 
9 81 45 0 
9 76 78 0 
9 73 92 0 
9 38 87 0 
10 76 23 0 
10 58 26 0 
10 56 66 0 
10 35 68 0 
11 135 38 0 
11 127 56 0 
11 115 38 0 
11 93 26 0 
11 56 46 0 
12 123 83 0 
12 85 96 0 
12 71 50 0 
12 31 41 0 
13 148 73 0 
13 107 31 0 
13 86 22 0 
13 65 60 0 
13 60 80 0 
13 57 37 0 
14 139 40 0 
14 105 57 0 
14 68 45 0 
14 41 114 0 
14 39 70 0 
15 111 21 0 
15 48 59 0 
16 117 27 0 
16 103 57 0 
16 92 29 0 
16 54 46 0 
16 46 55 0 
17 126 95 0 
17 100 30 0 
17 48 41 0 
18 144 95 0 
19 138 66 0 
19 63 72 0 
19 35 77 0 
20 106 33 0 
21 141 47 0 
21 116 60 0 
21 71 56 0 
21 56 51 0 
21 55 36 0 
21 53 39 0 
22 116 67 0 
22 101 59 0 
22 100 53 0 
22 64 80 0 
22 45 20 0 
23 131 33 0 
23 80 53 0 
23 58 11 0 
24 145 30 0 
24 77 42 0 
24 76 74 0 
25 68 57 0 
25 56 32 0 
25 34 22 0 
26 88 23 0 
26 77 32 0 
27 59 62 0 
28 117 41 0 
28 104 32 0 
28 78 35 0 
28 71 21 0 
29 109 34 0 
29 63 66 0 
29 56 26 0 
29 34 69 0 
30 131 38 0 
30 67 104 0 
30 53 91 0 
30 50 89 0 
31 149 20 0 
31 133 28 0 
31 66 40 0 
32 120 55 0 
32 102 75 0 
32 98 49 0 
32 91 62 0 
32 69 97 0 
33 138 39 0 
33 137 22 0 
33 57 59 0 
33 49 46 0 
33 43 28 0 
34 128 46 0 
34 69 6 0 
34 58 98 0 
34 55 93 0 
35 90 37 0 
35 63 59 0 
36 96 48 0 
36 88 74 0 
36 40 54 0 
37 54 32 0 
38 138 52 0 
38 109 112 0 
38 81 46 0 
39 126 51 0 
39 123 32 0 
40 117 49 0 
41 96 93 0 
42 144 100 0 
42 130 83 0 
42 118 57 0 
42 105 44 0 
42 82 63 0 
42 69 102 0 
43 144 84 0 
43 98 53 0 
44 129 9 0 
44 52 41 0 
45 135 34 0 
45 131 35 0 
45 121 7 0 
45 49 25 0 
46 139 63 0 
47 86 22 0 
47 59 58 0 
48 92 23 0 
48 68 34 0 
49 141 47 0 
49 102 61 0 
50 79 111 0 
51 93 40 0 
52 138 73 0 
52 92 64 0 
52 91 46 0 
53 118 34 0 
53 89 62 0 
53 78 46 0 
53 72 89 0 
53 65 86 0 
53 60 81 0 
54 133 46 0 
54 60 9 0 
55 56 72 0 
56 145 36 0 
56 141 23 0 
56 90 39 0 
58 149 85 0 
58 147 53 0 
58 123 45 0 
58 88 77 0 
58 80 62 0 
58 68 69 0 
59 121 44 0 
59 77 54 0 
59 75 35 0 
59 60 82 0 
60 147 71 0 
60 87 75 0 
60 72 20 0 
61 146 33 0 
61 143 52 0 
61 122 64 0 
62 133 39 0 
63 140 15 0 
64 125 79 0 
65 138 11 0 
65 130 11 0 
66 124 48 0 
67 134 47 0 
67 76 78 0 
68 112 48 0 
69 136 80 0 
70 109 84 0 
71 137 35 0 
71 87 39 0 
73 148 85 0 
73 132 79 0 
73 123 46 0 
74 147 62 0 
74 91 48 0 
76 120 57 0 
76 108 103 0 
77 142 33 0 
79 95 71 0 
80 129 31 0 
80 113 14 0 
80 86 47 0 
82 117 34 0 
83 119 105 0 
83 106 62 0 
84 97 77 0 
85 132 74 0 
85 100 22 0 
87 97 43 0 
88 114 68 0 
90 117 62 0 
90 105 67 0 
91 135 65 0 
91 128 11 0 
91 99 28 0 
92 142 60 0 
92 141 82 0 
93 106 29 0 
95 144 81 0 
95 126 62 0 
95 117 33 0 
96 121 58 0 
97 147 52 0 
97 120 72 0 
97 100 62 0 
98 131 34 0 
98 130 35 0 
99 129 48 0 
99 102 17 0 
102 124 59 0 
103 121 20 0 
104 105 48 0 
105 132 42 0 
107 146 42 0 
107 126 94 0 
110 114 71 0 
111 131 38 0 
112 144 33 0 
113 142 14 0 
113 127 38 0 
114 143 76 0 
114 121 31 0 
117 147 19 0 
119 143 43 0 
119 140 57 0 
120 147 30 0 
120 125 54 0 
121 136 46 0 
122 140 6 0 
122 137 49 0 
128 135 59 0 
131 148 45 0 
135 145 85 0 
140 143 17 0 
