#GRAPH (#nodes #edges id uu vv ww xx yy zz):
#150 548 geo(0,{150,100,3,0.022,0.000,0.000}) 100 
#
VERTICES (index name u v w x y z):
0 0 86 68 
1 1 27 67 
2 2 20 39 
3 3 13 38 
4 4 90 84 
5 5 48 25 
6 6 34 81 
7 7 72 74 
8 8 42 61 
9 9 55 83 
10 10 28 66 
11 11 22 46 
12 12 71 82 
13 13 54 10 
14 14 68 91 
15 15 6 75 
16 16 10 83 
17 17 79 95 
18 18 41 51 
19 19 88 20 
20 20 39 93 
21 21 96 42 
22 22 25 78 
23 23 57 73 
24 24 64 53 
25 25 0 6 
26 26 67 13 
27 27 48 47 
28 28 23 48 
29 29 95 33 
30 30 30 41 
31 31 49 96 
32 32 80 36 
33 33 50 32 
34 34 95 22 
35 35 44 39 
36 36 64 84 
37 37 23 84 
38 38 14 69 
39 39 34 39 
40 40 45 79 
41 41 20 35 
42 42 57 72 
43 43 37 42 
44 44 4 12 
45 45 75 50 
46 46 86 50 
47 47 30 3 
48 48 45 19 
49 49 8 44 
50 50 57 95 
51 51 57 57 
52 52 86 1 
53 53 19 31 
54 54 1 35 
55 55 20 79 
56 56 69 81 
57 57 65 86 
58 58 65 7 
59 59 77 24 
60 60 19 60 
61 61 64 98 
62 62 21 62 
63 63 64 55 
64 64 15 47 
65 65 35 84 
66 66 60 61 
67 67 75 92 
68 68 27 62 
69 69 16 44 
70 70 24 90 
71 71 19 56 
72 72 65 90 
73 73 68 45 
74 74 1 82 
75 75 23 9 
76 76 69 24 
77 77 97 26 
78 78 38 40 
79 79 40 80 
80 80 62 83 
81 81 52 88 
82 82 31 54 
83 83 25 43 
84 84 38 80 
85 85 43 28 
86 86 37 89 
87 87 37 35 
88 88 35 82 
89 89 70 79 
90 90 57 65 
91 91 65 6 
92 92 87 36 
93 93 27 13 
94 94 4 66 
95 95 54 26 
96 96 43 85 
97 97 43 37 
98 98 18 88 
99 99 35 32 
100 100 73 82 
101 101 28 42 
102 102 53 99 
103 103 38 57 
104 104 60 99 
105 105 52 45 
106 106 85 26 
107 107 96 53 
108 108 24 51 
109 109 13 19 
110 110 28 51 
111 111 79 30 
112 112 47 88 
113 113 22 73 
114 114 26 45 
115 115 93 90 
116 116 43 70 
117 117 74 93 
118 118 55 14 
119 119 32 9 
120 120 7 1 
121 121 23 12 
122 122 74 22 
123 123 12 8 
124 124 81 3 
125 125 54 64 
126 126 11 92 
127 127 42 93 
128 128 87 0 
129 129 53 64 
130 130 10 51 
131 131 22 78 
132 132 77 58 
133 133 38 43 
134 134 70 44 
135 135 31 24 
136 136 54 83 
137 137 92 80 
138 138 25 20 
139 139 98 17 
140 140 46 87 
141 141 89 66 
142 142 32 29 
143 143 44 92 
144 144 92 94 
145 145 55 90 
146 146 4 52 
147 147 22 0 
148 148 97 78 
149 149 27 48 
#
EDGES (from-node to-node length a b):
0 136 35 0 
0 59 45 0 
0 52 67 0 
0 9 34 0 
0 8 45 0 
1 110 16 0 
1 23 31 0 
2 128 78 0 
2 35 24 0 
2 4 83 0 
3 137 89 0 
3 101 16 0 
3 73 55 0 
3 25 35 0 
4 88 55 0 
5 127 68 0 
5 79 56 0 
5 73 28 0 
6 139 91 0 
7 140 29 0 
7 133 46 0 
7 41 65 0 
7 21 40 0 
7 15 66 0 
8 93 50 0 
8 82 13 0 
8 38 29 0 
9 90 18 0 
9 65 20 0 
9 63 29 0 
9 47 84 0 
9 20 19 0 
10 129 25 0 
10 102 41 0 
11 116 32 0 
11 110 8 0 
11 42 44 0 
12 100 2 0 
12 13 74 0 
13 119 22 0 
13 77 46 0 
13 69 51 0 
14 86 31 0 
14 69 70 0 
14 37 46 0 
14 29 64 0 
15 138 58 0 
15 46 84 0 
16 107 91 0 
16 88 25 0 
16 54 49 0 
17 137 20 0 
17 93 97 0 
17 91 90 0 
17 68 62 0 
17 47 104 0 
17 32 59 0 
17 24 45 0 
18 132 37 0 
18 105 13 0 
18 82 10 0 
18 67 53 0 
19 96 79 0 
20 134 58 0 
20 127 3 0 
20 109 78 0 
20 39 54 0 
21 110 69 0 
21 85 55 0 
21 68 72 0 
21 66 41 0 
22 140 23 0 
22 119 69 0 
22 110 27 0 
22 101 36 0 
22 49 38 0 
23 89 14 0 
23 64 49 0 
23 33 42 0 
23 26 61 0 
24 77 43 0 
24 29 37 0 
25 122 76 0 
25 102 107 0 
25 81 97 0 
25 71 53 0 
25 60 57 0 
25 46 97 0 
26 145 78 0 
26 90 53 0 
26 45 38 0 
26 30 46 0 
27 112 41 0 
27 50 49 0 
27 47 48 0 
28 107 73 0 
28 72 59 0 
28 40 38 0 
29 128 34 0 
29 99 60 0 
29 97 52 0 
29 77 7 0 
29 57 61 0 
29 41 75 0 
29 32 15 0 
30 134 40 0 
30 64 16 0 
31 117 25 0 
31 64 60 0 
32 141 31 0 
32 120 81 0 
32 82 52 0 
32 66 32 0 
33 84 49 0 
34 146 96 0 
34 143 87 0 
34 114 73 0 
35 144 73 0 
35 140 48 0 
35 111 36 0 
35 110 20 0 
36 123 92 0 
36 89 8 0 
36 86 27 0 
36 55 44 0 
37 127 21 0 
37 89 47 0 
37 68 22 0 
38 51 45 0 
39 112 51 0 
39 76 38 0 
40 70 24 0 
40 60 32 0 
40 55 25 0 
41 85 24 0 
41 43 18 0 
42 122 53 0 
42 118 58 0 
42 96 19 0 
42 56 15 0 
42 50 23 0 
43 135 19 0 
44 133 46 0 
44 114 40 0 
45 113 58 0 
45 88 51 0 
45 74 81 0 
45 68 49 0 
46 50 54 0 
47 120 23 0 
48 142 16 0 
48 117 79 0 
48 87 18 0 
48 56 66 0 
48 53 29 0 
49 88 47 0 
50 128 100 0 
50 94 60 0 
50 81 9 0 
51 133 24 0 
52 86 101 0 
53 92 68 0 
54 83 25 0 
55 73 59 0 
56 138 75 0 
56 105 40 0 
56 85 59 0 
56 62 52 0 
57 147 96 0 
57 107 45 0 
58 129 58 0 
58 110 57 0 
58 105 40 0 
59 128 26 0 
59 123 67 0 
59 91 22 0 
60 71 4 0 
60 69 16 0 
61 138 87 0 
61 119 95 0 
63 144 48 0 
63 67 39 0 
64 84 40 0 
64 71 10 0 
65 118 73 0 
65 102 23 0 
65 74 34 0 
66 125 7 0 
66 96 29 0 
66 68 33 0 
67 128 93 0 
68 114 17 0 
69 101 12 0 
70 131 12 0 
70 106 88 0 
70 103 36 0 
71 147 56 0 
71 73 50 0 
72 90 26 0 
72 87 62 0 
73 147 64 0 
73 127 55 0 
75 149 39 0 
75 95 35 0 
76 124 24 0 
77 140 80 0 
77 109 84 0 
78 149 14 0 
78 137 67 0 
78 127 53 0 
78 103 17 0 
80 142 62 0 
80 120 99 0 
80 99 58 0 
80 85 58 0 
81 132 39 0 
82 115 72 0 
83 142 16 0 
84 127 14 0 
84 123 77 0 
84 96 7 0 
85 139 56 0 
85 108 30 0 
86 142 60 0 
86 122 77 0 
86 121 78 0 
87 146 37 0 
87 118 28 0 
87 116 36 0 
87 112 54 0 
88 92 69 0 
91 144 92 0 
91 124 16 0 
92 98 86 0 
95 149 35 0 
95 102 73 0 
97 104 64 0 
98 113 16 0 
99 131 48 0 
100 108 58 0 
101 121 30 0 
102 125 35 0 
103 123 55 0 
104 148 43 0 
104 132 44 0 
105 142 26 0 
105 134 18 0 
105 114 26 0 
108 121 39 0 
108 120 53 0 
109 143 79 0 
109 118 42 0 
110 132 49 0 
111 125 42 0 
111 123 71 0 
111 120 78 0 
113 149 25 0 
114 124 69 0 
115 134 51 0 
116 123 69 0 
118 133 34 0 
118 130 58 0 
120 132 90 0 
121 131 66 0 
122 125 47 0 
123 130 43 0 
126 140 35 0 
127 146 56 0 
129 135 46 0 
130 139 94 0 
131 149 30 0 
132 137 27 0 
132 136 34 0 
136 142 58 0 
