#GRAPH (#nodes #edges id uu vv ww xx yy zz):
#150 546 geo(0,{150,100,3,0.022,0.000,0.000}) 100 
#
VERTICES (index name u v w x y z):
0 0 14 91 
1 1 26 62 
2 2 72 3 
3 3 36 89 
4 4 96 13 
5 5 29 8 
6 6 77 54 
7 7 23 77 
8 8 4 25 
9 9 32 32 
10 10 72 94 
11 11 21 76 
12 12 58 29 
13 13 42 45 
14 14 87 51 
15 15 77 76 
16 16 5 84 
17 17 46 63 
18 18 23 22 
19 19 94 81 
20 20 70 1 
21 21 62 9 
22 22 36 77 
23 23 82 22 
24 24 40 60 
25 25 49 91 
26 26 88 53 
27 27 19 1 
28 28 23 51 
29 29 20 72 
30 30 0 37 
31 31 75 82 
32 32 55 45 
33 33 17 5 
34 34 20 18 
35 35 44 95 
36 36 53 49 
37 37 66 12 
38 38 99 43 
39 39 7 13 
40 40 16 75 
41 41 90 0 
42 42 51 99 
43 43 62 62 
44 44 6 84 
45 45 91 20 
46 46 34 5 
47 47 33 57 
48 48 20 12 
49 49 72 61 
50 50 85 37 
51 51 77 62 
52 52 73 44 
53 53 63 66 
54 54 40 82 
55 55 28 67 
56 56 77 69 
57 57 60 2 
58 58 57 14 
59 59 43 52 
60 60 29 50 
61 61 85 75 
62 62 40 93 
63 63 45 26 
64 64 87 5 
65 65 76 70 
66 66 61 85 
67 67 21 4 
68 68 74 99 
69 69 60 98 
70 70 80 61 
71 71 39 3 
72 72 64 67 
73 73 68 45 
74 74 78 99 
75 75 50 75 
76 76 17 53 
77 77 74 9 
78 78 0 78 
79 79 82 98 
80 80 63 96 
81 81 81 16 
82 82 74 21 
83 83 36 47 
84 84 81 18 
85 85 96 59 
86 86 81 23 
87 87 74 34 
88 88 43 19 
89 89 35 76 
90 90 37 47 
91 91 80 23 
92 92 81 15 
93 93 85 24 
94 94 8 7 
95 95 31 78 
96 96 36 42 
97 97 6 46 
98 98 81 20 
99 99 26 95 
100 100 55 66 
101 101 88 12 
102 102 56 98 
103 103 4 16 
104 104 12 44 
105 105 55 14 
106 106 92 87 
107 107 55 5 
108 108 92 96 
109 109 96 55 
110 110 32 93 
111 111 5 6 
112 112 39 21 
113 113 39 95 
114 114 20 54 
115 115 49 6 
116 116 45 4 
117 117 23 68 
118 118 6 76 
119 119 41 24 
120 120 24 78 
121 121 25 81 
122 122 63 88 
123 123 61 38 
124 124 20 60 
125 125 32 79 
126 126 62 37 
127 127 70 77 
128 128 79 81 
129 129 72 12 
130 130 89 19 
131 131 48 73 
132 132 82 9 
133 133 86 49 
134 134 63 82 
135 135 93 64 
136 136 73 85 
137 137 66 4 
138 138 60 1 
139 139 60 15 
140 140 57 62 
141 141 0 51 
142 142 22 85 
143 143 68 87 
144 144 62 46 
145 145 76 91 
146 146 72 73 
147 147 12 28 
148 148 71 59 
149 149 37 76 
#
EDGES (from-node to-node length a b):
0 148 65 0 
0 100 48 0 
0 64 113 0 
0 48 79 0 
0 12 76 0 
1 100 29 0 
1 54 24 0 
1 38 75 0 
1 32 34 0 
1 13 23 0 
2 97 79 0 
2 91 22 0 
2 62 96 0 
2 4 26 0 
3 128 44 0 
3 117 25 0 
3 104 51 0 
3 25 13 0 
4 87 30 0 
4 81 15 0 
4 33 79 0 
5 126 44 0 
5 97 44 0 
5 79 104 0 
5 71 11 0 
6 125 51 0 
6 93 31 0 
6 57 55 0 
7 123 54 0 
7 120 1 0 
7 116 76 0 
7 106 70 0 
7 104 35 0 
7 96 37 0 
7 82 76 0 
7 78 23 0 
7 48 65 0 
7 33 72 0 
8 102 90 0 
8 56 85 0 
9 119 12 0 
9 116 31 0 
10 141 84 0 
10 37 82 0 
11 116 76 0 
11 74 61 0 
12 67 45 0 
13 108 71 0 
13 94 51 0 
14 137 51 0 
14 101 39 0 
14 32 33 0 
14 21 49 0 
15 110 48 0 
15 92 61 0 
15 52 32 0 
16 83 48 0 
17 55 18 0 
17 26 43 0 
18 131 57 0 
19 134 31 0 
19 81 66 0 
19 66 33 0 
19 52 43 0 
20 126 37 0 
20 79 98 0 
22 119 53 0 
22 76 31 0 
22 61 49 0 
23 146 52 0 
23 128 59 0 
23 72 48 0 
24 148 31 0 
25 133 56 0 
25 128 32 0 
25 116 87 0 
25 82 74 0 
25 66 13 0 
26 130 34 0 
26 95 62 0 
27 149 77 0 
27 141 53 0 
27 125 79 0 
27 123 56 0 
27 113 96 0 
27 78 79 0 
27 50 75 0 
27 41 71 0 
28 54 35 0 
28 42 56 0 
29 99 24 0 
29 81 83 0 
29 35 33 0 
30 143 84 0 
30 72 71 0 
30 54 60 0 
31 138 82 0 
31 41 83 0 
31 33 96 0 
32 126 11 0 
32 121 47 0 
32 106 56 0 
33 148 76 0 
33 145 104 0 
33 111 12 0 
34 145 92 0 
34 96 29 0 
35 48 86 0 
36 144 9 0 
36 138 49 0 
36 87 26 0 
37 124 66 0 
37 121 80 0 
37 56 58 0 
37 43 50 0 
38 106 45 0 
38 85 16 0 
39 136 98 0 
39 111 7 0 
39 85 100 0 
39 60 43 0 
39 41 84 0 
40 126 60 0 
40 91 82 0 
41 97 96 0 
41 94 82 0 
41 75 85 0 
41 73 50 0 
41 55 91 0 
41 44 119 0 
42 126 63 0 
42 122 16 0 
42 99 25 0 
42 53 35 0 
43 116 60 0 
43 84 48 0 
43 50 34 0 
44 139 88 0 
45 132 14 0 
45 124 81 0 
45 118 102 0 
45 112 52 0 
45 68 81 0 
46 138 26 0 
46 101 54 0 
46 94 26 0 
46 51 71 0 
46 47 52 0 
47 125 22 0 
47 94 56 0 
48 83 38 0 
48 79 106 0 
48 70 77 0 
48 69 95 0 
48 58 37 0 
49 113 47 0 
50 145 55 0 
50 81 21 0 
50 62 72 0 
50 58 36 0 
51 76 61 0 
51 71 70 0 
52 72 25 0 
53 125 34 0 
53 116 65 0 
53 88 51 0 
53 63 44 0 
54 121 15 0 
54 111 84 0 
54 106 52 0 
54 62 11 0 
55 134 38 0 
56 77 60 0 
56 64 65 0 
57 113 95 0 
57 59 53 0 
58 131 60 0 
58 114 54 0 
59 141 43 0 
59 123 23 0 
59 116 48 0 
59 111 60 0 
59 94 57 0 
59 74 59 0 
60 120 28 0 
60 108 78 0 
60 73 39 0 
61 147 87 0 
61 120 61 0 
61 94 103 0 
61 72 22 0 
62 115 87 0 
62 72 35 0 
63 135 61 0 
63 103 42 0 
63 86 36 0 
63 75 49 0 
65 75 26 0 
66 102 14 0 
67 90 46 0 
68 71 102 0 
69 106 34 0 
70 118 76 0 
71 139 24 0 
72 125 34 0 
74 147 97 0 
74 119 84 0 
74 115 97 0 
74 77 90 0 
75 97 53 0 
76 144 46 0 
76 131 37 0 
76 121 29 0 
76 119 38 0 
76 84 73 0 
76 82 65 0 
77 140 56 0 
77 88 33 0 
78 126 74 0 
78 121 25 0 
78 89 35 0 
79 132 89 0 
80 132 89 0 
81 141 88 0 
81 130 9 0 
82 123 21 0 
83 115 43 0 
83 101 63 0 
84 109 40 0 
84 87 17 0 
86 138 30 0 
87 130 21 0 
87 102 66 0 
88 146 61 0 
89 116 73 0 
90 125 32 0 
91 147 68 0 
91 136 62 0 
91 103 76 0 
93 120 81 0 
93 103 81 0 
94 142 79 0 
94 111 3 0 
95 143 38 0 
96 131 33 0 
98 131 62 0 
99 123 67 0 
100 132 63 0 
100 127 19 0 
100 122 23 0 
101 149 82 0 
102 144 52 0 
104 143 71 0 
104 129 68 0 
105 127 65 0 
107 111 50 0 
108 124 80 0 
112 122 71 0 
114 123 44 0 
115 146 71 0 
115 135 73 0 
116 141 65 0 
117 140 35 0 
118 140 53 0 
119 147 29 0 
119 134 62 0 
120 144 50 0 
120 129 82 0 
127 139 63 0 
130 143 71 0 
132 146 65 0 
136 144 41 0 
142 143 46 0 
