#GRAPH (#nodes #edges id uu vv ww xx yy zz):
#150 498 geo(0,{150,100,3,0.022,0.000,0.000}) 100 
#
VERTICES (index name u v w x y z):
0 0 91 40 
1 1 25 21 
2 2 87 64 
3 3 89 56 
4 4 22 25 
5 5 5 15 
6 6 94 68 
7 7 39 31 
8 8 31 91 
9 9 87 85 
10 10 75 97 
11 11 20 82 
12 12 24 51 
13 13 28 25 
14 14 75 54 
15 15 4 62 
16 16 28 7 
17 17 81 94 
18 18 46 23 
19 19 13 27 
20 20 77 77 
21 21 5 86 
22 22 15 20 
23 23 26 77 
24 24 70 41 
25 25 50 63 
26 26 50 51 
27 27 28 45 
28 28 96 43 
29 29 81 10 
30 30 55 53 
31 31 97 94 
32 32 23 43 
33 33 59 41 
34 34 40 9 
35 35 18 18 
36 36 24 47 
37 37 94 77 
38 38 16 25 
39 39 36 45 
40 40 49 63 
41 41 89 22 
42 42 23 58 
43 43 41 35 
44 44 92 25 
45 45 59 45 
46 46 74 78 
47 47 61 61 
48 48 67 88 
49 49 91 98 
50 50 29 43 
51 51 46 79 
52 52 2 65 
53 53 36 53 
54 54 31 46 
55 55 69 93 
56 56 63 4 
57 57 83 49 
58 58 49 83 
59 59 14 16 
60 60 10 65 
61 61 95 65 
62 62 21 36 
63 63 77 90 
64 64 13 53 
65 65 22 96 
66 66 0 8 
67 67 90 94 
68 68 92 82 
69 69 37 69 
70 70 48 17 
71 71 91 92 
72 72 62 50 
73 73 19 31 
74 74 36 82 
75 75 89 82 
76 76 82 41 
77 77 55 20 
78 78 25 28 
79 79 55 3 
80 80 19 7 
81 81 85 54 
82 82 58 24 
83 83 44 0 
84 84 63 9 
85 85 26 91 
86 86 42 79 
87 87 72 33 
88 88 6 98 
89 89 91 6 
90 90 90 68 
91 91 31 35 
92 92 91 75 
93 93 45 11 
94 94 57 77 
95 95 4 26 
96 96 45 96 
97 97 67 98 
98 98 35 41 
99 99 36 29 
100 100 26 62 
101 101 40 63 
102 102 94 9 
103 103 59 78 
104 104 10 95 
105 105 99 37 
106 106 99 13 
107 107 38 66 
108 108 85 89 
109 109 2 50 
110 110 82 98 
111 111 56 81 
112 112 72 5 
113 113 91 73 
114 114 88 28 
115 115 71 4 
116 116 79 8 
117 117 81 43 
118 118 99 62 
119 119 35 46 
120 120 96 4 
121 121 64 26 
122 122 95 1 
123 123 51 35 
124 124 4 24 
125 125 5 30 
126 126 47 58 
127 127 45 2 
128 128 24 95 
129 129 25 47 
130 130 17 17 
131 131 0 93 
132 132 27 41 
133 133 47 31 
134 134 30 3 
135 135 23 10 
136 136 92 91 
137 137 41 5 
138 138 94 78 
139 139 84 24 
140 140 38 93 
141 141 86 95 
142 142 40 90 
143 143 78 65 
144 144 68 60 
145 145 92 12 
146 146 38 11 
147 147 42 38 
148 148 44 60 
149 149 94 75 
#
EDGES (from-node to-node length a b):
0 80 79 0 
1 48 79 0 
1 21 68 0 
2 139 40 0 
2 50 62 0 
2 48 31 0 
3 110 43 0 
3 62 71 0 
3 24 24 0 
3 18 54 0 
4 97 86 0 
5 135 19 0 
5 106 94 0 
5 59 9 0 
5 50 37 0 
5 25 66 0 
5 6 104 0 
6 131 97 0 
6 128 75 0 
6 106 55 0 
6 55 35 0 
6 41 46 0 
6 8 67 0 
7 137 26 0 
7 127 30 0 
7 115 42 0 
7 58 53 0 
7 34 22 0 
8 111 27 0 
8 74 10 0 
8 65 10 0 
9 59 100 0 
9 16 98 0 
9 14 33 0 
10 142 36 0 
10 131 75 0 
10 21 71 0 
11 130 65 0 
11 100 21 0 
11 82 69 0 
11 75 69 0 
11 35 64 0 
12 146 42 0 
12 81 61 0 
12 60 20 0 
13 132 16 0 
13 103 61 0 
13 96 73 0 
13 91 10 0 
13 57 60 0 
13 53 29 0 
13 14 55 0 
14 98 42 0 
14 68 33 0 
14 60 66 0 
15 20 75 0 
16 133 31 0 
16 53 47 0 
17 98 70 0 
17 97 15 0 
17 87 62 0 
17 57 45 0 
17 50 73 0 
18 63 74 0 
18 61 65 0 
19 134 29 0 
19 76 70 0 
19 28 85 0 
20 84 69 0 
20 76 36 0 
20 56 74 0 
20 30 33 0 
21 93 85 0 
21 50 49 0 
21 34 85 0 
22 95 13 0 
22 52 47 0 
23 136 67 0 
23 132 36 0 
23 120 101 0 
24 77 26 0 
25 130 57 0 
25 129 30 0 
25 53 17 0 
25 33 24 0 
26 126 8 0 
26 114 44 0 
27 143 54 0 
27 92 70 0 
28 95 94 0 
28 38 82 0 
29 102 13 0 
30 98 23 0 
30 92 42 0 
30 87 26 0 
30 45 9 0 
31 106 81 0 
31 39 78 0 
31 33 65 0 
32 136 84 0 
32 112 62 0 
33 139 30 0 
33 50 30 0 
33 40 24 0 
34 140 84 0 
34 122 56 0 
34 112 32 0 
34 111 74 0 
34 101 54 0 
34 67 99 0 
34 48 83 0 
34 36 41 0 
35 125 18 0 
35 101 50 0 
35 89 74 0 
35 46 82 0 
35 42 40 0 
36 118 76 0 
36 100 15 0 
36 42 11 0 
37 53 63 0 
38 126 45 0 
38 108 94 0 
38 42 34 0 
39 138 67 0 
40 141 49 0 
40 75 44 0 
41 112 24 0 
41 88 113 0 
42 110 71 0 
42 91 24 0 
43 148 25 0 
44 126 56 0 
44 106 14 0 
45 138 48 0 
45 122 57 0 
46 116 70 0 
47 95 67 0 
47 84 52 0 
47 51 23 0 
48 99 67 0 
48 92 27 0 
49 100 74 0 
49 92 23 0 
50 140 51 0 
50 121 39 0 
50 80 37 0 
50 52 35 0 
51 127 77 0 
51 88 44 0 
52 54 35 0 
53 119 7 0 
53 115 60 0 
53 68 63 0 
54 124 35 0 
55 112 88 0 
57 106 39 0 
58 135 77 0 
58 128 28 0 
58 86 8 0 
58 78 60 0 
59 137 29 0 
59 78 16 0 
60 70 61 0 
60 69 27 0 
61 94 40 0 
62 115 59 0 
62 89 76 0 
62 74 48 0 
63 137 92 0 
63 110 9 0 
63 84 82 0 
63 71 14 0 
64 141 84 0 
64 130 36 0 
64 104 42 0 
64 80 46 0 
66 129 46 0 
66 121 66 0 
66 94 89 0 
69 78 43 0 
70 139 37 0 
70 121 18 0 
70 111 64 0 
71 146 97 0 
71 111 37 0 
72 148 21 0 
72 141 51 0 
72 129 37 0 
72 114 34 0 
72 73 47 0 
74 91 47 0 
75 87 52 0 
76 128 79 0 
76 113 33 0 
77 123 16 0 
77 122 44 0 
78 136 92 0 
79 138 85 0 
79 85 93 0 
80 111 83 0 
80 102 75 0 
81 120 51 0 
81 108 35 0 
82 129 40 0 
83 142 90 0 
84 120 33 0 
85 86 20 0 
86 146 68 0 
86 134 77 0 
86 123 45 0 
86 95 65 0 
87 128 78 0 
87 127 41 0 
88 141 80 0 
88 93 95 0 
89 134 61 0 
89 122 6 0 
90 138 11 0 
90 134 88 0 
90 103 33 0 
94 122 85 0 
95 141 107 0 
95 129 30 0 
98 125 32 0 
101 117 46 0 
101 107 4 0 
103 116 73 0 
103 111 4 0 
104 119 55 0 
105 139 20 0 
105 129 75 0 
106 130 82 0 
107 133 36 0 
108 127 96 0 
109 149 95 0 
110 138 23 0 
118 147 62 0 
120 123 55 0 
124 130 15 0 
125 140 71 0 
125 129 26 0 
127 146 11 0 
135 142 82 0 
138 140 58 0 
141 144 39 0 
141 142 46 0 
145 149 63 0 
145 146 54 0 
