#GRAPH (#nodes #edges id uu vv ww xx yy zz):
#150 500 geo(0,{150,100,3,0.022,0.000,0.000}) 100 
#
VERTICES (index name u v w x y z):
0 0 28 62 
1 1 23 31 
2 2 19 47 
3 3 26 79 
4 4 48 78 
5 5 25 64 
6 6 62 55 
7 7 17 36 
8 8 33 90 
9 9 80 61 
10 10 43 42 
11 11 54 63 
12 12 99 48 
13 13 78 90 
14 14 65 14 
15 15 43 21 
16 16 40 65 
17 17 25 24 
18 18 41 70 
19 19 88 17 
20 20 29 12 
21 21 99 62 
22 22 56 63 
23 23 33 93 
24 24 97 81 
25 25 68 63 
26 26 23 2 
27 27 67 80 
28 28 81 77 
29 29 78 31 
30 30 79 64 
31 31 26 75 
32 32 36 70 
33 33 6 86 
34 34 54 86 
35 35 2 23 
36 36 71 45 
37 37 61 90 
38 38 96 57 
39 39 3 92 
40 40 47 71 
41 41 70 84 
42 42 66 39 
43 43 40 7 
44 44 66 37 
45 45 6 76 
46 46 49 31 
47 47 34 58 
48 48 19 83 
49 49 48 1 
50 50 94 97 
51 51 60 55 
52 52 1 55 
53 53 68 81 
54 54 96 52 
55 55 29 33 
56 56 47 88 
57 57 66 13 
58 58 21 5 
59 59 83 71 
60 60 93 30 
61 61 5 35 
62 62 20 44 
63 63 18 8 
64 64 68 47 
65 65 43 36 
66 66 10 66 
67 67 8 91 
68 68 77 92 
69 69 99 27 
70 70 90 3 
71 71 21 90 
72 72 19 24 
73 73 29 67 
74 74 66 6 
75 75 53 11 
76 76 25 62 
77 77 47 8 
78 78 95 85 
79 79 84 4 
80 80 94 26 
81 81 33 39 
82 82 49 37 
83 83 34 24 
84 84 66 82 
85 85 95 30 
86 86 65 76 
87 87 53 56 
88 88 37 44 
89 89 8 64 
90 90 41 76 
91 91 86 73 
92 92 90 83 
93 93 48 59 
94 94 51 32 
95 95 55 30 
96 96 9 50 
97 97 98 7 
98 98 74 78 
99 99 91 45 
100 100 93 61 
101 101 27 4 
102 102 51 42 
103 103 22 43 
104 104 57 60 
105 105 88 99 
106 106 15 24 
107 107 84 95 
108 108 83 97 
109 109 77 31 
110 110 77 91 
111 111 47 74 
112 112 31 68 
113 113 40 10 
114 114 55 11 
115 115 37 25 
116 116 53 14 
117 117 48 15 
118 118 54 56 
119 119 67 29 
120 120 31 24 
121 121 1 12 
122 122 42 44 
123 123 77 57 
124 124 1 80 
125 125 75 77 
126 126 42 74 
127 127 80 60 
128 128 91 94 
129 129 16 74 
130 130 22 30 
131 131 6 61 
132 132 0 72 
133 133 58 87 
134 134 38 11 
135 135 53 0 
136 136 49 66 
137 137 80 45 
138 138 36 17 
139 139 65 81 
140 140 18 33 
141 141 36 25 
142 142 68 92 
143 143 93 48 
144 144 26 39 
145 145 24 26 
146 146 38 38 
147 147 69 93 
148 148 48 10 
149 149 79 60 
#
EDGES (from-node to-node length a b):
0 146 26 0 
0 137 55 0 
0 122 23 0 
1 132 47 0 
1 108 89 0 
1 102 30 0 
1 66 37 0 
1 45 48 0 
2 131 19 0 
2 116 47 0 
2 62 3 0 
2 23 48 0 
3 134 69 0 
3 131 27 0 
3 106 56 0 
3 30 55 0 
4 142 24 0 
4 72 61 0 
5 143 70 0 
5 119 55 0 
5 16 15 0 
6 34 32 0 
6 29 29 0 
7 126 45 0 
8 39 30 0 
8 28 50 0 
8 17 66 0 
9 69 39 0 
10 42 23 0 
10 39 64 0 
11 140 47 0 
11 113 55 0 
11 96 47 0 
11 41 26 0 
12 142 54 0 
12 137 19 0 
12 134 71 0 
12 41 46 0 
13 145 84 0 
13 111 35 0 
13 104 37 0 
14 145 43 0 
14 127 48 0 
14 76 62 0 
14 73 64 0 
15 148 12 0 
15 52 54 0 
16 97 82 0 
16 17 44 0 
17 123 62 0 
17 115 12 0 
17 108 93 0 
18 139 26 0 
18 125 35 0 
18 53 29 0 
19 141 53 0 
20 122 35 0 
20 91 83 0 
21 126 58 0 
21 121 110 0 
21 111 53 0 
21 81 70 0 
22 129 41 0 
22 114 52 0 
22 109 38 0 
23 144 54 0 
23 75 84 0 
23 53 37 0 
24 146 73 0 
24 99 36 0 
24 70 78 0 
25 106 66 0 
25 95 35 0 
25 86 13 0 
26 93 62 0 
27 68 16 0 
28 103 68 0 
28 101 91 0 
29 144 53 0 
29 130 56 0 
29 127 29 0 
29 122 38 0 
29 115 41 0 
29 63 64 0 
30 141 58 0 
30 112 48 0 
31 62 32 0 
32 120 46 0 
32 108 54 0 
32 89 29 0 
33 149 77 0 
33 135 98 0 
33 101 85 0 
34 142 15 0 
34 54 54 0 
35 108 110 0 
35 80 92 0 
36 67 78 0 
37 72 78 0 
37 49 90 0 
38 83 70 0 
38 74 59 0 
39 78 92 0 
40 124 47 0 
40 109 50 0 
40 83 49 0 
41 132 71 0 
43 138 11 0 
44 137 16 0 
44 79 38 0 
44 54 34 0 
46 149 42 0 
46 101 35 0 
46 47 31 0 
47 133 38 0 
47 58 55 0 
48 118 44 0 
48 115 61 0 
48 103 40 0 
48 53 49 0 
50 113 102 0 
50 106 108 0 
50 70 94 0 
50 65 80 0 
51 125 27 0 
51 95 25 0 
52 120 43 0 
52 117 62 0 
52 106 34 0 
52 91 87 0 
52 59 84 0 
53 87 29 0 
53 77 76 0 
53 73 41 0 
53 56 22 0 
54 144 71 0 
54 111 54 0 
55 127 58 0 
55 95 26 0 
56 130 63 0 
56 121 89 0 
57 84 69 0 
57 66 77 0 
58 91 94 0 
60 138 58 0 
60 102 44 0 
61 148 50 0 
61 130 18 0 
61 122 38 0 
61 75 54 0 
62 137 60 0 
62 136 36 0 
62 100 75 0 
62 84 60 0 
62 75 47 0 
62 71 46 0 
63 149 80 0 
63 117 31 0 
63 111 72 0 
63 93 59 0 
63 69 83 0 
64 97 50 0 
64 79 46 0 
66 141 49 0 
66 134 62 0 
66 130 38 0 
66 115 49 0 
66 106 42 0 
66 75 70 0 
67 134 85 0 
67 85 106 0 
67 79 116 0 
67 72 68 0 
68 129 64 0 
68 126 39 0 
68 120 82 0 
69 99 20 0 
69 84 64 0 
72 125 77 0 
72 121 22 0 
73 147 48 0 
73 86 37 0 
74 111 71 0 
74 85 38 0 
75 116 3 0 
75 92 81 0 
76 133 41 0 
76 98 52 0 
77 137 50 0 
77 134 9 0 
77 127 62 0 
78 137 43 0 
79 144 68 0 
79 126 82 0 
79 90 84 0 
80 118 50 0 
80 117 47 0 
80 93 57 0 
82 123 34 0 
83 119 33 0 
83 113 15 0 
84 115 64 0 
84 102 43 0 
84 95 53 0 
85 129 90 0 
87 146 23 0 
87 132 55 0 
88 147 59 0 
90 129 25 0 
90 122 32 0 
90 121 75 0 
90 100 54 0 
91 147 26 0 
91 110 20 0 
92 130 86 0 
93 96 40 0 
94 109 26 0 
95 97 49 0 
96 105 93 0 
97 117 51 0 
98 145 72 0 
98 141 65 0 
98 135 81 0 
101 142 97 0 
101 119 47 0 
101 116 28 0 
101 111 73 0 
103 137 58 0 
103 123 57 0 
106 121 18 0 
107 136 45 0 
110 131 77 0 
112 149 49 0 
112 118 26 0 
113 129 68 0 
113 120 17 0 
114 149 55 0 
115 142 74 0 
115 126 49 0 
119 142 63 0 
119 128 69 0 
120 149 60 0 
120 124 64 0 
124 131 20 0 
125 142 17 0 
125 141 65 0 
126 132 42 0 
127 129 66 0 
129 132 16 0 
136 137 37 0 
