#GRAPH (#nodes #edges id uu vv ww xx yy zz):
#150 516 geo(0,{150,100,3,0.022,0.000,0.000}) 100 
#
VERTICES (index name u v w x y z):
0 0 5 14 
1 1 20 26 
2 2 25 75 
3 3 75 77 
4 4 68 53 
5 5 31 23 
6 6 29 70 
7 7 56 97 
8 8 18 81 
9 9 18 35 
10 10 36 73 
11 11 75 2 
12 12 21 27 
13 13 21 28 
14 14 64 17 
15 15 56 77 
16 16 62 61 
17 17 81 69 
18 18 90 81 
19 19 66 5 
20 20 36 20 
21 21 31 6 
22 22 67 79 
23 23 67 58 
24 24 34 95 
25 25 60 5 
26 26 67 12 
27 27 72 51 
28 28 42 74 
29 29 60 55 
30 30 66 69 
31 31 5 20 
32 32 12 28 
33 33 79 62 
34 34 12 15 
35 35 12 18 
36 36 81 8 
37 37 15 5 
38 38 75 44 
39 39 26 54 
40 40 72 94 
41 41 66 18 
42 42 57 54 
43 43 20 48 
44 44 89 3 
45 45 44 15 
46 46 6 89 
47 47 85 39 
48 48 35 89 
49 49 41 92 
50 50 48 72 
51 51 76 73 
52 52 18 99 
53 53 67 23 
54 54 35 4 
55 55 31 65 
56 56 40 47 
57 57 4 21 
58 58 87 84 
59 59 14 97 
60 60 85 90 
61 61 65 75 
62 62 31 95 
63 63 30 9 
64 64 77 9 
65 65 86 44 
66 66 25 68 
67 67 68 77 
68 68 34 61 
69 69 99 93 
70 70 30 69 
71 71 54 15 
72 72 43 89 
73 73 97 37 
74 74 84 65 
75 75 17 46 
76 76 84 0 
77 77 15 65 
78 78 76 37 
79 79 99 30 
80 80 31 21 
81 81 75 30 
82 82 12 36 
83 83 6 57 
84 84 53 76 
85 85 15 61 
86 86 46 73 
87 87 22 89 
88 88 5 89 
89 89 77 31 
90 90 44 39 
91 91 74 36 
92 92 68 94 
93 93 96 53 
94 94 40 95 
95 95 7 83 
96 96 94 76 
97 97 6 26 
98 98 38 89 
99 99 23 44 
100 100 33 24 
101 101 98 48 
102 102 99 9 
103 103 96 36 
104 104 72 23 
105 105 84 6 
106 106 15 71 
107 107 78 15 
108 108 42 92 
109 109 53 61 
110 110 40 29 
111 111 57 80 
112 112 23 39 
113 113 99 44 
114 114 90 56 
115 115 98 96 
116 116 28 40 
117 117 29 18 
118 118 70 28 
119 119 52 16 
120 120 79 31 
121 121 77 51 
122 122 44 77 
123 123 0 21 
124 124 1 24 
125 125 62 2 
126 126 83 14 
127 127 91 57 
128 128 9 85 
129 129 2 26 
130 130 10 9 
131 131 22 14 
132 132 69 13 
133 133 72 54 
134 134 91 10 
135 135 71 38 
136 136 45 82 
137 137 73 67 
138 138 30 20 
139 139 49 14 
140 140 16 98 
141 141 82 36 
142 142 99 87 
143 143 62 6 
144 144 54 71 
145 145 80 16 
146 146 92 4 
147 147 95 19 
148 148 36 21 
149 149 99 85 
#
EDGES (from-node to-node length a b):
0 63 25 0 
0 45 39 0 
0 8 68 0 
1 139 31 0 
1 44 73 0 
2 118 65 0 
2 77 14 0 
2 38 59 0 
2 19 81 0 
2 4 48 0 
3 91 41 0 
3 74 15 0 
3 54 83 0 
3 32 80 0 
4 136 37 0 
4 125 51 0 
4 70 41 0 
5 146 64 0 
5 44 61 0 
5 43 27 0 
6 87 20 0 
6 55 5 0 
6 21 64 0 
6 9 37 0 
7 126 87 0 
8 139 74 0 
8 95 11 0 
9 86 47 0 
10 124 60 0 
10 119 59 0 
10 78 54 0 
10 37 71 0 
10 24 22 0 
11 55 77 0 
11 47 38 0 
11 32 68 0 
11 13 60 0 
12 126 63 0 
12 124 20 0 
12 95 58 0 
12 79 78 0 
12 61 65 0 
13 140 70 0 
13 134 72 0 
13 129 19 0 
13 103 75 0 
13 89 56 0 
13 79 78 0 
13 61 64 0 
13 36 63 0 
14 135 22 0 
15 121 33 0 
15 98 22 0 
15 87 36 0 
15 74 30 0 
15 32 66 0 
15 19 73 0 
16 57 70 0 
16 44 64 0 
16 41 43 0 
16 40 34 0 
17 127 16 0 
17 61 17 0 
17 53 48 0 
18 88 85 0 
19 65 44 0 
19 51 69 0 
20 144 54 0 
20 86 54 0 
20 60 85 0 
20 21 15 0 
21 28 69 0 
22 130 90 0 
22 64 71 0 
22 35 82 0 
23 55 37 0 
23 48 45 0 
23 33 13 0 
24 149 66 0 
24 58 54 0 
24 40 38 0 
25 127 61 0 
25 113 55 0 
25 84 71 0 
25 66 72 0 
25 46 100 0 
26 147 29 0 
26 134 24 0 
26 133 42 0 
27 123 78 0 
28 114 51 0 
28 74 43 0 
28 55 14 0 
29 81 29 0 
29 50 21 0 
30 126 58 0 
31 104 67 0 
31 74 91 0 
32 84 63 0 
32 35 10 0 
33 126 48 0 
33 124 87 0 
33 68 45 0 
34 144 70 0 
34 130 6 0 
34 75 31 0 
35 137 78 0 
35 93 91 0 
35 86 65 0 
35 75 28 0 
35 59 79 0 
36 99 68 0 
37 127 92 0 
37 87 84 0 
38 133 10 0 
38 64 35 0 
39 126 70 0 
39 112 15 0 
40 136 30 0 
40 121 43 0 
40 71 81 0 
41 87 84 0 
41 52 94 0 
42 147 52 0 
42 73 43 0 
42 57 62 0 
43 128 39 0 
43 117 31 0 
43 99 5 0 
44 143 27 0 
44 127 54 0 
44 119 39 0 
45 119 8 0 
45 84 62 0 
46 128 5 0 
46 96 89 0 
46 77 26 0 
47 133 20 0 
47 91 11 0 
47 84 49 0 
48 89 72 0 
49 133 49 0 
49 124 79 0 
49 120 72 0 
49 119 77 0 
50 94 24 0 
50 53 53 0 
51 121 22 0 
51 98 41 0 
51 73 42 0 
52 99 55 0 
52 71 91 0 
53 148 31 0 
53 102 35 0 
54 63 7 0 
55 74 53 0 
56 101 58 0 
56 86 27 0 
57 123 4 0 
57 75 28 0 
58 145 68 0 
58 134 74 0 
59 135 82 0 
59 109 53 0 
60 96 17 0 
61 135 37 0 
61 113 46 0 
62 133 58 0 
62 65 75 0 
63 92 93 0 
63 80 12 0 
64 131 55 0 
64 122 76 0 
65 131 71 0 
65 68 55 0 
67 74 20 0 
68 135 44 0 
69 82 104 0 
70 146 90 0 
70 141 62 0 
70 129 51 0 
70 108 26 0 
72 137 37 0 
73 108 78 0 
74 102 58 0 
75 137 60 0 
75 91 58 0 
76 135 40 0 
76 133 55 0 
76 128 113 0 
76 99 75 0 
76 82 80 0 
78 128 82 0 
78 95 83 0 
79 147 12 0 
79 141 18 0 
79 111 65 0 
80 113 72 0 
80 110 12 0 
81 90 32 0 
83 131 46 0 
84 128 45 0 
85 144 40 0 
86 121 38 0 
86 111 13 0 
87 122 25 0 
87 100 66 0 
88 123 68 0 
88 112 53 0 
89 128 87 0 
90 146 59 0 
91 130 69 0 
91 95 82 0 
91 93 28 0 
92 99 67 0 
94 113 78 0 
94 108 4 0 
95 128 3 0 
95 118 84 0 
96 115 20 0 
96 111 37 0 
97 127 90 0 
98 139 76 0 
100 111 61 0 
100 108 69 0 
101 149 37 0 
101 148 68 0 
101 139 60 0 
102 142 78 0 
102 114 48 0 
103 140 101 0 
103 118 27 0 
104 143 20 0 
105 138 56 0 
105 125 22 0 
106 116 34 0 
107 128 98 0 
108 137 40 0 
108 119 77 0 
109 135 29 0 
110 136 53 0 
110 130 36 0 
112 128 48 0 
112 116 5 0 
114 149 30 0 
116 131 27 0 
118 147 27 0 
123 147 95 0 
123 132 69 0 
124 139 49 0 
126 129 82 0 
127 141 23 0 
127 135 28 0 
129 132 68 0 
130 146 82 0 
130 139 39 0 
130 133 77 0 
131 133 64 0 
