#GRAPH (#nodes #edges id uu vv ww xx yy zz):
#150 528 geo(0,{150,100,3,0.022,0.000,0.000}) 100 
#
VERTICES (index name u v w x y z):
0 0 33 28 
1 1 96 15 
2 2 84 11 
3 3 29 50 
4 4 30 57 
5 5 37 7 
6 6 61 84 
7 7 45 53 
8 8 87 68 
9 9 68 84 
10 10 67 32 
11 11 53 93 
12 12 72 97 
13 13 25 6 
14 14 43 88 
15 15 53 47 
16 16 35 18 
17 17 10 58 
18 18 72 69 
19 19 62 22 
20 20 17 57 
21 21 90 78 
22 22 4 7 
23 23 26 28 
24 24 23 63 
25 25 36 30 
26 26 85 15 
27 27 4 36 
28 28 79 74 
29 29 86 96 
30 30 70 32 
31 31 36 23 
32 32 35 42 
33 33 33 0 
34 34 44 85 
35 35 61 27 
36 36 0 85 
37 37 67 99 
38 38 70 28 
39 39 52 97 
40 40 97 70 
41 41 77 88 
42 42 41 45 
43 43 62 7 
44 44 22 95 
45 45 22 9 
46 46 40 60 
47 47 68 83 
48 48 17 68 
49 49 62 73 
50 50 89 49 
51 51 76 34 
52 52 55 40 
53 53 99 62 
54 54 14 97 
55 55 40 91 
56 56 93 44 
57 57 91 10 
58 58 47 87 
59 59 85 7 
60 60 61 36 
61 61 61 44 
62 62 50 74 
63 63 35 50 
64 64 75 93 
65 65 16 90 
66 66 22 82 
67 67 34 95 
68 68 51 74 
69 69 41 26 
70 70 76 96 
71 71 57 26 
72 72 39 56 
73 73 72 17 
74 74 25 74 
75 75 98 65 
76 76 72 25 
77 77 12 62 
78 78 16 80 
79 79 84 16 
80 80 63 51 
81 81 32 41 
82 82 91 88 
83 83 99 82 
84 84 69 12 
85 85 98 68 
86 86 31 19 
87 87 22 66 
88 88 19 99 
89 89 22 64 
90 90 33 96 
91 91 98 87 
92 92 77 96 
93 93 78 21 
94 94 54 0 
95 95 40 11 
96 96 75 27 
97 97 60 27 
98 98 56 66 
99 99 33 43 
100 100 65 62 
101 101 70 86 
102 102 89 39 
103 103 52 36 
104 104 64 68 
105 105 60 53 
106 106 1 72 
107 107 94 99 
108 108 49 50 
109 109 36 17 
110 110 24 75 
111 111 34 97 
112 112 65 79 
113 113 80 15 
114 114 52 71 
115 115 92 66 
116 116 35 20 
117 117 9 11 
118 118 79 12 
119 119 22 12 
120 120 2 82 
121 121 5 74 
122 122 64 72 
123 123 48 72 
124 124 95 19 
125 125 36 16 
126 126 15 51 
127 127 74 53 
128 128 12 50 
129 129 55 70 
130 130 65 34 
131 131 65 65 
132 132 94 96 
133 133 8 16 
134 134 2 71 
135 135 65 69 
136 136 3 32 
137 137 96 32 
138 138 97 85 
139 139 74 20 
140 140 96 61 
141 141 75 12 
142 142 54 15 
143 143 78 2 
144 144 50 69 
145 145 93 33 
146 146 70 71 
147 147 82 80 
148 148 95 52 
149 149 21 40 
#
EDGES (from-node to-node length a b):
0 101 69 0 
1 135 62 0 
1 71 41 0 
1 69 56 0 
1 50 35 0 
1 41 75 0 
1 39 93 0 
1 19 35 0 
1 13 72 0 
1 9 74 0 
2 135 61 0 
2 120 108 0 
2 108 52 0 
2 51 24 0 
2 47 74 0 
3 140 68 0 
3 101 55 0 
3 77 21 0 
4 136 37 0 
4 98 28 0 
4 49 36 0 
4 40 68 0 
5 142 19 0 
5 118 42 0 
5 63 43 0 
6 73 68 0 
7 123 19 0 
7 67 43 0 
8 123 39 0 
8 70 30 0 
8 39 45 0 
9 121 64 0 
9 109 74 0 
9 81 56 0 
9 66 46 0 
10 143 32 0 
11 107 41 0 
11 66 33 0 
11 28 32 0 
11 12 19 0 
12 148 51 0 
12 103 64 0 
13 119 7 0 
13 32 37 0 
13 27 37 0 
14 135 29 0 
14 61 48 0 
14 16 70 0 
15 132 64 0 
15 83 58 0 
16 137 63 0 
16 22 33 0 
17 68 44 0 
17 54 39 0 
18 55 39 0 
18 54 64 0 
18 36 74 0 
19 67 78 0 
19 65 82 0 
20 102 74 0 
20 72 22 0 
20 22 52 0 
21 117 105 0 
21 98 36 0 
21 41 16 0 
21 34 47 0 
22 114 80 0 
22 67 93 0 
22 54 91 0 
23 72 31 0 
23 56 69 0 
24 147 61 0 
24 144 28 0 
24 131 42 0 
24 128 17 0 
24 90 34 0 
24 63 18 0 
25 102 54 0 
25 96 39 0 
25 54 71 0 
26 62 69 0 
27 145 89 0 
27 100 66 0 
27 82 101 0 
27 73 71 0 
28 139 54 0 
28 131 17 0 
28 115 15 0 
28 114 27 0 
28 101 15 0 
28 90 51 0 
28 60 42 0 
29 126 84 0 
29 40 28 0 
30 143 31 0 
30 127 21 0 
30 114 43 0 
30 58 60 0 
31 109 6 0 
32 70 68 0 
33 87 67 0 
33 36 91 0 
35 135 42 0 
35 113 22 0 
35 108 26 0 
35 63 35 0 
35 62 48 0 
35 52 14 0 
36 128 37 0 
36 121 12 0 
36 95 84 0 
36 67 35 0 
37 79 85 0 
38 147 53 0 
38 101 58 0 
38 71 13 0 
38 39 71 0 
39 129 27 0 
39 99 57 0 
40 117 106 0 
40 103 56 0 
40 81 71 0 
41 140 33 0 
42 126 27 0 
42 66 42 0 
42 55 46 0 
42 44 53 0 
42 43 43 0 
43 53 66 0 
43 50 50 0 
44 74 21 0 
44 70 54 0 
45 133 16 0 
45 119 3 0 
45 70 102 0 
45 51 60 0 
46 148 56 0 
46 98 17 0 
47 147 14 0 
47 123 23 0 
47 114 20 0 
47 107 31 0 
47 93 63 0 
48 138 82 0 
48 54 29 0 
48 50 74 0 
49 69 51 0 
50 140 14 0 
50 114 43 0 
50 73 36 0 
51 125 44 0 
51 63 44 0 
53 146 30 0 
53 74 75 0 
54 122 56 0 
54 87 32 0 
54 60 77 0 
55 122 31 0 
55 91 58 0 
56 127 21 0 
56 119 78 0 
56 84 40 0 
57 136 91 0 
57 135 64 0 
57 91 77 0 
58 131 28 0 
58 74 26 0 
59 102 32 0 
59 93 16 0 
59 92 89 0 
59 84 17 0 
59 74 90 0 
60 88 76 0 
61 141 35 0 
61 128 49 0 
61 125 38 0 
61 75 43 0 
62 74 25 0 
63 148 60 0 
63 94 53 0 
63 89 19 0 
63 78 36 0 
64 106 77 0 
64 99 65 0 
65 115 80 0 
65 67 19 0 
65 66 10 0 
67 88 16 0 
68 115 42 0 
69 143 44 0 
69 102 50 0 
69 93 37 0 
69 80 33 0 
71 96 18 0 
71 82 71 0 
72 92 55 0 
72 79 60 0 
72 78 33 0 
73 138 72 0 
73 116 37 0 
73 100 46 0 
73 91 75 0 
73 77 75 0 
73 76 8 0 
74 141 80 0 
74 90 23 0 
76 109 37 0 
77 141 80 0 
77 88 38 0 
78 111 25 0 
80 133 65 0 
81 142 34 0 
83 113 70 0 
85 133 104 0 
86 145 64 0 
87 101 52 0 
89 111 35 0 
89 92 64 0 
90 121 36 0 
91 117 117 0 
91 110 75 0 
91 108 61 0 
91 106 98 0 
92 147 17 0 
92 133 106 0 
92 130 63 0 
92 104 31 0 
93 137 21 0 
93 110 76 0 
94 136 60 0 
95 141 35 0 
95 140 75 0 
95 137 60 0 
95 115 76 0 
96 126 65 0 
96 113 13 0 
97 136 57 0 
98 115 36 0 
100 143 61 0 
100 141 51 0 
100 120 66 0 
101 143 84 0 
102 119 72 0 
105 142 38 0 
106 148 96 0 
106 107 97 0 
107 110 74 0 
110 122 40 0 
111 138 64 0 
111 124 99 0 
111 118 96 0 
112 145 54 0 
114 141 63 0 
116 131 54 0 
122 141 61 0 
123 147 35 0 
123 134 46 0 
123 133 69 0 
134 149 36 0 
136 146 78 0 
136 139 72 0 
136 138 108 0 
138 141 76 0 
144 145 56 0 
