#GRAPH (#nodes #edges id uu vv ww xx yy zz):
#150 568 geo(0,{150,100,3,0.022,0.000,0.000}) 100 
#
VERTICES (index name u v w x y z):
0 0 84 78 
1 1 85 41 
2 2 7 28 
3 3 78 73 
4 4 31 52 
5 5 41 88 
6 6 51 77 
7 7 17 99 
8 8 84 32 
9 9 88 78 
10 10 33 34 
11 11 67 18 
12 12 42 6 
13 13 74 33 
14 14 81 7 
15 15 57 80 
16 16 51 24 
17 17 67 4 
18 18 99 93 
19 19 51 40 
20 20 44 56 
21 21 92 22 
22 22 32 32 
23 23 34 71 
24 24 86 76 
25 25 21 80 
26 26 30 97 
27 27 32 14 
28 28 94 18 
29 29 85 6 
30 30 77 10 
31 31 65 15 
32 32 91 80 
33 33 62 39 
34 34 90 92 
35 35 17 32 
36 36 7 78 
37 37 19 32 
38 38 3 87 
39 39 46 71 
40 40 47 89 
41 41 43 72 
42 42 96 21 
43 43 87 74 
44 44 45 19 
45 45 63 78 
46 46 57 40 
47 47 63 4 
48 48 71 55 
49 49 15 35 
50 50 2 65 
51 51 5 76 
52 52 71 26 
53 53 41 98 
54 54 96 62 
55 55 87 3 
56 56 50 74 
57 57 12 78 
58 58 21 92 
59 59 35 12 
60 60 46 53 
61 61 38 43 
62 62 17 69 
63 63 19 16 
64 64 85 95 
65 65 39 80 
66 66 1 70 
67 67 27 39 
68 68 16 11 
69 69 42 47 
70 70 89 73 
71 71 80 27 
72 72 34 57 
73 73 49 47 
74 74 75 48 
75 75 13 39 
76 76 93 24 
77 77 93 16 
78 78 57 87 
79 79 53 74 
80 80 65 0 
81 81 68 60 
82 82 97 36 
83 83 35 60 
84 84 4 68 
85 85 75 94 
86 86 6 10 
87 87 35 86 
88 88 8 67 
89 89 17 86 
90 90 8 18 
91 91 23 45 
92 92 9 89 
93 93 78 84 
94 94 13 99 
95 95 68 90 
96 96 18 44 
97 97 51 75 
98 98 86 25 
99 99 25 60 
100 100 45 71 
101 101 74 31 
102 102 61 1 
103 103 93 88 
104 104 34 98 
105 105 55 0 
106 106 83 37 
107 107 57 23 
108 108 92 58 
109 109 33 23 
110 110 42 89 
111 111 44 84 
112 112 16 8 
113 113 20 18 
114 114 30 31 
115 115 23 37 
116 116 9 57 
117 117 52 64 
118 118 65 42 
119 119 8 10 
120 120 27 74 
121 121 94 94 
122 122 73 18 
123 123 24 91 
124 124 26 98 
125 125 38 65 
126 126 4 25 
127 127 44 80 
128 128 25 99 
129 129 14 7 
130 130 80 67 
131 131 81 63 
132 132 22 75 
133 133 98 89 
134 134 77 76 
135 135 3 6 
136 136 32 33 
137 137 52 85 
138 138 60 26 
139 139 78 13 
140 140 52 71 
141 141 88 12 
142 142 98 63 
143 143 25 92 
144 144 78 8 
145 145 39 16 
146 146 46 16 
147 147 55 75 
148 148 39 57 
149 149 85 98 
#
EDGES (from-node to-node length a b):
0 131 15 0 
1 128 83 0 
1 117 40 0 
1 111 59 0 
1 86 85 0 
1 32 39 0 
1 4 55 0 
2 138 53 0 
2 125 48 0 
2 75 13 0 
2 61 34 0 
3 85 21 0 
3 75 73 0 
3 30 63 0 
4 127 31 0 
4 72 6 0 
4 62 22 0 
4 41 23 0 
5 118 52 0 
5 61 45 0 
5 37 60 0 
5 19 49 0 
6 136 48 0 
6 127 8 0 
6 27 66 0 
6 26 29 0 
6 20 22 0 
7 97 42 0 
7 70 77 0 
7 67 61 0 
7 43 74 0 
8 133 59 0 
8 121 63 0 
8 43 42 0 
9 139 66 0 
9 136 72 0 
9 123 65 0 
9 81 27 0 
9 44 73 0 
10 131 56 0 
10 117 36 0 
10 74 44 0 
11 121 81 0 
11 108 47 0 
12 139 37 0 
12 114 28 0 
12 76 54 0 
13 72 47 0 
13 70 43 0 
13 17 30 0 
14 137 83 0 
14 83 70 0 
14 50 98 0 
15 102 79 0 
16 97 51 0 
16 35 35 0 
17 142 67 0 
17 140 69 0 
17 96 63 0 
17 89 96 0 
17 33 35 0 
18 106 58 0 
18 80 99 0 
18 61 79 0 
18 40 52 0 
19 141 46 0 
19 115 28 0 
19 106 32 0 
19 100 32 0 
19 70 50 0 
19 37 33 0 
19 22 21 0 
20 149 59 0 
20 137 30 0 
20 114 29 0 
21 141 11 0 
21 83 69 0 
21 64 73 0 
21 56 67 0 
21 23 76 0 
22 132 44 0 
22 77 63 0 
23 56 16 0 
23 27 57 0 
24 132 64 0 
24 64 19 0 
24 63 90 0 
25 103 72 0 
26 144 101 0 
26 133 68 0 
26 129 91 0 
26 107 79 0 
26 103 64 0 
26 72 40 0 
27 129 19 0 
27 128 85 0 
27 86 26 0 
27 81 58 0 
27 30 45 0 
28 137 79 0 
28 83 72 0 
28 43 56 0 
29 131 57 0 
29 129 71 0 
29 98 19 0 
30 102 18 0 
30 84 93 0 
31 149 85 0 
31 147 61 0 
31 123 86 0 
31 76 29 0 
31 34 81 0 
32 97 40 0 
32 93 14 0 
32 39 46 0 
33 102 38 0 
33 100 36 0 
34 113 102 0 
34 102 96 0 
34 91 82 0 
34 73 61 0 
34 61 71 0 
34 52 69 0 
35 134 74 0 
36 66 10 0 
36 63 63 0 
37 143 60 0 
37 118 47 0 
38 101 90 0 
39 102 72 0 
39 98 61 0 
39 86 73 0 
40 93 31 0 
40 80 91 0 
40 59 78 0 
41 108 51 0 
41 98 64 0 
41 97 9 0 
42 114 67 0 
42 112 81 0 
42 108 37 0 
42 103 67 0 
42 93 66 0 
42 62 92 0 
42 55 20 0 
42 44 51 0 
43 130 10 0 
43 117 36 0 
43 60 46 0 
44 52 27 0 
45 146 64 0 
45 89 47 0 
46 112 52 0 
46 88 56 0 
47 138 22 0 
47 132 82 0 
47 103 89 0 
47 60 52 0 
48 94 73 0 
49 70 83 0 
49 65 51 0 
50 142 96 0 
50 119 55 0 
50 112 59 0 
51 128 30 0 
51 120 22 0 
51 59 71 0 
52 107 14 0 
52 102 27 0 
53 148 41 0 
53 112 93 0 
54 101 38 0 
54 89 83 0 
55 141 9 0 
55 131 60 0 
55 126 86 0 
55 108 55 0 
57 73 48 0 
58 79 37 0 
59 101 43 0 
60 139 51 0 
60 112 54 0 
60 101 36 0 
60 96 29 0 
60 83 13 0 
61 83 17 0 
62 119 60 0 
62 106 73 0 
62 65 25 0 
63 109 16 0 
64 149 3 0 
64 147 36 0 
64 139 82 0 
64 128 60 0 
65 147 17 0 
66 123 31 0 
66 104 43 0 
66 95 70 0 
66 79 52 0 
67 116 25 0 
67 97 43 0 
67 68 30 0 
68 100 67 0 
69 107 28 0 
69 95 50 0 
70 88 81 0 
71 149 71 0 
72 113 41 0 
74 140 33 0 
74 104 65 0 
75 126 17 0 
75 119 29 0 
75 103 94 0 
75 81 59 0 
75 78 65 0 
76 145 55 0 
76 96 78 0 
77 109 60 0 
77 105 41 0 
77 101 24 0 
77 87 91 0 
78 126 82 0 
79 128 38 0 
80 148 63 0 
80 142 71 0 
80 106 41 0 
82 141 26 0 
82 137 67 0 
83 88 28 0 
84 104 42 0 
84 93 76 0 
85 122 76 0 
85 91 71 0 
86 144 72 0 
86 93 103 0 
87 147 23 0 
87 122 78 0 
87 114 55 0 
88 130 72 0 
88 122 81 0 
88 100 37 0 
89 143 10 0 
90 113 12 0 
90 111 75 0 
91 140 39 0 
92 127 36 0 
94 121 81 0 
95 147 20 0 
96 125 29 0 
96 111 48 0 
97 109 55 0 
97 99 30 0 
98 149 73 0 
98 144 19 0 
98 111 72 0 
101 146 32 0 
101 130 36 0 
104 117 38 0 
105 134 79 0 
105 129 42 0 
106 139 25 0 
107 122 17 0 
108 139 47 0 
108 133 32 0 
109 139 46 0 
110 149 44 0 
110 143 17 0 
111 120 20 0 
112 142 99 0 
114 147 51 0 
114 140 46 0 
116 143 38 0 
119 136 33 0 
119 128 91 0 
120 128 25 0 
121 148 66 0 
122 138 15 0 
124 142 80 0 
124 133 73 0 
125 142 60 0 
126 146 43 0 
133 146 90 0 
135 144 75 0 
142 149 37 0 
