#GRAPH (#nodes #edges id uu vv ww xx yy zz):
#150 570 geo(0,{150,100,3,0.022,0.000,0.000}) 100 
#
VERTICES (index name u v w x y z):
0 0 77 27 
1 1 66 84 
2 2 80 75 
3 3 85 41 
4 4 96 70 
5 5 76 84 
6 6 80 95 
7 7 77 68 
8 8 26 37 
9 9 32 38 
10 10 60 3 
11 11 40 3 
12 12 46 46 
13 13 8 61 
14 14 66 5 
15 15 37 41 
16 16 99 38 
17 17 10 84 
18 18 65 49 
19 19 28 79 
20 20 24 64 
21 21 48 35 
22 22 77 90 
23 23 56 84 
24 24 28 5 
25 25 64 77 
26 26 31 24 
27 27 55 29 
28 28 60 23 
29 29 11 90 
30 30 13 70 
31 31 77 76 
32 32 98 3 
33 33 58 2 
34 34 72 20 
35 35 13 52 
36 36 70 22 
37 37 49 59 
38 38 93 19 
39 39 63 48 
40 40 67 43 
41 41 73 38 
42 42 10 15 
43 43 12 20 
44 44 20 43 
45 45 49 86 
46 46 87 82 
47 47 63 23 
48 48 71 74 
49 49 98 54 
50 50 98 22 
51 51 4 22 
52 52 31 50 
53 53 47 28 
54 54 13 76 
55 55 61 98 
56 56 44 67 
57 57 83 27 
58 58 62 46 
59 59 64 49 
60 60 41 22 
61 61 37 23 
62 62 40 34 
63 63 28 54 
64 64 22 62 
65 65 30 3 
66 66 11 79 
67 67 68 62 
68 68 27 44 
69 69 55 86 
70 70 8 31 
71 71 60 97 
72 72 21 41 
73 73 32 57 
74 74 6 57 
75 75 75 73 
76 76 1 99 
77 77 70 40 
78 78 3 51 
79 79 39 83 
80 80 34 71 
81 81 23 24 
82 82 1 63 
83 83 67 67 
84 84 70 56 
85 85 2 30 
86 86 24 54 
87 87 96 46 
88 88 73 99 
89 89 84 58 
90 90 19 53 
91 91 83 48 
92 92 64 24 
93 93 53 37 
94 94 23 46 
95 95 79 77 
96 96 45 27 
97 97 73 80 
98 98 70 10 
99 99 1 25 
100 100 37 27 
101 101 6 89 
102 102 94 13 
103 103 0 69 
104 104 84 43 
105 105 88 41 
106 106 73 29 
107 107 36 69 
108 108 65 10 
109 109 90 77 
110 110 4 71 
111 111 24 96 
112 112 4 5 
113 113 99 17 
114 114 11 62 
115 115 15 75 
116 116 0 10 
117 117 26 58 
118 118 95 65 
119 119 54 13 
120 120 34 72 
121 121 7 96 
122 122 91 74 
123 123 52 97 
124 124 79 7 
125 125 91 34 
126 126 86 75 
127 127 77 57 
128 128 71 3 
129 129 61 0 
130 130 26 96 
131 131 74 77 
132 132 25 8 
133 133 71 10 
134 134 88 2 
135 135 85 97 
136 136 78 78 
137 137 11 54 
138 138 39 10 
139 139 50 49 
140 140 66 91 
141 141 52 48 
142 142 43 88 
143 143 69 11 
144 144 16 13 
145 145 58 74 
146 146 81 11 
147 147 73 93 
148 148 99 26 
149 149 8 70 
#
EDGES (from-node to-node length a b):
0 130 86 0 
0 48 47 0 
1 55 15 0 
1 45 17 0 
1 18 35 0 
2 127 18 0 
2 106 47 0 
2 105 35 0 
2 97 9 0 
2 60 66 0 
2 57 48 0 
2 52 55 0 
3 96 42 0 
3 54 80 0 
3 18 22 0 
3 8 59 0 
4 132 94 0 
4 104 30 0 
4 87 24 0 
5 37 37 0 
6 112 118 0 
6 97 17 0 
6 63 66 0 
7 87 29 0 
8 111 59 0 
8 109 75 0 
8 86 17 0 
8 53 23 0 
9 82 40 0 
9 41 41 0 
10 143 12 0 
10 85 64 0 
10 23 81 0 
10 14 6 0 
11 129 21 0 
11 41 48 0 
12 124 51 0 
12 81 32 0 
12 63 20 0 
13 135 85 0 
13 108 76 0 
13 99 37 0 
13 89 76 0 
13 85 32 0 
13 74 4 0 
13 66 18 0 
13 25 58 0 
13 19 27 0 
14 147 88 0 
14 140 86 0 
14 113 35 0 
14 94 59 0 
14 84 51 0 
14 67 57 0 
14 35 71 0 
15 51 38 0 
15 50 64 0 
16 130 93 0 
16 125 9 0 
16 81 77 0 
16 49 16 0 
17 115 10 0 
17 100 63 0 
17 83 59 0 
17 38 105 0 
18 139 15 0 
18 78 62 0 
18 45 40 0 
18 32 57 0 
19 130 17 0 
19 118 68 0 
19 103 30 0 
19 89 60 0 
19 55 38 0 
20 33 71 0 
21 84 30 0 
21 36 26 0 
22 94 70 0 
22 78 84 0 
23 64 40 0 
23 45 7 0 
23 44 55 0 
23 36 64 0 
24 87 79 0 
24 82 64 0 
25 137 58 0 
25 102 71 0 
25 54 51 0 
25 49 41 0 
26 132 17 0 
27 123 68 0 
27 110 66 0 
27 92 10 0 
27 76 88 0 
27 31 52 0 
28 119 12 0 
28 85 58 0 
28 81 37 0 
28 57 23 0 
28 36 10 0 
29 112 85 0 
29 88 63 0 
29 65 89 0 
29 33 100 0 
29 32 123 0 
30 127 65 0 
30 113 101 0 
30 69 45 0 
32 116 98 0 
32 72 86 0 
33 137 70 0 
33 54 87 0 
34 129 23 0 
34 48 54 0 
35 149 19 0 
35 101 38 0 
35 51 31 0 
35 50 90 0 
36 87 35 0 
36 74 73 0 
37 124 60 0 
37 55 41 0 
38 148 9 0 
38 78 96 0 
39 82 64 0 
40 120 44 0 
40 116 75 0 
40 72 46 0 
41 142 58 0 
41 130 75 0 
41 115 69 0 
42 123 92 0 
42 85 17 0 
43 119 43 0 
44 114 21 0 
44 107 31 0 
45 100 60 0 
45 60 64 0 
45 55 17 0 
46 117 66 0 
46 63 65 0 
47 129 23 0 
47 107 53 0 
47 64 57 0 
48 135 27 0 
48 109 19 0 
48 80 37 0 
48 76 74 0 
48 71 25 0 
48 49 34 0 
49 59 34 0 
50 65 71 0 
50 64 86 0 
51 109 102 0 
52 88 65 0 
52 63 5 0 
53 113 53 0 
53 73 33 0 
54 143 86 0 
54 130 24 0 
54 115 2 0 
54 79 27 0 
55 134 100 0 
55 111 37 0 
55 81 83 0 
56 85 56 0 
56 84 28 0 
57 145 53 0 
58 130 62 0 
58 127 19 0 
58 79 44 0 
58 76 81 0 
59 106 22 0 
59 98 39 0 
59 96 29 0 
60 105 51 0 
61 138 13 0 
62 102 58 0 
62 83 43 0 
62 78 41 0 
62 65 33 0 
63 136 55 0 
63 64 10 0 
64 118 73 0 
64 83 45 0 
65 102 65 0 
65 91 70 0 
66 102 106 0 
66 74 23 0 
67 109 27 0 
68 148 74 0 
68 104 57 0 
69 149 50 0 
69 122 38 0 
69 98 77 0 
69 89 40 0 
70 139 46 0 
70 137 23 0 
70 131 80 0 
70 112 26 0 
70 109 94 0 
70 97 81 0 
70 95 85 0 
70 91 77 0 
71 110 62 0 
71 86 56 0 
72 135 85 0 
72 119 43 0 
73 145 31 0 
73 80 14 0 
74 91 78 0 
74 84 64 0 
75 85 85 0 
75 78 75 0 
76 99 74 0 
77 132 55 0 
78 120 37 0 
78 90 16 0 
78 82 12 0 
79 143 78 0 
79 136 39 0 
81 111 72 0 
82 146 95 0 
82 144 52 0 
82 133 88 0 
82 131 74 0 
82 127 76 0 
82 114 10 0 
83 93 33 0 
84 109 29 0 
84 92 33 0 
85 126 95 0 
85 101 59 0 
87 135 52 0 
87 123 67 0 
88 116 115 0 
88 99 103 0 
88 91 52 0 
89 127 7 0 
89 95 20 0 
90 121 45 0 
91 136 30 0 
91 107 51 0 
91 97 34 0 
91 93 32 0 
92 131 54 0 
92 115 71 0 
93 132 40 0 
93 127 31 0 
93 101 70 0 
94 122 74 0 
95 141 40 0 
95 135 21 0 
95 99 94 0 
96 114 49 0 
96 113 55 0 
97 142 31 0 
98 121 107 0 
98 118 60 0 
98 113 30 0 
99 125 90 0 
100 136 65 0 
100 117 33 0 
102 128 25 0 
102 117 82 0 
104 112 89 0 
105 130 83 0 
105 126 34 0 
107 122 55 0 
108 149 83 0 
108 132 40 0 
109 138 84 0 
110 121 25 0 
111 147 49 0 
111 137 44 0 
113 114 99 0 
114 137 8 0 
114 118 84 0 
115 116 67 0 
116 143 69 0 
120 135 57 0 
121 123 45 0 
123 127 47 0 
127 148 38 0 
127 128 54 0 
