#GRAPH (#nodes #edges id uu vv ww xx yy zz):
#150 548 geo(0,{150,100,3,0.022,0.000,0.000}) 100 
#
VERTICES (index name u v w x y z):
0 0 91 12 
1 1 37 38 
2 2 89 55 
3 3 85 79 
4 4 74 66 
5 5 99 99 
6 6 54 38 
7 7 68 1 
8 8 65 6 
9 9 95 75 
10 10 6 80 
11 11 19 21 
12 12 13 47 
13 13 68 88 
14 14 5 57 
15 15 28 55 
16 16 74 43 
17 17 80 24 
18 18 55 29 
19 19 45 0 
20 20 85 49 
21 21 15 0 
22 22 68 65 
23 23 49 87 
24 24 80 58 
25 25 49 11 
26 26 10 28 
27 27 27 83 
28 28 50 60 
29 29 87 22 
30 30 66 78 
31 31 89 50 
32 32 11 80 
33 33 1 29 
34 34 31 82 
35 35 51 69 
36 36 25 75 
37 37 42 55 
38 38 81 67 
39 39 13 56 
40 40 62 25 
41 41 64 63 
42 42 47 75 
43 43 96 76 
44 44 7 81 
45 45 59 98 
46 46 79 11 
47 47 24 69 
48 48 49 90 
49 49 78 66 
50 50 76 98 
51 51 3 52 
52 52 98 59 
53 53 72 42 
54 54 10 1 
55 55 7 46 
56 56 36 99 
57 57 65 57 
58 58 50 34 
59 59 76 16 
60 60 48 25 
61 61 22 50 
62 62 37 51 
63 63 32 76 
64 64 8 90 
65 65 87 16 
66 66 18 26 
67 67 76 52 
68 68 24 13 
69 69 9 57 
70 70 45 61 
71 71 80 84 
72 72 46 57 
73 73 88 4 
74 74 73 24 
75 75 60 30 
76 76 24 2 
77 77 43 2 
78 78 71 40 
79 79 25 80 
80 80 47 51 
81 81 2 90 
82 82 78 35 
83 83 44 71 
84 84 83 2 
85 85 58 23 
86 86 86 48 
87 87 9 67 
88 88 66 24 
89 89 71 74 
90 90 27 63 
91 91 27 18 
92 92 12 21 
93 93 88 68 
94 94 71 72 
95 95 2 13 
96 96 88 93 
97 97 64 46 
98 98 73 58 
99 99 79 24 
100 100 64 35 
101 101 78 48 
102 102 56 35 
103 103 57 15 
104 104 14 28 
105 105 1 68 
106 106 37 28 
107 107 34 85 
108 108 73 16 
109 109 93 99 
110 110 36 22 
111 111 53 70 
112 112 41 1 
113 113 26 25 
114 114 68 73 
115 115 21 57 
116 116 36 15 
117 117 1 51 
118 118 3 97 
119 119 94 10 
120 120 26 86 
121 121 97 79 
122 122 47 22 
123 123 66 13 
124 124 62 0 
125 125 41 56 
126 126 72 55 
127 127 42 64 
128 128 98 98 
129 129 96 46 
130 130 93 60 
131 131 70 13 
132 132 91 48 
133 133 21 21 
134 134 88 55 
135 135 89 75 
136 136 79 64 
137 137 5 17 
138 138 34 72 
139 139 30 48 
140 140 0 58 
141 141 42 97 
142 142 93 1 
143 143 85 1 
144 144 95 16 
145 145 88 79 
146 146 44 46 
147 147 85 77 
148 148 42 19 
149 149 36 29 
#
EDGES (from-node to-node length a b):
0 103 34 0 
0 92 80 0 
0 60 45 0 
0 9 63 0 
1 91 22 0 
1 71 63 0 
1 59 45 0 
1 40 28 0 
1 32 49 0 
2 117 88 0 
2 59 41 0 
2 47 66 0 
2 36 67 0 
3 140 88 0 
4 53 24 0 
5 122 93 0 
5 64 91 0 
5 48 51 0 
5 37 72 0 
6 149 20 0 
6 148 22 0 
7 111 71 0 
7 64 107 0 
7 56 103 0 
8 138 73 0 
8 136 60 0 
8 126 49 0 
8 96 90 0 
9 127 54 0 
9 111 42 0 
10 142 118 0 
10 92 59 0 
10 25 81 0 
11 110 17 0 
11 42 61 0 
11 38 77 0 
12 121 90 0 
13 149 67 0 
13 105 70 0 
13 45 13 0 
14 101 74 0 
14 95 44 0 
14 70 40 0 
15 130 65 0 
16 129 22 0 
16 89 31 0 
16 74 19 0 
16 63 53 0 
16 48 53 0 
16 35 35 0 
17 125 50 0 
17 106 43 0 
17 83 59 0 
17 80 43 0 
17 40 18 0 
17 28 47 0 
17 22 43 0 
17 21 69 0 
18 134 42 0 
18 112 31 0 
18 105 67 0 
18 83 43 0 
18 76 41 0 
18 69 54 0 
19 65 45 0 
20 142 49 0 
20 114 29 0 
20 108 35 0 
20 105 86 0 
20 47 64 0 
21 148 33 0 
21 136 91 0 
21 51 53 0 
22 139 42 0 
22 129 34 0 
22 98 9 0 
22 65 53 0 
23 92 76 0 
23 68 78 0 
23 59 76 0 
23 25 76 0 
24 135 19 0 
24 126 9 0 
24 89 18 0 
24 72 34 0 
25 91 23 0 
25 52 69 0 
26 147 90 0 
26 105 41 0 
26 77 42 0 
27 85 68 0 
28 95 67 0 
28 78 29 0 
28 56 41 0 
28 32 44 0 
29 70 57 0 
29 67 32 0 
29 43 55 0 
29 37 56 0 
30 144 68 0 
30 85 56 0 
31 57 25 0 
32 142 114 0 
32 119 109 0 
32 93 78 0 
32 43 85 0 
33 70 54 0 
33 57 70 0 
34 107 4 0 
34 91 64 0 
34 76 80 0 
35 125 16 0 
35 61 35 0 
36 104 48 0 
37 102 24 0 
38 145 14 0 
38 100 36 0 
38 60 53 0 
39 66 30 0 
40 85 4 0 
40 64 85 0 
40 42 52 0 
41 125 24 0 
41 94 11 0 
41 76 73 0 
42 69 42 0 
42 61 35 0 
42 59 66 0 
43 114 28 0 
43 55 94 0 
44 120 20 0 
44 95 68 0 
44 47 21 0 
45 140 71 0 
45 134 52 0 
46 105 97 0 
46 52 52 0 
47 122 52 0 
47 75 53 0 
47 54 69 0 
48 62 41 0 
49 119 58 0 
49 104 74 0 
49 80 34 0 
50 99 74 0 
50 93 32 0 
51 109 102 0 
51 98 70 0 
51 96 94 0 
52 149 69 0 
52 90 71 0 
52 76 93 0 
53 115 53 0 
54 135 108 0 
54 99 73 0 
54 97 70 0 
54 73 78 0 
55 141 62 0 
55 128 105 0 
55 97 57 0 
56 148 80 0 
56 145 56 0 
56 143 110 0 
56 70 39 0 
56 64 29 0 
58 133 32 0 
58 98 33 0 
59 69 79 0 
60 124 29 0 
60 107 62 0 
60 89 54 0 
60 84 42 0 
61 136 59 0 
61 127 24 0 
61 79 30 0 
62 131 50 0 
63 146 32 0 
63 93 57 0 
63 80 29 0 
65 72 58 0 
65 70 62 0 
66 138 49 0 
66 118 73 0 
66 82 61 0 
67 120 60 0 
67 94 21 0 
68 143 62 0 
68 138 60 0 
68 98 67 0 
68 86 71 0 
68 79 67 0 
69 110 44 0 
70 83 10 0 
71 82 49 0 
71 72 43 0 
72 138 19 0 
73 143 4 0 
73 112 47 0 
73 88 30 0 
73 83 80 0 
73 74 25 0 
74 121 60 0 
74 102 20 0 
74 92 61 0 
75 110 25 0 
76 86 77 0 
77 120 86 0 
77 91 23 0 
78 145 43 0 
78 136 25 0 
78 125 34 0 
78 99 18 0 
79 124 88 0 
79 112 81 0 
80 148 32 0 
81 148 81 0 
81 86 94 0 
82 107 67 0 
82 90 58 0 
86 140 87 0 
86 132 5 0 
87 126 64 0 
87 96 83 0 
87 95 54 0 
87 92 46 0 
89 94 2 0 
91 144 68 0 
91 118 83 0 
92 144 83 0 
92 113 15 0 
93 144 52 0 
94 115 52 0 
95 111 76 0 
96 140 95 0 
97 102 14 0 
98 118 80 0 
99 142 27 0 
99 112 44 0 
99 110 43 0 
99 105 90 0 
100 124 35 0 
100 104 50 0 
101 145 33 0 
101 142 49 0 
101 139 48 0 
101 125 38 0 
101 110 49 0 
104 127 46 0 
104 119 82 0 
104 118 70 0 
106 136 55 0 
106 135 70 0 
106 127 36 0 
108 144 22 0 
112 115 59 0 
115 142 91 0 
116 141 82 0 
116 133 16 0 
117 141 62 0 
118 139 56 0 
118 133 78 0 
118 121 96 0 
119 147 68 0 
119 130 50 0 
119 127 75 0 
120 140 38 0 
121 137 111 0 
123 129 45 0 
125 127 8 0 
126 130 22 0 
127 130 51 0 
130 149 65 0 
136 148 58 0 
140 142 109 0 
