#GRAPH (#nodes #edges id uu vv ww xx yy zz):
#20 64 geo(0,{20,100,3,0.165,0.000,0.000}) 100 
#
VERTICES (index name u v w x y z):
0 0 74 74 
1 1 83 63 
2 2 34 35 
3 3 32 97 
4 4 14 25 
5 5 44 49 
6 6 13 59 
7 7 99 10 
8 8 12 80 
9 9 54 99 
10 10 84 96 
11 11 33 36 
12 12 80 37 
13 13 35 48 
14 14 34 65 
15 15 65 87 
16 16 90 84 
17 17 0 49 
18 18 97 76 
19 19 83 22 
#
EDGES (from-node to-node length a b):
0 14 41 0 
0 12 37 0 
1 17 84 0 
1 15 30 0 
1 9 46 0 
1 8 73 0 
2 17 37 0 
2 12 46 0 
2 3 62 0 
3 13 49 0 
3 10 52 0 
3 9 22 0 
3 8 26 0 
3 4 74 0 
4 19 69 0 
4 17 28 0 
4 16 96 0 
4 14 45 0 
4 8 55 0 
5 18 59 0 
5 17 44 0 
5 16 58 0 
5 11 17 0 
6 10 80 0 
7 14 85 0 
8 12 80 0 
10 15 21 0 
10 12 59 0 
11 17 35 0 
12 15 52 0 
13 15 49 0 
13 14 17 0 
