#GRAPH (#nodes #edges id uu vv ww xx yy zz):
#20 68 geo(0,{20,100,3,0.165,0.000,0.000}) 100 
#
VERTICES (index name u v w x y z):
0 0 78 61 
1 1 16 20 
2 2 83 64 
3 3 56 45 
4 4 90 91 
5 5 4 1 
6 6 71 72 
7 7 58 35 
8 8 32 31 
9 9 53 31 
10 10 55 57 
11 11 96 70 
12 12 72 92 
13 13 18 27 
14 14 92 1 
15 15 77 97 
16 16 24 51 
17 17 73 6 
18 18 80 54 
19 19 20 43 
#
EDGES (from-node to-node length a b):
0 17 55 0 
0 16 55 0 
0 12 32 0 
0 8 55 0 
0 4 32 0 
0 2 6 0 
1 19 23 0 
1 13 7 0 
1 6 76 0 
2 18 10 0 
2 11 14 0 
3 15 56 0 
3 10 12 0 
3 5 68 0 
4 16 77 0 
4 15 14 0 
4 13 96 0 
4 9 70 0 
4 8 83 0 
5 18 93 0 
5 16 54 0 
5 7 64 0 
6 19 59 0 
6 18 20 0 
6 15 26 0 
6 14 74 0 
6 7 39 0 
7 14 48 0 
7 8 26 0 
8 18 53 0 
12 18 39 0 
12 17 86 0 
13 16 25 0 
18 19 61 0 
