#GRAPH (#nodes #edges id uu vv ww xx yy zz):
#20 64 geo(0,{20,100,3,0.165,0.000,0.000}) 100 
#
VERTICES (index name u v w x y z):
0 0 72 42 
1 1 8 24 
2 2 40 70 
3 3 96 95 
4 4 23 77 
5 5 66 49 
6 6 40 24 
7 7 84 95 
8 8 8 7 
9 9 67 88 
10 10 35 58 
11 11 4 9 
12 12 10 34 
13 13 45 97 
14 14 81 11 
15 15 69 81 
16 16 23 15 
17 17 75 83 
18 18 6 40 
19 19 68 73 
#
EDGES (from-node to-node length a b):
0 10 40 0 
1 19 77 0 
1 13 82 0 
1 11 16 0 
1 10 43 0 
2 16 58 0 
2 7 51 0 
2 6 46 0 
2 3 61 0 
3 18 105 0 
4 12 45 0 
4 10 22 0 
4 7 64 0 
4 5 51 0 
5 14 41 0 
6 13 73 0 
6 11 39 0 
7 12 96 0 
7 8 116 0 
8 12 27 0 
9 17 9 0 
9 16 85 0 
10 16 45 0 
10 14 66 0 
11 17 103 0 
11 16 20 0 
12 19 70 0 
12 15 75 0 
13 19 33 0 
14 19 63 0 
14 18 80 0 
15 19 8 0 
