#GRAPH (#nodes #edges id uu vv ww xx yy zz):
#20 60 geo(0,{20,100,3,0.165,0.000,0.000}) 100 
#
VERTICES (index name u v w x y z):
0 0 56 40 
1 1 76 46 
2 2 88 95 
3 3 0 48 
4 4 70 10 
5 5 62 42 
6 6 34 10 
7 7 46 18 
8 8 73 39 
9 9 48 70 
10 10 20 33 
11 11 31 77 
12 12 65 12 
13 13 84 26 
14 14 82 36 
15 15 16 74 
16 16 13 21 
17 17 47 85 
18 18 77 29 
19 19 1 58 
#
EDGES (from-node to-node length a b):
0 12 29 0 
0 10 37 0 
0 7 24 0 
0 4 33 0 
1 13 22 0 
2 18 67 0 
2 12 86 0 
2 11 60 0 
2 4 87 0 
3 16 30 0 
3 11 42 0 
3 8 74 0 
3 5 62 0 
4 18 20 0 
5 19 63 0 
6 16 24 0 
6 13 52 0 
6 12 31 0 
7 16 33 0 
7 8 34 0 
8 19 74 0 
8 9 40 0 
9 14 48 0 
10 15 41 0 
10 12 50 0 
11 19 36 0 
13 16 71 0 
15 16 53 0 
16 19 39 0 
17 18 64 0 
