#GRAPH (#nodes #edges id uu vv ww xx yy zz):
#20 80 geo(0,{20,100,3,0.165,0.000,0.000}) 100 
#
VERTICES (index name u v w x y z):
0 0 61 87 
1 1 9 66 
2 2 36 71 
3 3 79 18 
4 4 41 63 
5 5 32 1 
6 6 88 11 
7 7 7 4 
8 8 91 39 
9 9 71 71 
10 10 8 7 
11 11 91 36 
12 12 9 60 
13 13 94 91 
14 14 22 98 
15 15 42 26 
16 16 80 26 
17 17 26 46 
18 18 57 24 
19 19 59 26 
#
EDGES (from-node to-node length a b):
0 14 41 0 
0 13 33 0 
0 9 19 0 
0 3 71 0 
0 1 56 0 
1 18 64 0 
1 11 87 0 
2 17 27 0 
2 15 45 0 
2 12 29 0 
2 11 65 0 
2 8 64 0 
2 4 9 0 
3 6 11 0 
3 5 50 0 
4 7 68 0 
4 6 70 0 
5 10 25 0 
6 9 62 0 
7 16 76 0 
7 14 95 0 
7 8 91 0 
8 19 35 0 
8 14 91 0 
8 10 89 0 
9 18 49 0 
9 17 51 0 
9 11 40 0 
10 19 54 0 
10 12 53 0 
11 15 50 0 
12 19 60 0 
13 19 74 0 
13 18 77 0 
13 14 72 0 
14 16 92 0 
14 15 75 0 
15 19 17 0 
17 19 39 0 
17 18 38 0 
