#GRAPH (#nodes #edges id uu vv ww xx yy zz):
#20 76 geo(0,{20,100,3,0.165,0.000,0.000}) 100 
#
VERTICES (index name u v w x y z):
0 0 10 24 
1 1 18 8 
2 2 91 87 
3 3 57 90 
4 4 85 10 
5 5 58 37 
6 6 83 75 
7 7 84 17 
8 8 14 35 
9 9 10 53 
10 10 27 65 
11 11 47 37 
12 12 4 28 
13 13 59 2 
14 14 91 91 
15 15 35 60 
16 16 3 74 
17 17 98 48 
18 18 79 83 
19 19 90 87 
#
EDGES (from-node to-node length a b):
0 17 91 0 
0 15 44 0 
0 13 54 0 
0 10 44 0 
0 6 89 0 
1 11 41 0 
2 16 89 0 
2 10 68 0 
2 7 70 0 
3 19 33 0 
3 12 82 0 
3 4 85 0 
4 19 77 0 
4 16 104 0 
4 13 27 0 
4 5 38 0 
5 14 63 0 
5 10 42 0 
5 8 44 0 
6 7 58 0 
7 19 70 0 
7 8 72 0 
8 19 92 0 
8 18 81 0 
8 14 95 0 
8 13 56 0 
9 17 88 0 
9 16 22 0 
9 14 89 0 
9 13 71 0 
9 12 26 0 
11 15 26 0 
11 14 70 0 
12 13 61 0 
13 14 95 0 
16 19 88 0 
16 17 98 0 
17 18 40 0 
