#GRAPH (#nodes #edges id uu vv ww xx yy zz):
#20 52 geo(0,{20,100,3,0.165,0.000,0.000}) 100 
#
VERTICES (index name u v w x y z):
0 0 76 77 
1 1 74 6 
2 2 80 72 
3 3 99 3 
4 4 75 91 
5 5 8 6 
6 6 22 59 
7 7 20 84 
8 8 91 35 
9 9 39 48 
10 10 0 73 
11 11 80 10 
12 12 33 24 
13 13 43 51 
14 14 31 46 
15 15 58 11 
16 16 34 98 
17 17 22 43 
18 18 78 0 
19 19 31 14 
#
EDGES (from-node to-node length a b):
0 18 77 0 
0 16 47 0 
0 15 68 0 
0 9 47 0 
0 1 71 0 
2 16 53 0 
2 13 43 0 
2 7 61 0 
2 6 59 0 
3 16 115 0 
3 15 42 0 
4 19 89 0 
4 10 77 0 
5 19 24 0 
5 10 67 0 
5 9 52 0 
5 7 79 0 
6 19 46 0 
6 13 22 0 
6 12 37 0 
7 9 41 0 
8 10 99 0 
9 13 5 0 
11 17 67 0 
11 14 61 0 
11 13 55 0 
