#GRAPH (#nodes #edges id uu vv ww xx yy zz):
#20 72 geo(0,{20,100,3,0.165,0.000,0.000}) 100 
#
VERTICES (index name u v w x y z):
0 0 28 17 
1 1 78 67 
2 2 51 61 
3 3 84 68 
4 4 0 40 
5 5 29 41 
6 6 13 8 
7 7 42 27 
8 8 61 46 
9 9 12 9 
10 10 52 44 
11 11 9 8 
12 12 32 90 
13 13 61 96 
14 14 72 21 
15 15 87 42 
16 16 26 26 
17 17 49 47 
18 18 99 80 
19 19 35 1 
#
EDGES (from-node to-node length a b):
0 16 9 0 
0 12 73 0 
0 2 50 0 
0 1 71 0 
1 19 79 0 
2 19 62 0 
2 6 65 0 
3 18 19 0 
3 16 72 0 
3 14 49 0 
3 8 32 0 
3 5 61 0 
4 19 52 0 
4 15 87 0 
4 7 44 0 
5 12 49 0 
5 11 39 0 
5 9 36 0 
5 6 37 0 
6 18 112 0 
6 9 1 0 
7 19 27 0 
7 18 78 0 
7 15 47 0 
7 14 31 0 
7 10 20 0 
7 9 35 0 
8 19 52 0 
9 12 83 0 
10 17 4 0 
10 13 53 0 
11 15 85 0 
13 19 98 0 
14 19 42 0 
14 17 35 0 
15 19 66 0 
