#GRAPH (#nodes #edges id uu vv ww xx yy zz):
#20 82 geo(0,{20,100,3,0.165,0.000,0.000}) 100 
#
VERTICES (index name u v w x y z):
0 0 96 23 
1 1 74 86 
2 2 78 64 
3 3 76 6 
4 4 10 93 
5 5 47 90 
6 6 37 19 
7 7 89 67 
8 8 38 12 
9 9 91 49 
10 10 53 5 
11 11 82 60 
12 12 10 32 
13 13 44 92 
14 14 58 17 
15 15 42 12 
16 16 72 14 
17 17 0 37 
18 18 87 47 
19 19 42 3 
#
EDGES (from-node to-node length a b):
0 11 40 0 
1 15 81 0 
1 13 31 0 
1 6 77 0 
1 2 22 0 
2 7 11 0 
3 14 21 0 
3 13 92 0 
3 10 23 0 
3 5 89 0 
4 17 57 0 
4 12 61 0 
4 5 37 0 
5 17 71 0 
5 14 74 0 
5 13 4 0 
5 10 85 0 
6 19 17 0 
6 15 9 0 
6 12 30 0 
6 11 61 0 
6 7 71 0 
7 14 59 0 
8 19 10 0 
8 13 80 0 
8 12 34 0 
8 10 17 0 
9 13 64 0 
9 10 58 0 
10 19 11 0 
10 17 62 0 
10 15 13 0 
11 15 62 0 
12 14 50 0 
12 13 69 0 
14 16 14 0 
15 19 9 0 
15 17 49 0 
15 16 30 0 
16 17 76 0 
17 18 88 0 
