#GRAPH (#nodes #edges id uu vv ww xx yy zz):
#20 80 geo(0,{20,100,3,0.165,0.000,0.000}) 100 
#
VERTICES (index name u v w x y z):
0 0 14 36 
1 1 48 0 
2 2 67 58 
3 3 91 96 
4 4 42 37 
5 5 62 49 
6 6 90 33 
7 7 96 42 
8 8 49 52 
9 9 1 71 
10 10 62 96 
11 11 77 38 
12 12 48 73 
13 13 4 1 
14 14 10 3 
15 15 7 48 
16 16 14 53 
17 17 61 73 
18 18 23 43 
19 19 93 73 
#
EDGES (from-node to-node length a b):
0 17 60 0 
0 14 33 0 
0 10 77 0 
0 8 38 0 
0 3 98 0 
0 1 50 0 
1 16 63 0 
1 15 63 0 
1 12 73 0 
1 4 37 0 
2 17 16 0 
2 9 67 0 
2 6 34 0 
2 3 45 0 
4 18 20 0 
4 17 41 0 
4 16 32 0 
4 13 52 0 
4 9 53 0 
4 7 54 0 
4 6 48 0 
5 16 48 0 
5 11 19 0 
5 10 47 0 
6 11 14 0 
6 10 69 0 
6 9 97 0 
7 15 89 0 
7 14 94 0 
7 13 101 0 
7 9 99 0 
8 14 63 0 
8 9 52 0 
9 19 92 0 
9 14 69 0 
9 13 70 0 
10 18 66 0 
11 15 71 0 
12 19 45 0 
15 19 90 0 
