#GRAPH (#nodes #edges id uu vv ww xx yy zz):
#200 644 geo(0,{200,100,3,0.017,0.000,0.000}) 100 
#
VERTICES (index name u v w x y z):
0 0 91 80 
1 1 86 86 
2 2 88 42 
3 3 38 11 
4 4 0 21 
5 5 31 5 
6 6 53 5 
7 7 44 57 
8 8 66 27 
9 9 48 84 
10 10 10 81 
11 11 61 87 
12 12 54 22 
13 13 84 30 
14 14 25 45 
15 15 55 45 
16 16 64 98 
17 17 97 64 
18 18 42 40 
19 19 34 5 
20 20 88 68 
21 21 30 16 
22 22 15 9 
23 23 7 75 
24 24 53 17 
25 25 19 1 
26 26 50 66 
27 27 40 32 
28 28 37 83 
29 29 3 61 
30 30 79 91 
31 31 82 95 
32 32 88 79 
33 33 76 32 
34 34 22 24 
35 35 5 38 
36 36 41 78 
37 37 6 25 
38 38 62 54 
39 39 10 28 
40 40 53 49 
41 41 39 8 
42 42 40 2 
43 43 67 49 
44 44 99 72 
45 45 28 8 
46 46 52 45 
47 47 74 98 
48 48 86 18 
49 49 26 33 
50 50 19 7 
51 51 77 26 
52 52 69 83 
53 53 91 17 
54 54 53 53 
55 55 26 15 
56 56 99 73 
57 57 36 82 
58 58 36 37 
59 59 31 90 
60 60 30 60 
61 61 38 82 
62 62 90 48 
63 63 98 61 
64 64 92 58 
65 65 22 88 
66 66 69 33 
67 67 43 62 
68 68 20 25 
69 69 53 89 
70 70 59 69 
71 71 87 97 
72 72 38 0 
73 73 66 18 
74 74 75 92 
75 75 55 28 
76 76 86 48 
77 77 3 74 
78 78 33 25 
79 79 33 39 
80 80 77 14 
81 81 3 99 
82 82 91 98 
83 83 62 50 
84 84 34 28 
85 85 90 82 
86 86 70 30 
87 87 91 6 
88 88 32 78 
89 89 78 93 
90 90 74 0 
91 91 1 38 
92 92 22 75 
93 93 84 70 
94 94 1 71 
95 95 63 53 
96 96 33 38 
97 97 59 1 
98 98 66 87 
99 99 19 29 
100 100 25 65 
101 101 95 22 
102 102 97 13 
103 103 60 54 
104 104 36 95 
105 105 4 99 
106 106 32 72 
107 107 47 67 
108 108 40 15 
109 109 78 6 
110 110 3 48 
111 111 78 9 
112 112 75 1 
113 113 23 1 
114 114 43 42 
115 115 68 32 
116 116 60 8 
117 117 18 82 
118 118 93 80 
119 119 91 29 
120 120 93 76 
121 121 4 49 
122 122 0 54 
123 123 56 68 
124 124 7 51 
125 125 96 34 
126 126 54 46 
127 127 1 88 
128 128 75 25 
129 129 87 41 
130 130 42 69 
131 131 95 41 
132 132 82 8 
133 133 66 52 
134 134 19 9 
135 135 45 13 
136 136 79 8 
137 137 5 80 
138 138 33 73 
139 139 76 85 
140 140 90 70 
141 141 35 4 
142 142 71 39 
143 143 7 43 
144 144 61 96 
145 145 33 28 
146 146 97 63 
147 147 8 47 
148 148 25 78 
149 149 35 13 
150 150 36 40 
151 151 96 4 
152 152 95 92 
153 153 54 75 
154 154 29 93 
155 155 10 84 
156 156 3 38 
157 157 91 65 
158 158 31 28 
159 159 21 46 
160 160 99 74 
161 161 14 87 
162 162 18 64 
163 163 20 3 
164 164 4 4 
165 165 28 27 
166 166 17 8 
167 167 78 39 
168 168 22 49 
169 169 50 25 
170 170 86 67 
171 171 68 36 
172 172 57 40 
173 173 86 59 
174 174 92 19 
175 175 34 93 
176 176 53 42 
177 177 23 81 
178 178 84 75 
179 179 26 21 
180 180 23 87 
181 181 32 4 
182 182 33 36 
183 183 92 73 
184 184 91 64 
185 185 69 38 
186 186 19 37 
187 187 13 80 
188 188 25 93 
189 189 38 3 
190 190 56 21 
191 191 26 74 
192 192 69 15 
193 193 91 25 
194 194 60 22 
195 195 92 78 
196 196 95 75 
197 197 96 93 
198 198 57 32 
199 199 81 19 
#
EDGES (from-node to-node length a b):
0 170 14 0 
0 124 89 0 
0 14 75 0 
0 3 87 0 
0 2 38 0 
1 101 65 0 
1 99 88 0 
1 66 56 0 
2 174 23 0 
2 127 98 0 
2 93 28 0 
2 86 22 0 
3 136 41 0 
3 102 59 0 
4 167 80 0 
4 141 39 0 
4 85 109 0 
4 62 94 0 
5 199 52 0 
5 155 82 0 
5 107 64 0 
6 38 50 0 
7 52 36 0 
8 151 38 0 
8 141 39 0 
8 65 75 0 
8 11 60 0 
9 177 25 0 
9 162 36 0 
9 89 31 0 
9 80 76 0 
10 175 27 0 
11 187 49 0 
11 59 30 0 
12 186 38 0 
13 177 80 0 
13 121 82 0 
14 192 53 0 
14 176 28 0 
14 172 32 0 
14 85 75 0 
14 79 10 0 
14 70 42 0 
14 38 38 0 
15 191 41 0 
15 189 45 0 
15 52 40 0 
16 173 45 0 
16 123 31 0 
16 59 34 0 
16 56 43 0 
17 47 41 0 
18 176 11 0 
18 175 54 0 
18 144 59 0 
19 158 23 0 
19 91 47 0 
19 76 67 0 
20 159 71 0 
20 112 68 0 
20 103 31 0 
20 42 82 0 
20 36 48 0 
21 176 35 0 
21 150 25 0 
21 118 90 0 
21 81 87 0 
22 170 92 0 
22 154 85 0 
22 36 74 0 
23 195 85 0 
23 140 83 0 
23 77 4 0 
23 35 37 0 
24 83 34 0 
25 54 62 0 
25 32 104 0 
26 199 56 0 
26 80 59 0 
26 71 48 0 
27 130 37 0 
27 38 31 0 
28 40 38 0 
29 162 15 0 
29 141 65 0 
29 75 62 0 
29 43 65 0 
30 105 75 0 
30 40 49 0 
31 194 76 0 
31 169 77 0 
31 110 92 0 
32 170 12 0 
32 157 14 0 
32 155 78 0 
32 128 56 0 
32 35 93 0 
33 186 57 0 
33 173 29 0 
33 78 44 0 
34 178 80 0 
34 94 51 0 
36 116 73 0 
36 102 86 0 
36 48 75 0 
37 140 95 0 
37 40 53 0 
38 186 46 0 
38 167 22 0 
39 117 55 0 
39 80 68 0 
40 194 28 0 
40 61 36 0 
40 57 37 0 
41 152 101 0 
41 126 41 0 
42 146 83 0 
43 44 39 0 
45 187 74 0 
45 156 39 0 
45 84 21 0 
46 101 49 0 
47 173 41 0 
48 172 36 0 
48 153 65 0 
48 151 17 0 
49 195 80 0 
49 152 91 0 
49 60 27 0 
49 52 66 0 
50 190 40 0 
50 156 35 0 
50 118 104 0 
50 104 90 0 
51 168 60 0 
51 160 53 0 
52 199 65 0 
53 156 90 0 
53 72 56 0 
53 68 71 0 
54 198 21 0 
54 89 47 0 
55 85 93 0 
56 179 90 0 
56 155 90 0 
56 100 74 0 
56 98 36 0 
57 147 45 0 
58 158 10 0 
58 121 34 0 
59 198 64 0 
59 197 65 0 
59 196 66 0 
59 176 53 0 
59 159 45 0 
59 143 53 0 
59 64 69 0 
59 61 11 0 
60 158 32 0 
60 101 75 0 
61 122 47 0 
61 99 56 0 
63 155 91 0 
63 129 23 0 
63 89 38 0 
64 152 34 0 
64 140 12 0 
64 133 27 0 
64 109 54 0 
64 100 67 0 
65 183 72 0 
66 139 52 0 
67 74 44 0 
68 168 24 0 
69 191 31 0 
69 181 88 0 
69 154 24 0 
69 137 49 0 
69 114 48 0 
69 109 87 0 
70 149 61 0 
70 80 58 0 
71 150 76 0 
71 128 73 0 
71 125 64 0 
72 132 45 0 
73 194 7 0 
73 175 82 0 
74 199 73 0 
74 192 77 0 
74 96 68 0 
74 84 76 0 
75 175 68 0 
75 159 38 0 
75 145 22 0 
76 176 34 0 
76 143 79 0 
76 85 34 0 
77 147 27 0 
78 108 12 0 
79 83 31 0 
80 92 82 0 
81 196 95 0 
81 104 33 0 
82 113 118 0 
84 160 80 0 
84 94 54 0 
84 93 65 0 
85 176 54 0 
86 168 52 0 
86 158 39 0 
86 145 37 0 
86 132 25 0 
87 189 53 0 
87 142 39 0 
88 185 54 0 
88 94 32 0 
89 177 56 0 
89 151 91 0 
89 141 99 0 
89 124 82 0 
90 160 78 0 
90 124 84 0 
90 103 56 0 
90 100 81 0 
93 184 9 0 
93 178 5 0 
93 154 60 0 
95 198 22 0 
95 183 35 0 
95 178 30 0 
95 153 24 0 
95 146 35 0 
96 185 36 0 
96 135 28 0 
97 133 51 0 
98 140 29 0 
98 103 34 0 
99 189 32 0 
99 135 31 0 
99 117 53 0 
100 164 65 0 
100 156 35 0 
101 154 97 0 
101 138 80 0 
101 128 20 0 
102 126 54 0 
103 109 51 0 
104 179 75 0 
105 124 48 0 
105 116 107 0 
105 113 100 0 
106 169 50 0 
107 198 36 0 
107 193 61 0 
107 115 41 0 
108 176 30 0 
108 161 77 0 
109 181 46 0 
109 163 58 0 
109 117 97 0 
109 113 55 0 
109 110 86 0 
110 177 39 0 
110 116 70 0 
111 157 57 0 
112 157 66 0 
113 134 9 0 
114 119 50 0 
116 166 43 0 
116 165 37 0 
118 148 68 0 
118 119 51 0 
119 137 100 0 
120 157 11 0 
121 138 38 0 
122 184 92 0 
122 160 101 0 
122 151 108 0 
123 161 46 0 
124 165 32 0 
126 169 21 0 
127 141 91 0 
128 185 14 0 
128 162 69 0 
130 171 42 0 
131 142 24 0 
132 138 81 0 
133 159 45 0 
134 195 100 0 
135 188 82 0 
135 182 26 0 
136 177 92 0 
136 151 17 0 
137 187 8 0 
137 180 19 0 
138 147 36 0 
139 189 90 0 
139 161 62 0 
139 155 66 0 
142 199 22 0 
142 197 60 0 
143 158 28 0 
144 170 38 0 
147 165 28 0 
148 186 41 0 
148 173 64 0 
151 180 111 0 
151 165 72 0 
152 173 34 0 
153 178 30 0 
156 192 70 0 
156 186 16 0 
158 190 26 0 
162 169 50 0 
166 182 32 0 
166 178 95 0 
170 175 58 0 
175 190 75 0 
175 181 89 0 
177 181 78 0 
191 195 66 0 
