#GRAPH (#nodes #edges id uu vv ww xx yy zz):
#200 700 geo(0,{200,100,3,0.017,0.000,0.000}) 100 
#
VERTICES (index name u v w x y z):
0 0 29 42 
1 1 12 9 
2 2 69 40 
3 3 37 71 
4 4 91 55 
5 5 13 9 
6 6 14 8 
7 7 47 9 
8 8 10 15 
9 9 31 9 
10 10 45 79 
11 11 30 21 
12 12 43 99 
13 13 77 87 
14 14 71 9 
15 15 92 72 
16 16 86 2 
17 17 5 68 
18 18 14 41 
19 19 41 84 
20 20 29 17 
21 21 92 47 
22 22 30 50 
23 23 76 46 
24 24 75 11 
25 25 35 34 
26 26 91 65 
27 27 55 48 
28 28 36 3 
29 29 66 16 
30 30 60 98 
31 31 53 72 
32 32 86 82 
33 33 51 94 
34 34 75 76 
35 35 74 1 
36 36 76 12 
37 37 83 27 
38 38 47 42 
39 39 35 71 
40 40 83 61 
41 41 43 64 
42 42 52 55 
43 43 83 56 
44 44 84 57 
45 45 17 5 
46 46 72 78 
47 47 50 26 
48 48 79 72 
49 49 45 85 
50 50 99 18 
51 51 54 6 
52 52 4 58 
53 53 66 76 
54 54 20 79 
55 55 19 97 
56 56 32 5 
57 57 72 36 
58 58 12 99 
59 59 15 66 
60 60 68 58 
61 61 53 91 
62 62 95 57 
63 63 57 29 
64 64 30 33 
65 65 99 49 
66 66 15 24 
67 67 63 85 
68 68 91 91 
69 69 86 77 
70 70 94 35 
71 71 42 13 
72 72 43 61 
73 73 21 15 
74 74 10 43 
75 75 92 68 
76 76 31 49 
77 77 14 82 
78 78 11 71 
79 79 56 46 
80 80 70 0 
81 81 78 23 
82 82 9 48 
83 83 14 19 
84 84 62 56 
85 85 84 5 
86 86 16 7 
87 87 82 59 
88 88 89 96 
89 89 19 17 
90 90 55 31 
91 91 98 58 
92 92 36 14 
93 93 98 97 
94 94 70 85 
95 95 66 8 
96 96 39 72 
97 97 40 84 
98 98 50 65 
99 99 85 72 
100 100 91 14 
101 101 56 29 
102 102 78 75 
103 103 52 51 
104 104 22 10 
105 105 27 99 
106 106 84 26 
107 107 19 31 
108 108 0 14 
109 109 37 10 
110 110 33 77 
111 111 28 71 
112 112 70 55 
113 113 59 81 
114 114 65 17 
115 115 16 28 
116 116 75 52 
117 117 55 12 
118 118 87 30 
119 119 75 87 
120 120 48 64 
121 121 34 47 
122 122 90 25 
123 123 95 38 
124 124 37 2 
125 125 54 65 
126 126 88 93 
127 127 51 29 
128 128 46 78 
129 129 95 8 
130 130 14 13 
131 131 14 1 
132 132 13 72 
133 133 48 95 
134 134 66 14 
135 135 77 50 
136 136 95 48 
137 137 59 68 
138 138 32 46 
139 139 63 75 
140 140 31 48 
141 141 80 44 
142 142 37 9 
143 143 96 74 
144 144 34 60 
145 145 78 24 
146 146 13 86 
147 147 85 35 
148 148 63 7 
149 149 86 24 
150 150 83 50 
151 151 10 33 
152 152 91 66 
153 153 87 81 
154 154 42 26 
155 155 43 17 
156 156 32 80 
157 157 52 70 
158 158 3 47 
159 159 73 57 
160 160 55 78 
161 161 85 66 
162 162 90 93 
163 163 28 4 
164 164 59 88 
165 165 78 7 
166 166 51 73 
167 167 86 29 
168 168 94 63 
169 169 4 92 
170 170 58 15 
171 171 28 56 
172 172 65 18 
173 173 58 0 
174 174 72 84 
175 175 70 91 
176 176 43 89 
177 177 55 66 
178 178 68 43 
179 179 65 39 
180 180 64 33 
181 181 9 41 
182 182 11 38 
183 183 79 4 
184 184 4 81 
185 185 20 71 
186 186 75 62 
187 187 33 18 
188 188 12 45 
189 189 17 17 
190 190 82 15 
191 191 16 52 
192 192 50 2 
193 193 72 49 
194 194 63 53 
195 195 86 28 
196 196 76 71 
197 197 50 80 
198 198 72 59 
199 199 72 85 
#
EDGES (from-node to-node length a b):
0 176 49 0 
0 140 6 0 
0 123 66 0 
1 154 34 0 
1 120 66 0 
1 113 86 0 
1 67 92 0 
1 6 2 0 
2 162 57 0 
2 114 23 0 
2 56 51 0 
2 19 52 0 
3 173 74 0 
3 141 51 0 
3 61 26 0 
4 184 91 0 
4 151 84 0 
4 150 9 0 
4 60 23 0 
5 108 14 0 
5 99 96 0 
5 55 88 0 
6 188 37 0 
6 14 57 0 
6 11 21 0 
7 167 44 0 
7 148 16 0 
7 112 51 0 
7 81 34 0 
8 179 60 0 
8 177 68 0 
8 154 34 0 
8 133 89 0 
8 38 46 0 
9 81 49 0 
9 50 69 0 
10 199 28 0 
10 166 8 0 
10 91 57 0 
11 129 66 0 
11 107 15 0 
12 72 38 0 
12 24 94 0 
12 19 15 0 
13 86 101 0 
13 66 88 0 
13 58 66 0 
13 34 11 0 
14 140 56 0 
14 107 56 0 
14 41 62 0 
15 85 67 0 
15 29 62 0 
16 183 7 0 
16 145 23 0 
16 110 92 0 
16 51 32 0 
16 45 69 0 
16 27 55 0 
17 177 50 0 
18 66 17 0 
19 147 66 0 
19 38 42 0 
19 21 63 0 
20 181 31 0 
20 153 86 0 
20 57 47 0 
20 42 44 0 
21 119 43 0 
21 114 40 0 
21 96 59 0 
21 68 44 0 
21 66 80 0 
22 177 30 0 
22 67 48 0 
22 34 52 0 
23 162 49 0 
23 137 28 0 
23 103 25 0 
24 183 8 0 
24 121 55 0 
25 169 66 0 
26 77 79 0 
27 53 30 0 
27 50 53 0 
28 162 105 0 
28 161 80 0 
28 160 77 0 
28 35 38 0 
29 183 18 0 
29 153 68 0 
29 127 20 0 
29 80 16 0 
30 165 93 0 
30 125 34 0 
30 123 69 0 
30 121 57 0 
30 39 37 0 
31 92 60 0 
31 88 43 0 
32 186 23 0 
32 171 64 0 
32 88 14 0 
32 77 72 0 
32 75 15 0 
33 126 37 0 
33 116 48 0 
33 101 65 0 
33 66 79 0 
33 37 74 0 
34 170 63 0 
34 104 85 0 
35 183 6 0 
35 112 54 0 
36 178 32 0 
36 137 59 0 
36 100 15 0 
37 192 41 0 
38 180 19 0 
38 146 56 0 
38 92 30 0 
38 78 46 0 
40 169 85 0 
40 95 56 0 
40 42 32 0 
41 197 17 0 
41 177 12 0 
41 173 66 0 
41 138 21 0 
41 136 54 0 
41 93 64 0 
41 53 26 0 
42 139 23 0 
42 122 48 0 
42 108 66 0 
42 82 44 0 
42 81 41 0 
42 69 40 0 
43 153 25 0 
43 109 65 0 
43 87 3 0 
43 67 35 0 
44 198 12 0 
46 183 74 0 
46 160 17 0 
46 80 78 0 
47 193 32 0 
47 112 35 0 
47 102 56 0 
47 64 21 0 
48 134 59 0 
48 109 75 0 
48 104 84 0 
49 106 71 0 
49 50 86 0 
50 173 45 0 
50 95 34 0 
50 74 92 0 
52 198 68 0 
52 152 87 0 
53 165 70 0 
53 108 91 0 
53 104 79 0 
54 131 78 0 
56 106 56 0 
57 121 40 0 
57 106 16 0 
57 97 58 0 
57 81 14 0 
58 148 105 0 
58 120 50 0 
59 168 79 0 
59 123 85 0 
59 99 70 0 
60 173 59 0 
60 104 66 0 
60 82 60 0 
61 195 71 0 
61 159 39 0 
61 87 43 0 
62 185 76 0 
62 123 19 0 
62 115 84 0 
63 163 38 0 
63 108 59 0 
63 71 22 0 
63 67 56 0 
64 197 51 0 
64 93 93 0 
64 91 72 0 
65 183 49 0 
65 173 64 0 
65 96 64 0 
66 178 56 0 
66 105 76 0 
66 71 29 0 
67 179 46 0 
67 71 75 0 
68 162 2 0 
68 110 60 0 
68 90 70 0 
69 186 19 0 
69 122 52 0 
69 97 47 0 
70 83 82 0 
70 72 57 0 
71 179 35 0 
71 109 6 0 
71 94 77 0 
71 86 27 0 
72 105 41 0 
73 197 71 0 
73 184 68 0 
73 153 93 0 
75 191 78 0 
75 128 47 0 
75 93 30 0 
75 89 89 0 
75 79 42 0 
76 184 42 0 
79 171 30 0 
79 144 26 0 
79 142 42 0 
80 124 33 0 
81 134 15 0 
81 113 61 0 
81 94 63 0 
82 178 59 0 
83 100 77 0 
84 158 60 0 
85 124 47 0 
85 104 62 0 
85 86 68 0 
86 141 74 0 
86 109 21 0 
87 175 34 0 
87 112 13 0 
87 93 41 0 
88 125 47 0 
88 103 58 0 
89 144 46 0 
89 138 32 0 
90 172 16 0 
90 99 51 0 
91 185 79 0 
91 106 35 0 
92 187 5 0 
92 170 22 0 
92 146 76 0 
93 164 40 0 
93 119 25 0 
94 158 77 0 
94 146 57 0 
95 155 25 0 
96 144 13 0 
96 130 64 0 
96 120 12 0 
97 100 87 0 
98 188 43 0 
98 175 33 0 
98 124 64 0 
99 166 34 0 
99 139 22 0 
99 119 18 0 
100 196 59 0 
100 107 74 0 
101 181 49 0 
101 161 47 0 
101 114 15 0 
102 103 35 0 
103 151 46 0 
105 192 100 0 
105 180 76 0 
105 132 30 0 
105 124 98 0 
107 187 19 0 
107 155 28 0 
107 153 84 0 
109 183 42 0 
110 184 29 0 
110 183 86 0 
110 161 53 0 
111 193 49 0 
111 192 72 0 
111 182 37 0 
111 127 48 0 
111 122 77 0 
113 190 70 0 
113 184 55 0 
115 161 79 0 
115 152 84 0 
116 119 35 0 
117 181 54 0 
118 186 34 0 
119 180 55 0 
119 168 31 0 
120 173 65 0 
121 146 44 0 
121 128 33 0 
123 144 65 0 
123 136 10 0 
125 166 9 0 
127 191 42 0 
127 177 37 0 
127 131 46 0 
127 130 40 0 
129 177 70 0 
129 154 56 0 
130 133 89 0 
132 176 34 0 
132 169 22 0 
133 172 79 0 
135 151 69 0 
136 182 85 0 
136 169 101 0 
137 193 23 0 
139 181 64 0 
139 171 40 0 
140 157 30 0 
140 143 70 0 
141 185 66 0 
141 149 21 0 
141 148 41 0 
142 180 36 0 
145 185 75 0 
147 180 21 0 
148 170 9 0 
150 173 56 0 
154 185 50 0 
156 187 62 0 
156 169 30 0 
158 174 78 0 
159 181 66 0 
159 165 50 0 
160 198 25 0 
160 196 22 0 
161 191 70 0 
161 171 58 0 
163 173 30 0 
166 188 48 0 
168 199 31 0 
174 185 54 0 
175 197 23 0 
176 189 77 0 
178 181 59 0 
179 197 44 0 
186 195 36 0 
186 194 15 0 
187 188 34 0 
191 196 63 0 
