#GRAPH (#nodes #edges id uu vv ww xx yy zz):
#200 716 geo(0,{200,100,3,0.017,0.000,0.000}) 100 
#
VERTICES (index name u v w x y z):
0 0 41 92 
1 1 13 4 
2 2 69 66 
3 3 27 0 
4 4 50 30 
5 5 67 5 
6 6 71 52 
7 7 32 16 
8 8 37 72 
9 9 22 40 
10 10 60 21 
11 11 23 4 
12 12 8 60 
13 13 81 75 
14 14 16 93 
15 15 0 3 
16 16 68 81 
17 17 41 24 
18 18 90 70 
19 19 92 14 
20 20 79 80 
21 21 15 4 
22 22 80 77 
23 23 48 71 
24 24 19 68 
25 25 73 70 
26 26 88 54 
27 27 76 62 
28 28 12 7 
29 29 7 13 
30 30 15 47 
31 31 83 18 
32 32 90 19 
33 33 68 14 
34 34 31 5 
35 35 18 99 
36 36 60 41 
37 37 5 45 
38 38 18 9 
39 39 66 0 
40 40 65 49 
41 41 62 28 
42 42 49 16 
43 43 7 9 
44 44 79 68 
45 45 23 60 
46 46 12 22 
47 47 2 23 
48 48 80 19 
49 49 64 78 
50 50 86 47 
51 51 94 81 
52 52 58 67 
53 53 31 20 
54 54 54 0 
55 55 74 80 
56 56 45 70 
57 57 47 80 
58 58 50 57 
59 59 78 92 
60 60 24 9 
61 61 13 18 
62 62 85 85 
63 63 37 84 
64 64 56 42 
65 65 73 95 
66 66 32 71 
67 67 27 48 
68 68 87 28 
69 69 26 4 
70 70 82 33 
71 71 94 83 
72 72 60 56 
73 73 29 78 
74 74 20 33 
75 75 10 24 
76 76 33 63 
77 77 72 23 
78 78 77 95 
79 79 21 17 
80 80 10 34 
81 81 2 93 
82 82 34 22 
83 83 63 44 
84 84 56 67 
85 85 31 34 
86 86 50 17 
87 87 86 1 
88 88 6 63 
89 89 23 57 
90 90 52 1 
91 91 99 29 
92 92 15 40 
93 93 65 90 
94 94 87 19 
95 95 67 71 
96 96 43 19 
97 97 38 79 
98 98 26 32 
99 99 67 54 
100 100 26 55 
101 101 10 80 
102 102 80 3 
103 103 91 44 
104 104 80 92 
105 105 6 37 
106 106 9 68 
107 107 9 55 
108 108 61 11 
109 109 95 15 
110 110 57 28 
111 111 89 75 
112 112 52 65 
113 113 71 78 
114 114 44 78 
115 115 20 76 
116 116 91 5 
117 117 29 84 
118 118 9 74 
119 119 35 19 
120 120 71 16 
121 121 5 27 
122 122 50 35 
123 123 79 22 
124 124 21 33 
125 125 51 36 
126 126 71 97 
127 127 22 93 
128 128 28 18 
129 129 28 68 
130 130 92 25 
131 131 42 44 
132 132 17 49 
133 133 33 8 
134 134 17 80 
135 135 40 69 
136 136 46 53 
137 137 76 38 
138 138 61 18 
139 139 80 81 
140 140 75 92 
141 141 52 12 
142 142 11 66 
143 143 50 84 
144 144 76 65 
145 145 57 27 
146 146 93 50 
147 147 31 11 
148 148 96 56 
149 149 28 7 
150 150 90 58 
151 151 24 91 
152 152 85 2 
153 153 0 45 
154 154 58 64 
155 155 33 38 
156 156 77 12 
157 157 27 30 
158 158 81 85 
159 159 88 60 
160 160 68 49 
161 161 99 91 
162 162 93 21 
163 163 98 30 
164 164 48 49 
165 165 36 74 
166 166 87 58 
167 167 60 90 
168 168 89 64 
169 169 41 62 
170 170 92 57 
171 171 56 34 
172 172 69 74 
173 173 1 40 
174 174 37 9 
175 175 27 93 
176 176 64 8 
177 177 9 47 
178 178 68 37 
179 179 57 93 
180 180 33 71 
181 181 13 29 
182 182 30 64 
183 183 81 42 
184 184 96 31 
185 185 26 1 
186 186 61 70 
187 187 84 51 
188 188 40 20 
189 189 98 43 
190 190 90 35 
191 191 34 40 
192 192 69 77 
193 193 32 29 
194 194 82 17 
195 195 5 35 
196 196 64 44 
197 197 52 28 
198 198 72 18 
199 199 94 14 
#
EDGES (from-node to-node length a b):
0 196 53 0 
1 190 83 0 
1 133 20 0 
1 59 109 0 
1 52 77 0 
2 152 66 0 
2 134 54 0 
2 82 56 0 
2 56 24 0 
3 198 48 0 
3 188 24 0 
3 123 56 0 
3 48 56 0 
3 42 27 0 
3 14 94 0 
4 192 51 0 
4 187 40 0 
4 130 42 0 
4 129 44 0 
4 102 40 0 
5 158 81 0 
5 134 90 0 
5 97 79 0 
5 74 55 0 
5 73 82 0 
6 190 25 0 
6 135 35 0 
6 104 41 0 
7 155 22 0 
7 137 49 0 
7 117 68 0 
8 173 48 0 
8 76 10 0 
8 56 8 0 
8 49 28 0 
8 20 43 0 
9 180 33 0 
9 169 29 0 
9 155 11 0 
9 100 16 0 
9 81 57 0 
9 69 36 0 
10 158 67 0 
10 95 50 0 
10 30 52 0 
11 158 100 0 
11 153 47 0 
11 141 30 0 
11 138 40 0 
11 125 43 0 
11 113 88 0 
11 51 105 0 
11 44 85 0 
12 151 35 0 
12 149 57 0 
12 92 21 0 
13 191 59 0 
13 186 21 0 
13 119 72 0 
13 109 62 0 
14 159 79 0 
14 155 58 0 
14 24 25 0 
15 128 32 0 
15 85 44 0 
16 163 59 0 
16 148 38 0 
16 127 48 0 
16 23 22 0 
17 190 50 0 
17 184 55 0 
17 145 16 0 
17 47 39 0 
18 180 57 0 
18 104 24 0 
18 26 16 0 
19 188 52 0 
19 163 17 0 
19 132 83 0 
19 107 93 0 
20 86 69 0 
20 72 31 0 
21 181 25 0 
21 82 26 0 
21 55 96 0 
21 40 67 0 
21 22 98 0 
22 67 60 0 
22 57 33 0 
22 35 66 0 
23 183 44 0 
23 85 41 0 
23 78 38 0 
23 74 47 0 
24 44 60 0 
25 170 23 0 
25 99 17 0 
25 33 56 0 
26 62 31 0 
27 185 79 0 
27 152 61 0 
28 119 26 0 
28 30 40 0 
29 159 94 0 
29 145 52 0 
29 143 83 0 
29 42 42 0 
30 189 83 0 
30 183 66 0 
30 143 51 0 
30 82 31 0 
30 61 29 0 
31 139 63 0 
31 124 64 0 
32 174 54 0 
32 165 77 0 
33 162 26 0 
34 162 64 0 
34 151 86 0 
34 140 97 0 
34 90 21 0 
35 158 65 0 
35 146 90 0 
35 85 66 0 
36 154 23 0 
36 120 27 0 
36 107 53 0 
36 93 49 0 
37 144 74 0 
37 124 20 0 
37 68 84 0 
38 104 104 0 
38 96 27 0 
39 197 31 0 
39 133 34 0 
39 65 95 0 
40 125 19 0 
41 197 10 0 
41 156 22 0 
41 141 19 0 
41 90 29 0 
42 170 59 0 
43 173 32 0 
43 133 26 0 
43 120 64 0 
43 61 11 0 
43 55 98 0 
44 196 28 0 
44 120 53 0 
45 170 69 0 
45 154 35 0 
45 83 43 0 
45 74 27 0 
45 63 28 0 
46 159 85 0 
46 63 67 0 
46 55 85 0 
47 176 64 0 
47 166 92 0 
47 151 71 0 
47 129 52 0 
49 157 61 0 
50 180 58 0 
50 157 61 0 
50 89 64 0 
51 196 48 0 
51 116 76 0 
52 178 32 0 
52 155 38 0 
52 105 60 0 
52 72 11 0 
52 64 25 0 
53 152 57 0 
54 137 44 0 
54 69 28 0 
54 64 42 0 
55 109 68 0 
55 102 77 0 
55 81 73 0 
56 141 58 0 
57 195 62 0 
57 134 30 0 
57 106 40 0 
58 132 34 0 
58 87 67 0 
58 85 30 0 
59 198 74 0 
59 141 84 0 
59 132 75 0 
60 154 65 0 
60 133 9 0 
60 87 63 0 
60 70 63 0 
61 199 81 0 
61 92 22 0 
61 84 65 0 
62 182 59 0 
63 159 56 0 
63 150 59 0 
64 183 25 0 
64 165 38 0 
64 139 46 0 
64 102 46 0 
66 149 64 0 
66 82 49 0 
67 179 54 0 
68 190 8 0 
68 183 15 0 
68 150 30 0 
68 142 85 0 
68 115 82 0 
68 106 88 0 
68 82 53 0 
69 153 49 0 
69 133 8 0 
69 104 103 0 
70 181 69 0 
71 148 27 0 
72 198 40 0 
72 181 54 0 
73 122 48 0 
73 119 59 0 
73 99 45 0 
75 112 59 0 
76 175 31 0 
76 148 63 0 
77 183 21 0 
77 145 16 0 
79 107 40 0 
79 101 64 0 
80 132 17 0 
80 85 21 0 
82 132 32 0 
83 172 31 0 
83 148 35 0 
83 138 26 0 
83 125 14 0 
83 103 28 0 
85 165 40 0 
85 159 63 0 
87 184 32 0 
87 120 21 0 
88 193 43 0 
88 138 71 0 
89 134 24 0 
89 133 50 0 
90 177 63 0 
90 121 54 0 
90 108 13 0 
91 189 14 0 
91 143 74 0 
91 139 55 0 
92 178 53 0 
93 142 59 0 
93 98 70 0 
94 189 26 0 
94 146 32 0 
94 135 69 0 
94 134 93 0 
94 123 9 0 
94 120 16 0 
94 112 58 0 
95 174 69 0 
95 162 56 0 
95 157 57 0 
95 126 26 0 
95 109 63 0 
96 174 12 0 
97 180 9 0 
97 118 29 0 
97 113 33 0 
98 154 45 0 
99 150 23 0 
99 115 52 0 
101 181 51 0 
101 139 70 0 
101 113 61 0 
103 198 32 0 
105 147 36 0 
106 190 87 0 
106 130 93 0 
106 126 68 0 
107 148 87 0 
109 140 80 0 
109 129 85 0 
109 126 85 0 
110 111 57 0 
111 156 64 0 
111 118 80 0 
113 157 65 0 
113 129 44 0 
114 138 62 0 
115 169 25 0 
115 134 5 0 
116 119 58 0 
117 172 41 0 
119 155 19 0 
119 152 53 0 
119 142 53 0 
120 198 2 0 
121 182 45 0 
121 176 62 0 
121 132 25 0 
122 169 28 0 
123 169 55 0 
123 153 82 0 
124 199 75 0 
124 193 12 0 
124 136 32 0 
125 127 64 0 
126 153 88 0 
126 138 80 0 
127 135 30 0 
129 188 49 0 
130 139 57 0 
131 195 38 0 
131 191 9 0 
131 159 49 0 
132 179 59 0 
135 160 34 0 
136 186 23 0 
136 177 37 0 
136 167 40 0 
136 162 57 0 
137 171 20 0 
138 147 31 0 
140 145 67 0 
142 197 56 0 
142 167 55 0 
143 164 35 0 
144 163 41 0 
144 150 16 0 
145 163 41 0 
151 172 48 0 
152 195 87 0 
152 176 22 0 
152 161 90 0 
153 157 31 0 
155 191 2 0 
155 188 19 0 
156 168 53 0 
156 162 18 0 
159 185 86 0 
161 184 60 0 
162 187 31 0 
162 170 36 0 
164 178 23 0 
165 197 49 0 
165 194 73 0 
169 180 12 0 
173 187 84 0 
178 180 49 0 
179 186 23 0 
185 197 37 0 
187 199 38 0 
187 197 39 0 
188 194 42 0 
189 191 64 0 
