#GRAPH (#nodes #edges id uu vv ww xx yy zz):
#200 698 geo(0,{200,100,3,0.017,0.000,0.000}) 100 
#
VERTICES (index name u v w x y z):
0 0 82 31 
1 1 83 87 
2 2 68 38 
3 3 2 88 
4 4 47 41 
5 5 80 78 
6 6 41 37 
7 7 88 47 
8 8 37 5 
9 9 8 68 
10 10 4 5 
11 11 16 55 
12 12 67 42 
13 13 72 11 
14 14 81 33 
15 15 38 22 
16 16 97 94 
17 17 6 59 
18 18 85 54 
19 19 81 61 
20 20 54 28 
21 21 33 34 
22 22 2 20 
23 23 76 85 
24 24 45 27 
25 25 0 68 
26 26 82 0 
27 27 12 76 
28 28 52 99 
29 29 61 7 
30 30 60 22 
31 31 0 81 
32 32 30 61 
33 33 87 94 
34 34 85 95 
35 35 85 24 
36 36 64 36 
37 37 36 65 
38 38 38 3 
39 39 94 6 
40 40 27 84 
41 41 26 9 
42 42 78 80 
43 43 88 14 
44 44 11 67 
45 45 39 95 
46 46 0 41 
47 47 62 61 
48 48 73 26 
49 49 75 95 
50 50 66 72 
51 51 40 9 
52 52 24 50 
53 53 5 64 
54 54 25 3 
55 55 63 52 
56 56 15 51 
57 57 80 82 
58 58 54 36 
59 59 19 18 
60 60 55 55 
61 61 59 55 
62 62 2 52 
63 63 93 84 
64 64 51 50 
65 65 11 66 
66 66 75 57 
67 67 61 0 
68 68 32 58 
69 69 75 26 
70 70 16 12 
71 71 62 60 
72 72 6 32 
73 73 35 78 
74 74 41 81 
75 75 79 21 
76 76 71 69 
77 77 12 17 
78 78 30 56 
79 79 98 47 
80 80 75 89 
81 81 64 74 
82 82 86 63 
83 83 24 33 
84 84 98 69 
85 85 81 41 
86 86 87 9 
87 87 73 0 
88 88 55 6 
89 89 83 97 
90 90 42 32 
91 91 11 25 
92 92 23 64 
93 93 0 51 
94 94 17 0 
95 95 76 82 
96 96 53 11 
97 97 1 13 
98 98 97 58 
99 99 45 3 
100 100 0 1 
101 101 72 5 
102 102 10 61 
103 103 74 95 
104 104 83 60 
105 105 86 89 
106 106 60 8 
107 107 93 69 
108 108 37 33 
109 109 53 25 
110 110 61 95 
111 111 26 34 
112 112 74 54 
113 113 14 53 
114 114 75 13 
115 115 95 76 
116 116 86 52 
117 117 31 41 
118 118 96 38 
119 119 54 54 
120 120 52 31 
121 121 69 9 
122 122 50 77 
123 123 55 12 
124 124 95 27 
125 125 75 34 
126 126 34 60 
127 127 5 79 
128 128 20 79 
129 129 66 49 
130 130 36 98 
131 131 24 11 
132 132 73 16 
133 133 22 87 
134 134 44 34 
135 135 98 45 
136 136 88 73 
137 137 76 19 
138 138 11 40 
139 139 59 12 
140 140 80 64 
141 141 32 88 
142 142 79 76 
143 143 71 20 
144 144 87 18 
145 145 67 21 
146 146 12 7 
147 147 71 40 
148 148 45 80 
149 149 97 42 
150 150 84 86 
151 151 75 62 
152 152 22 50 
153 153 21 87 
154 154 34 19 
155 155 53 14 
156 156 65 61 
157 157 74 23 
158 158 30 94 
159 159 25 87 
160 160 75 41 
161 161 58 30 
162 162 51 38 
163 163 78 59 
164 164 15 66 
165 165 21 13 
166 166 52 81 
167 167 38 31 
168 168 90 78 
169 169 12 85 
170 170 16 78 
171 171 86 86 
172 172 89 29 
173 173 77 14 
174 174 83 8 
175 175 67 77 
176 176 6 10 
177 177 46 98 
178 178 88 78 
179 179 22 49 
180 180 22 2 
181 181 24 42 
182 182 8 41 
183 183 82 49 
184 184 29 86 
185 185 44 41 
186 186 15 42 
187 187 8 85 
188 188 82 40 
189 189 46 10 
190 190 55 98 
191 191 57 98 
192 192 14 5 
193 193 66 2 
194 194 81 75 
195 195 97 34 
196 196 49 1 
197 197 95 89 
198 198 27 83 
199 199 27 90 
#
EDGES (from-node to-node length a b):
0 167 44 0 
0 60 36 0 
0 41 60 0 
1 138 86 0 
1 30 69 0 
2 168 46 0 
2 157 16 0 
2 110 57 0 
2 97 72 0 
2 74 51 0 
2 73 52 0 
2 43 31 0 
3 192 84 0 
3 99 95 0 
3 46 47 0 
3 45 38 0 
3 39 123 0 
4 198 47 0 
4 133 52 0 
4 74 40 0 
4 62 46 0 
4 46 47 0 
5 177 39 0 
5 84 20 0 
5 50 15 0 
5 39 73 0 
6 123 29 0 
6 87 49 0 
6 74 44 0 
7 160 14 0 
7 94 85 0 
7 45 69 0 
7 25 90 0 
8 144 52 0 
8 91 33 0 
8 53 67 0 
9 199 29 0 
9 195 95 0 
9 66 68 0 
10 175 96 0 
10 166 90 0 
10 140 96 0 
10 100 6 0 
10 95 105 0 
11 96 57 0 
11 60 39 0 
12 177 60 0 
12 118 29 0 
12 89 57 0 
12 84 41 0 
12 40 58 0 
12 26 45 0 
13 119 47 0 
13 16 87 0 
14 110 65 0 
15 170 60 0 
15 113 39 0 
15 30 22 0 
16 186 97 0 
16 148 54 0 
16 92 80 0 
16 90 83 0 
17 87 89 0 
18 59 75 0 
19 164 66 0 
19 84 19 0 
19 61 23 0 
19 49 35 0 
19 34 34 0 
20 188 30 0 
20 168 62 0 
20 132 22 0 
20 89 75 0 
20 83 30 0 
20 78 37 0 
20 43 37 0 
20 37 41 0 
21 154 15 0 
21 109 22 0 
21 74 48 0 
22 151 84 0 
22 136 101 0 
22 51 40 0 
23 151 23 0 
23 104 26 0 
24 191 72 0 
24 183 43 0 
24 81 51 0 
24 78 33 0 
24 60 30 0 
24 38 25 0 
25 182 28 0 
25 175 68 0 
25 102 12 0 
25 83 42 0 
25 80 78 0 
25 66 76 0 
26 176 77 0 
26 151 62 0 
26 133 106 0 
27 160 72 0 
27 126 27 0 
28 197 44 0 
28 64 49 0 
28 43 92 0 
29 102 74 0 
29 75 23 0 
29 53 80 0 
29 31 96 0 
30 191 76 0 
30 111 36 0 
30 77 48 0 
30 55 30 0 
30 33 77 0 
31 64 60 0 
32 152 14 0 
32 70 51 0 
32 52 13 0 
32 46 36 0 
34 120 72 0 
34 82 32 0 
34 49 10 0 
34 39 89 0 
35 170 88 0 
35 162 37 0 
35 95 59 0 
36 190 63 0 
36 169 71 0 
36 167 26 0 
36 97 67 0 
36 92 50 0 
36 74 51 0 
37 192 64 0 
37 139 58 0 
37 119 21 0 
37 109 43 0 
37 88 62 0 
37 87 75 0 
37 63 60 0 
37 58 34 0 
38 189 11 0 
38 73 75 0 
39 196 45 0 
39 91 85 0 
40 139 79 0 
41 133 78 0 
41 68 49 0 
42 153 57 0 
42 147 41 0 
42 86 72 0 
43 121 20 0 
44 129 58 0 
44 46 28 0 
45 170 29 0 
45 157 80 0 
45 134 61 0 
45 53 46 0 
45 46 67 0 
46 198 50 0 
46 187 45 0 
46 117 31 0 
46 72 11 0 
47 121 52 0 
47 78 32 0 
48 170 77 0 
48 77 62 0 
49 193 93 0 
49 143 75 0 
49 131 98 0 
49 105 13 0 
50 177 33 0 
50 145 51 0 
50 127 61 0 
50 126 34 0 
50 117 47 0 
50 96 62 0 
50 91 72 0 
50 52 47 0 
51 181 37 0 
51 142 78 0 
51 125 43 0 
51 95 81 0 
52 192 46 0 
52 159 37 0 
52 154 33 0 
52 148 37 0 
52 66 51 0 
53 196 77 0 
53 91 39 0 
54 173 53 0 
54 118 79 0 
54 103 104 0 
55 91 59 0 
56 166 48 0 
57 170 64 0 
57 122 30 0 
57 92 60 0 
57 89 15 0 
58 175 43 0 
59 172 71 0 
59 171 95 0 
59 167 23 0 
59 79 84 0 
64 182 44 0 
64 159 45 0 
64 138 41 0 
65 174 92 0 
65 167 44 0 
65 160 69 0 
65 144 90 0 
65 72 34 0 
66 71 13 0 
67 92 74 0 
67 91 56 0 
67 88 8 0 
67 85 46 0 
67 75 28 0 
67 71 60 0 
68 94 60 0 
69 181 53 0 
69 141 75 0 
70 186 30 0 
71 199 46 0 
72 121 67 0 
72 110 84 0 
73 189 69 0 
73 186 41 0 
73 170 19 0 
73 159 13 0 
73 154 59 0 
73 145 65 0 
73 138 45 0 
73 105 52 0 
75 167 42 0 
76 94 88 0 
77 123 43 0 
77 99 36 0 
77 79 91 0 
78 81 38 0 
79 162 48 0 
81 95 14 0 
82 197 28 0 
82 164 71 0 
83 182 18 0 
86 163 51 0 
86 154 54 0 
86 138 82 0 
87 174 13 0 
87 147 40 0 
88 194 74 0 
88 104 61 0 
89 180 113 0 
89 162 67 0 
89 103 9 0 
90 169 61 0 
90 128 52 0 
91 146 18 0 
91 133 63 0 
93 196 70 0 
93 150 91 0 
93 130 59 0 
94 108 39 0 
94 107 103 0 
94 106 44 0 
95 105 12 0 
96 160 37 0 
96 155 3 0 
97 173 76 0 
97 147 75 0 
97 137 75 0 
98 156 32 0 
99 159 86 0 
99 132 31 0 
100 185 59 0 
100 136 114 0 
101 195 38 0 
101 170 92 0 
101 119 52 0 
105 134 69 0 
105 121 82 0 
105 119 47 0 
106 135 53 0 
107 164 78 0 
108 122 46 0 
110 117 62 0 
112 198 55 0 
112 191 47 0 
112 166 35 0 
112 159 59 0 
114 172 21 0 
114 139 16 0 
114 122 69 0 
115 190 46 0 
115 188 38 0 
116 151 15 0 
116 121 46 0 
117 145 41 0 
118 195 4 0 
118 163 28 0 
119 174 54 0 
119 127 55 0 
120 133 64 0 
121 183 42 0 
121 176 63 0 
122 152 39 0 
123 140 58 0 
124 148 73 0 
124 144 12 0 
125 198 69 0 
125 152 55 0 
125 141 69 0 
126 195 68 0 
128 171 66 0 
128 161 62 0 
129 183 16 0 
129 135 32 0 
130 158 7 0 
131 178 93 0 
132 197 76 0 
133 199 6 0 
133 193 96 0 
134 164 43 0 
135 172 18 0 
136 146 101 0 
139 187 89 0 
141 179 40 0 
142 154 73 0 
143 174 17 0 
146 170 71 0 
146 149 92 0 
147 192 67 0 
147 156 22 0 
150 188 46 0 
150 157 64 0 
153 194 61 0 
153 187 13 0 
153 175 47 0 
153 173 92 0 
153 168 70 0 
155 173 24 0 
157 187 91 0 
159 169 13 0 
160 177 64 0 
164 168 76 0 
165 184 73 0 
171 184 57 0 
174 184 95 0 
175 192 89 0 
181 190 64 0 
