#GRAPH (#nodes #edges id uu vv ww xx yy zz):
#200 674 geo(0,{200,100,3,0.017,0.000,0.000}) 100 
#
VERTICES (index name u v w x y z):
0 0 21 14 
1 1 45 89 
2 2 69 83 
3 3 19 23 
4 4 79 85 
5 5 82 15 
6 6 47 56 
7 7 92 17 
8 8 61 91 
9 9 84 7 
10 10 76 56 
11 11 0 45 
12 12 9 41 
13 13 56 42 
14 14 29 7 
15 15 71 51 
16 16 60 78 
17 17 48 4 
18 18 9 25 
19 19 82 54 
20 20 98 72 
21 21 34 85 
22 22 66 99 
23 23 90 36 
24 24 44 72 
25 25 72 53 
26 26 65 47 
27 27 68 52 
28 28 81 48 
29 29 93 97 
30 30 3 62 
31 31 93 85 
32 32 52 23 
33 33 14 83 
34 34 17 65 
35 35 26 59 
36 36 44 36 
37 37 87 41 
38 38 40 32 
39 39 46 69 
40 40 81 45 
41 41 28 5 
42 42 78 94 
43 43 33 7 
44 44 14 35 
45 45 52 63 
46 46 82 31 
47 47 11 24 
48 48 11 74 
49 49 64 18 
50 50 23 72 
51 51 22 22 
52 52 78 72 
53 53 5 6 
54 54 79 72 
55 55 75 54 
56 56 38 22 
57 57 73 67 
58 58 72 67 
59 59 9 58 
60 60 74 92 
61 61 83 20 
62 62 61 72 
63 63 50 50 
64 64 75 41 
65 65 90 10 
66 66 73 9 
67 67 21 39 
68 68 7 81 
69 69 37 26 
70 70 61 85 
71 71 62 59 
72 72 37 58 
73 73 91 99 
74 74 22 10 
75 75 80 24 
76 76 82 44 
77 77 80 93 
78 78 59 96 
79 79 83 77 
80 80 43 81 
81 81 19 26 
82 82 85 76 
83 83 93 3 
84 84 46 42 
85 85 20 83 
86 86 57 1 
87 87 44 87 
88 88 40 68 
89 89 38 30 
90 90 61 74 
91 91 87 49 
92 92 77 72 
93 93 35 1 
94 94 87 99 
95 95 9 35 
96 96 24 31 
97 97 95 89 
98 98 58 8 
99 99 96 82 
100 100 28 40 
101 101 20 95 
102 102 24 95 
103 103 74 52 
104 104 67 41 
105 105 33 60 
106 106 50 20 
107 107 10 62 
108 108 89 77 
109 109 36 94 
110 110 60 61 
111 111 11 3 
112 112 30 51 
113 113 79 75 
114 114 86 33 
115 115 98 30 
116 116 25 87 
117 117 8 99 
118 118 94 63 
119 119 67 81 
120 120 40 42 
121 121 90 39 
122 122 16 32 
123 123 40 43 
124 124 60 17 
125 125 52 82 
126 126 15 63 
127 127 81 33 
128 128 18 99 
129 129 42 92 
130 130 10 58 
131 131 2 82 
132 132 74 72 
133 133 33 3 
134 134 31 47 
135 135 48 90 
136 136 68 6 
137 137 5 12 
138 138 39 33 
139 139 1 95 
140 140 70 69 
141 141 53 80 
142 142 85 64 
143 143 50 85 
144 144 67 61 
145 145 75 47 
146 146 37 63 
147 147 62 47 
148 148 57 30 
149 149 37 96 
150 150 70 78 
151 151 2 83 
152 152 81 58 
153 153 22 54 
154 154 8 88 
155 155 1 71 
156 156 23 36 
157 157 75 33 
158 158 63 58 
159 159 1 98 
160 160 14 52 
161 161 34 16 
162 162 17 83 
163 163 9 19 
164 164 99 16 
165 165 3 41 
166 166 80 95 
167 167 16 43 
168 168 17 22 
169 169 83 17 
170 170 67 16 
171 171 19 83 
172 172 37 27 
173 173 61 80 
174 174 73 85 
175 175 45 34 
176 176 13 23 
177 177 78 60 
178 178 63 23 
179 179 1 58 
180 180 63 15 
181 181 38 1 
182 182 90 97 
183 183 11 5 
184 184 22 80 
185 185 17 19 
186 186 73 29 
187 187 90 61 
188 188 48 58 
189 189 99 2 
190 190 99 62 
191 191 47 86 
192 192 27 41 
193 193 50 48 
194 194 81 34 
195 195 84 18 
196 196 62 95 
197 197 16 44 
198 198 33 72 
199 199 8 1 
#
EDGES (from-node to-node length a b):
0 193 45 0 
0 188 52 0 
0 101 81 0 
0 76 68 0 
0 75 60 0 
0 27 60 0 
0 10 69 0 
1 115 79 0 
1 104 53 0 
1 70 16 0 
1 18 73 0 
2 174 4 0 
2 145 36 0 
2 136 77 0 
2 63 38 0 
3 186 54 0 
3 184 57 0 
3 54 77 0 
4 176 91 0 
4 93 95 0 
4 33 65 0 
5 170 15 0 
5 60 77 0 
5 11 87 0 
6 57 28 0 
6 51 42 0 
6 43 51 0 
6 41 54 0 
6 31 54 0 
6 23 47 0 
6 18 49 0 
7 192 69 0 
7 174 71 0 
7 150 65 0 
7 74 70 0 
8 156 67 0 
8 133 92 0 
8 47 84 0 
9 184 96 0 
9 23 30 0 
10 139 85 0 
10 133 68 0 
10 130 66 0 
10 15 7 0 
11 161 45 0 
11 145 75 0 
11 44 17 0 
12 199 40 0 
12 179 19 0 
13 100 28 0 
14 131 80 0 
14 57 74 0 
14 29 110 0 
15 199 80 0 
15 186 22 0 
15 166 45 0 
15 143 40 0 
15 85 60 0 
16 163 78 0 
16 83 82 0 
16 77 25 0 
17 163 42 0 
17 160 59 0 
17 152 63 0 
17 134 46 0 
18 158 63 0 
18 35 38 0 
19 142 10 0 
19 103 8 0 
19 49 40 0 
20 193 54 0 
20 171 80 0 
21 93 84 0 
21 86 87 0 
21 79 50 0 
21 63 38 0 
21 59 37 0 
21 24 16 0 
22 175 68 0 
22 139 65 0 
22 120 63 0 
22 89 74 0 
23 186 18 0 
23 100 62 0 
23 82 40 0 
23 71 36 0 
23 60 58 0 
23 52 38 0 
23 34 79 0 
25 130 62 0 
25 68 71 0 
25 49 36 0 
26 60 46 0 
27 163 68 0 
27 125 34 0 
27 35 43 0 
28 188 34 0 
28 135 53 0 
28 100 54 0 
28 63 31 0 
28 60 45 0 
29 163 115 0 
30 168 42 0 
30 116 33 0 
30 46 85 0 
31 111 116 0 
32 145 33 0 
33 159 20 0 
33 150 56 0 
33 138 56 0 
33 118 82 0 
33 99 82 0 
34 196 54 0 
34 125 39 0 
34 88 23 0 
35 155 28 0 
35 148 42 0 
35 66 69 0 
36 173 47 0 
36 117 73 0 
36 61 42 0 
36 53 49 0 
37 181 63 0 
37 131 94 0 
38 162 56 0 
38 138 1 0 
38 97 79 0 
38 83 60 0 
39 65 74 0 
40 198 55 0 
40 48 76 0 
42 131 77 0 
42 46 63 0 
43 91 68 0 
43 84 37 0 
45 190 47 0 
45 133 63 0 
45 128 50 0 
46 119 52 0 
46 116 80 0 
46 83 30 0 
46 56 45 0 
47 51 11 0 
48 140 59 0 
48 84 47 0 
48 73 84 0 
48 70 51 0 
49 195 20 0 
49 168 47 0 
49 159 102 0 
49 96 42 0 
50 195 81 0 
50 171 12 0 
50 127 70 0 
50 65 91 0 
51 162 61 0 
52 185 81 0 
52 144 16 0 
52 95 78 0 
52 84 44 0 
53 197 40 0 
53 140 91 0 
53 111 7 0 
54 153 60 0 
54 149 48 0 
54 148 47 0 
54 140 9 0 
55 136 49 0 
55 115 33 0 
58 155 71 0 
58 149 45 0 
58 70 21 0 
58 66 58 0 
59 97 91 0 
60 157 59 0 
60 125 24 0 
61 91 29 0 
62 155 60 0 
63 155 53 0 
63 94 61 0 
64 197 59 0 
64 182 58 0 
64 93 57 0 
64 66 32 0 
66 146 65 0 
67 189 86 0 
67 187 72 0 
67 135 58 0 
68 168 60 0 
68 161 70 0 
68 104 72 0 
68 91 86 0 
69 154 68 0 
69 126 43 0 
69 92 61 0 
70 187 38 0 
70 176 78 0 
70 129 20 0 
70 109 27 0 
71 88 24 0 
71 78 37 0 
72 151 43 0 
72 129 34 0 
73 195 81 0 
75 185 63 0 
76 142 20 0 
76 120 42 0 
77 111 113 0 
78 198 35 0 
79 197 75 0 
80 117 39 0 
80 93 80 0 
81 131 59 0 
81 111 24 0 
81 91 72 0 
82 197 76 0 
82 111 104 0 
83 185 78 0 
83 177 59 0 
83 118 60 0 
83 102 115 0 
84 97 68 0 
84 85 49 0 
85 115 94 0 
86 198 75 0 
86 190 74 0 
86 176 49 0 
86 91 57 0 
87 185 73 0 
87 173 18 0 
87 168 70 0 
90 172 53 0 
90 114 48 0 
90 101 46 0 
91 150 34 0 
91 120 48 0 
91 114 16 0 
91 95 79 0 
92 149 47 0 
92 145 25 0 
93 154 91 0 
93 116 87 0 
93 112 50 0 
94 167 90 0 
95 105 35 0 
97 192 83 0 
97 166 16 0 
98 181 21 0 
98 129 86 0 
99 171 77 0 
99 132 24 0 
99 106 77 0 
100 156 6 0 
102 197 52 0 
102 103 66 0 
103 152 9 0 
103 150 26 0 
104 191 49 0 
105 138 28 0 
105 124 51 0 
105 122 33 0 
106 153 44 0 
106 141 60 0 
107 185 44 0 
107 176 39 0 
108 170 65 0 
109 185 77 0 
110 171 47 0 
110 131 62 0 
111 182 123 0 
111 147 67 0 
111 136 57 0 
111 126 60 0 
113 183 98 0 
114 193 39 0 
114 177 28 0 
114 137 84 0 
115 176 85 0 
116 174 48 0 
117 159 7 0 
117 155 29 0 
119 129 27 0 
120 173 43 0 
120 169 50 0 
120 154 56 0 
121 181 64 0 
121 165 87 0 
121 127 11 0 
123 167 24 0 
124 156 42 0 
125 187 43 0 
125 126 42 0 
127 153 63 0 
127 142 31 0 
128 151 23 0 
130 199 57 0 
130 153 13 0 
131 144 68 0 
133 199 25 0 
133 146 60 0 
133 134 44 0 
134 150 50 0 
137 140 86 0 
138 187 58 0 
138 154 63 0 
140 161 64 0 
141 181 80 0 
143 178 63 0 
143 153 42 0 
144 165 67 0 
147 193 12 0 
148 188 29 0 
149 154 30 0 
151 194 93 0 
153 189 93 0 
154 169 103 0 
154 167 46 0 
154 162 10 0 
156 178 42 0 
157 181 49 0 
161 199 30 0 
161 176 22 0 
163 181 34 0 
164 187 46 0 
165 181 53 0 
165 172 37 0 
168 175 30 0 
172 195 48 0 
176 198 53 0 
179 189 113 0 
179 186 78 0 
180 194 26 0 
180 186 17 0 
182 184 70 0 
183 190 105 0 
185 196 88 0 
187 190 9 0 
