#GRAPH (#nodes #edges id uu vv ww xx yy zz):
#200 734 geo(0,{200,100,3,0.017,0.000,0.000}) 100 
#
VERTICES (index name u v w x y z):
0 0 73 25 
1 1 37 77 
2 2 39 62 
3 3 52 76 
4 4 62 54 
5 5 24 17 
6 6 87 39 
7 7 37 43 
8 8 97 80 
9 9 74 46 
10 10 69 37 
11 11 15 57 
12 12 80 59 
13 13 61 99 
14 14 73 63 
15 15 44 29 
16 16 86 82 
17 17 23 0 
18 18 63 21 
19 19 47 74 
20 20 28 94 
21 21 36 43 
22 22 56 70 
23 23 51 38 
24 24 67 35 
25 25 28 3 
26 26 78 0 
27 27 58 28 
28 28 27 58 
29 29 37 0 
30 30 6 34 
31 31 20 1 
32 32 9 78 
33 33 56 86 
34 34 70 66 
35 35 79 23 
36 36 10 55 
37 37 38 4 
38 38 4 55 
39 39 16 93 
40 40 98 27 
41 41 40 39 
42 42 4 18 
43 43 56 61 
44 44 45 94 
45 45 9 49 
46 46 69 19 
47 47 12 22 
48 48 70 19 
49 49 56 65 
50 50 81 8 
51 51 41 35 
52 52 61 82 
53 53 42 37 
54 54 70 60 
55 55 60 83 
56 56 23 48 
57 57 87 2 
58 58 26 44 
59 59 67 22 
60 60 21 47 
61 61 95 87 
62 62 67 20 
63 63 58 70 
64 64 44 20 
65 65 9 89 
66 66 78 98 
67 67 68 92 
68 68 35 37 
69 69 61 4 
70 70 8 76 
71 71 82 35 
72 72 57 9 
73 73 91 83 
74 74 99 59 
75 75 13 40 
76 76 11 18 
77 77 43 63 
78 78 77 18 
79 79 73 54 
80 80 92 89 
81 81 44 1 
82 82 22 95 
83 83 49 60 
84 84 53 15 
85 85 16 78 
86 86 28 16 
87 87 10 12 
88 88 25 54 
89 89 78 12 
90 90 76 67 
91 91 51 80 
92 92 97 53 
93 93 93 69 
94 94 38 13 
95 95 82 63 
96 96 95 72 
97 97 34 96 
98 98 64 99 
99 99 12 57 
100 100 70 89 
101 101 57 3 
102 102 92 91 
103 103 19 64 
104 104 23 56 
105 105 96 57 
106 106 8 3 
107 107 58 72 
108 108 14 35 
109 109 61 73 
110 110 82 93 
111 111 20 47 
112 112 87 83 
113 113 52 59 
114 114 66 6 
115 115 8 18 
116 116 33 99 
117 117 86 44 
118 118 41 80 
119 119 75 9 
120 120 88 97 
121 121 88 6 
122 122 28 33 
123 123 74 69 
124 124 50 52 
125 125 21 79 
126 126 23 24 
127 127 81 55 
128 128 87 17 
129 129 78 32 
130 130 81 41 
131 131 52 78 
132 132 23 66 
133 133 21 2 
134 134 31 77 
135 135 26 75 
136 136 55 94 
137 137 63 3 
138 138 24 9 
139 139 26 51 
140 140 50 95 
141 141 72 73 
142 142 90 63 
143 143 97 72 
144 144 44 96 
145 145 62 59 
146 146 42 53 
147 147 67 45 
148 148 40 41 
149 149 20 49 
150 150 35 5 
151 151 80 5 
152 152 68 86 
153 153 75 64 
154 154 58 23 
155 155 47 17 
156 156 84 27 
157 157 95 29 
158 158 3 56 
159 159 85 43 
160 160 25 29 
161 161 30 77 
162 162 83 20 
163 163 77 81 
164 164 74 93 
165 165 33 66 
166 166 30 69 
167 167 49 28 
168 168 20 0 
169 169 66 49 
170 170 5 55 
171 171 41 40 
172 172 20 2 
173 173 94 54 
174 174 46 74 
175 175 20 18 
176 176 18 6 
177 177 79 5 
178 178 50 22 
179 179 23 72 
180 180 40 49 
181 181 97 96 
182 182 67 89 
183 183 55 22 
184 184 87 40 
185 185 59 61 
186 186 47 39 
187 187 78 4 
188 188 49 47 
189 189 22 71 
190 190 84 83 
191 191 5 44 
192 192 43 71 
193 193 28 90 
194 194 61 7 
195 195 22 38 
196 196 2 66 
197 197 38 34 
198 198 51 26 
199 199 28 84 
#
EDGES (from-node to-node length a b):
0 187 22 0 
0 169 25 0 
0 111 57 0 
0 31 58 0 
0 9 21 0 
1 193 16 0 
1 189 16 0 
1 180 28 0 
1 174 9 0 
1 153 40 0 
1 85 21 0 
1 16 49 0 
2 109 25 0 
2 101 62 0 
2 14 34 0 
2 13 43 0 
3 195 48 0 
3 185 17 0 
3 179 29 0 
3 178 54 0 
3 167 48 0 
3 90 26 0 
4 111 43 0 
4 92 35 0 
4 14 14 0 
5 131 67 0 
5 13 90 0 
6 99 77 0 
6 57 37 0 
6 45 79 0 
7 181 80 0 
7 139 14 0 
7 128 56 0 
7 121 63 0 
7 91 40 0 
8 163 20 0 
8 140 49 0 
8 129 52 0 
8 123 25 0 
9 96 33 0 
10 172 60 0 
10 146 31 0 
10 141 36 0 
10 102 59 0 
11 167 45 0 
11 165 20 0 
11 136 54 0 
11 109 49 0 
11 17 58 0 
12 14 8 0 
13 98 3 0 
13 63 29 0 
13 31 106 0 
13 28 53 0 
14 196 71 0 
14 168 82 0 
14 103 54 0 
14 100 26 0 
14 99 61 0 
14 70 66 0 
14 57 63 0 
14 41 41 0 
14 38 69 0 
14 23 33 0 
15 176 35 0 
15 91 51 0 
15 30 38 0 
16 180 57 0 
17 145 71 0 
17 139 51 0 
17 109 82 0 
17 32 79 0 
18 95 46 0 
18 85 74 0 
18 50 22 0 
18 43 41 0 
18 33 65 0 
19 182 25 0 
19 126 55 0 
20 150 89 0 
20 103 31 0 
21 171 6 0 
21 136 54 0 
21 127 47 0 
21 85 40 0 
22 116 37 0 
22 111 43 0 
22 99 46 0 
22 33 16 0 
23 197 14 0 
24 93 43 0 
25 197 33 0 
25 158 59 0 
26 89 12 0 
27 184 31 0 
27 165 45 0 
27 159 31 0 
27 144 69 0 
27 116 75 0 
27 91 52 0 
27 77 38 0 
27 72 19 0 
27 48 15 0 
28 174 25 0 
28 142 63 0 
29 149 52 0 
29 141 81 0 
29 126 28 0 
29 118 80 0 
29 107 75 0 
29 71 57 0 
30 179 42 0 
30 178 46 0 
30 153 75 0 
30 133 35 0 
30 128 83 0 
30 95 81 0 
30 61 104 0 
31 74 98 0 
33 163 22 0 
33 134 27 0 
33 82 35 0 
34 172 81 0 
34 165 37 0 
34 110 30 0 
34 63 13 0 
35 168 63 0 
35 86 51 0 
35 52 62 0 
36 112 82 0 
36 84 59 0 
36 51 37 0 
37 170 61 0 
37 119 37 0 
37 101 19 0 
38 168 57 0 
38 144 57 0 
38 89 86 0 
39 188 57 0 
39 120 72 0 
39 60 46 0 
39 41 59 0 
40 151 28 0 
41 129 39 0 
41 90 46 0 
41 88 21 0 
42 178 46 0 
42 126 20 0 
43 89 54 0 
44 134 22 0 
44 90 41 0 
45 193 45 0 
45 84 56 0 
45 69 69 0 
46 194 14 0 
46 96 59 0 
46 53 32 0 
47 196 45 0 
47 53 34 0 
47 48 58 0 
49 109 9 0 
49 77 13 0 
49 73 39 0 
50 147 40 0 
51 158 43 0 
51 127 45 0 
51 105 59 0 
51 91 46 0 
51 89 44 0 
52 199 33 0 
52 176 87 0 
52 174 17 0 
52 162 66 0 
52 95 28 0 
53 123 45 0 
53 95 48 0 
53 71 40 0 
53 56 22 0 
54 71 28 0 
55 128 71 0 
55 56 51 0 
56 179 24 0 
56 170 19 0 
56 122 16 0 
56 87 38 0 
56 58 5 0 
57 163 80 0 
57 148 61 0 
57 144 103 0 
57 100 89 0 
57 58 74 0 
58 127 56 0 
58 66 75 0 
58 61 81 0 
59 197 31 0 
59 81 31 0 
60 178 38 0 
60 169 45 0 
60 163 66 0 
60 117 65 0 
60 102 84 0 
60 101 57 0 
61 165 65 0 
61 120 12 0 
61 86 98 0 
62 199 75 0 
62 182 69 0 
62 173 43 0 
64 133 29 0 
65 106 86 0 
66 90 31 0 
67 138 94 0 
67 106 107 0 
68 147 33 0 
69 125 85 0 
69 108 56 0 
70 159 84 0 
70 136 50 0 
71 190 48 0 
71 160 57 0 
71 126 60 0 
71 104 63 0 
72 173 58 0 
72 95 60 0 
74 132 76 0 
74 88 74 0 
75 169 54 0 
75 128 77 0 
75 126 19 0 
75 118 49 0 
76 186 42 0 
77 159 47 0 
77 130 44 0 
78 172 59 0 
78 139 61 0 
79 80 40 0 
80 150 102 0 
81 153 70 0 
82 146 47 0 
82 138 86 0 
82 106 93 0 
83 126 44 0 
83 106 70 0 
84 180 36 0 
84 168 36 0 
85 194 84 0 
85 144 33 0 
87 179 61 0 
87 162 73 0 
87 144 91 0 
88 198 38 0 
90 91 28 0 
91 140 15 0 
91 122 52 0 
91 107 11 0 
92 121 48 0 
92 102 38 0 
93 144 56 0 
94 183 19 0 
94 138 15 0 
94 130 51 0 
95 187 59 0 
95 125 63 0 
96 124 49 0 
97 148 55 0 
97 122 63 0 
98 167 73 0 
98 114 93 0 
99 119 79 0 
100 152 4 0 
101 177 22 0 
101 136 91 0 
101 103 72 0 
102 151 87 0 
103 199 22 0 
104 130 60 0 
107 134 27 0 
107 114 66 0 
107 112 31 0 
108 189 37 0 
108 172 34 0 
108 110 89 0 
109 153 17 0 
110 127 38 0 
111 170 17 0 
111 163 66 0 
111 162 69 0 
111 146 23 0 
112 181 16 0 
112 163 10 0 
112 134 56 0 
113 163 33 0 
115 133 21 0 
116 144 11 0 
116 135 25 0 
117 175 71 0 
117 128 27 0 
118 139 33 0 
119 157 28 0 
120 166 64 0 
120 138 109 0 
122 189 38 0 
122 141 59 0 
123 189 52 0 
123 176 84 0 
123 160 63 0 
124 185 13 0 
124 165 22 0 
124 153 28 0 
124 147 18 0 
125 197 48 0 
126 186 28 0 
130 192 48 0 
131 174 7 0 
131 170 52 0 
133 184 76 0 
133 160 27 0 
133 137 42 0 
134 184 67 0 
134 163 46 0 
134 160 48 0 
135 184 70 0 
135 167 52 0 
137 199 88 0 
138 176 7 0 
138 153 75 0 
139 162 65 0 
139 157 72 0 
142 184 23 0 
142 163 22 0 
143 190 17 0 
143 153 23 0 
144 190 42 0 
145 187 57 0 
146 199 34 0 
146 179 27 0 
147 159 18 0 
148 188 11 0 
148 187 53 0 
148 179 35 0 
148 163 54 0 
151 165 77 0 
153 194 59 0 
153 170 71 0 
154 195 39 0 
154 166 54 0 
154 160 34 0 
155 197 19 0 
156 174 60 0 
156 166 68 0 
157 162 15 0 
160 192 46 0 
160 190 80 0 
161 167 53 0 
164 196 77 0 
164 173 44 0 
166 175 52 0 
167 186 11 0 
169 191 61 0 
171 183 23 0 
171 175 30 0 
174 179 23 0 
175 176 12 0 
176 184 77 0 
178 185 40 0 
180 182 48 0 
181 192 60 0 
