#GRAPH (#nodes #edges id uu vv ww xx yy zz):
#200 716 geo(0,{200,100,3,0.017,0.000,0.000}) 100 
#
VERTICES (index name u v w x y z):
0 0 76 60 
1 1 0 21 
2 2 16 43 
3 3 71 92 
4 4 6 11 
5 5 88 22 
6 6 38 15 
7 7 8 54 
8 8 22 41 
9 9 44 73 
10 10 26 14 
11 11 32 3 
12 12 55 43 
13 13 99 15 
14 14 52 35 
15 15 31 16 
16 16 38 66 
17 17 98 13 
18 18 69 58 
19 19 63 74 
20 20 55 3 
21 21 22 67 
22 22 84 98 
23 23 98 78 
24 24 94 66 
25 25 99 80 
26 26 46 72 
27 27 81 89 
28 28 27 44 
29 29 43 85 
30 30 80 12 
31 31 52 76 
32 32 45 59 
33 33 25 12 
34 34 28 37 
35 35 34 78 
36 36 26 44 
37 37 44 57 
38 38 75 48 
39 39 43 35 
40 40 81 4 
41 41 26 31 
42 42 63 7 
43 43 40 78 
44 44 66 77 
45 45 45 74 
46 46 87 19 
47 47 68 92 
48 48 15 0 
49 49 29 17 
50 50 28 52 
51 51 47 72 
52 52 97 20 
53 53 60 69 
54 54 70 16 
55 55 48 60 
56 56 39 97 
57 57 48 89 
58 58 86 1 
59 59 25 23 
60 60 77 13 
61 61 18 5 
62 62 70 94 
63 63 31 70 
64 64 69 27 
65 65 68 25 
66 66 50 13 
67 67 89 15 
68 68 5 46 
69 69 85 39 
70 70 26 99 
71 71 51 22 
72 72 82 60 
73 73 94 23 
74 74 67 40 
75 75 47 4 
76 76 23 65 
77 77 37 24 
78 78 73 40 
79 79 29 38 
80 80 88 24 
81 81 72 24 
82 82 50 31 
83 83 42 54 
84 84 63 84 
85 85 20 28 
86 86 50 86 
87 87 88 92 
88 88 1 13 
89 89 68 4 
90 90 79 55 
91 91 43 7 
92 92 32 36 
93 93 45 46 
94 94 14 17 
95 95 18 33 
96 96 34 64 
97 97 17 58 
98 98 99 39 
99 99 83 33 
100 100 60 5 
101 101 85 14 
102 102 63 24 
103 103 27 10 
104 104 95 32 
105 105 84 71 
106 106 69 17 
107 107 36 38 
108 108 0 51 
109 109 51 76 
110 110 43 62 
111 111 61 1 
112 112 92 75 
113 113 68 34 
114 114 89 11 
115 115 22 73 
116 116 28 11 
117 117 40 50 
118 118 71 60 
119 119 50 98 
120 120 72 21 
121 121 21 22 
122 122 36 28 
123 123 93 10 
124 124 40 93 
125 125 8 16 
126 126 45 77 
127 127 70 76 
128 128 33 57 
129 129 64 77 
130 130 84 83 
131 131 57 82 
132 132 12 74 
133 133 57 23 
134 134 66 70 
135 135 42 29 
136 136 14 1 
137 137 23 24 
138 138 70 6 
139 139 91 51 
140 140 33 88 
141 141 61 6 
142 142 95 5 
143 143 89 22 
144 144 22 10 
145 145 62 46 
146 146 99 66 
147 147 96 19 
148 148 37 50 
149 149 53 19 
150 150 92 55 
151 151 58 89 
152 152 42 80 
153 153 73 31 
154 154 16 17 
155 155 84 6 
156 156 37 30 
157 157 36 73 
158 158 9 32 
159 159 2 1 
160 160 33 25 
161 161 51 19 
162 162 95 26 
163 163 37 51 
164 164 8 93 
165 165 71 48 
166 166 93 62 
167 167 76 92 
168 168 31 12 
169 169 45 85 
170 170 79 56 
171 171 49 73 
172 172 41 32 
173 173 20 95 
174 174 23 64 
175 175 92 63 
176 176 41 78 
177 177 1 22 
178 178 61 29 
179 179 75 41 
180 180 57 97 
181 181 61 58 
182 182 74 81 
183 183 21 49 
184 184 69 30 
185 185 26 4 
186 186 43 80 
187 187 27 97 
188 188 26 72 
189 189 97 11 
190 190 93 99 
191 191 21 92 
192 192 66 41 
193 193 73 58 
194 194 22 52 
195 195 11 67 
196 196 38 32 
197 197 20 19 
198 198 99 20 
199 199 55 84 
#
EDGES (from-node to-node length a b):
0 184 31 0 
0 58 60 0 
0 33 70 0 
0 12 27 0 
1 109 75 0 
1 56 85 0 
2 132 31 0 
2 49 29 0 
2 25 91 0 
2 14 37 0 
3 118 32 0 
3 93 53 0 
3 57 23 0 
4 94 10 0 
4 14 52 0 
5 199 70 0 
5 133 31 0 
5 52 9 0 
6 194 40 0 
6 168 8 0 
6 166 72 0 
6 76 52 0 
6 47 83 0 
6 40 44 0 
6 27 86 0 
7 30 83 0 
8 163 18 0 
8 99 62 0 
8 64 49 0 
8 58 75 0 
8 19 53 0 
9 92 39 0 
9 89 73 0 
10 90 67 0 
10 63 56 0 
11 187 94 0 
11 179 57 0 
11 15 13 0 
12 62 53 0 
13 138 30 0 
13 42 37 0 
14 149 16 0 
14 133 13 0 
14 90 34 0 
14 57 54 0 
15 178 33 0 
15 168 4 0 
15 141 32 0 
15 135 17 0 
15 96 48 0 
15 86 73 0 
16 110 6 0 
16 100 65 0 
17 169 89 0 
17 123 6 0 
17 120 27 0 
17 96 82 0 
17 92 70 0 
17 42 36 0 
18 101 47 0 
18 23 35 0 
19 194 47 0 
19 179 35 0 
19 151 16 0 
20 146 77 0 
20 85 43 0 
20 53 66 0 
21 128 15 0 
21 119 42 0 
21 76 2 0 
21 24 72 0 
22 109 40 0 
22 100 96 0 
22 70 58 0 
22 34 83 0 
23 135 74 0 
23 119 52 0 
24 173 79 0 
24 150 11 0 
24 99 35 0 
24 82 56 0 
24 28 71 0 
25 87 16 0 
25 57 52 0 
26 135 43 0 
26 116 64 0 
26 71 50 0 
26 63 15 0 
27 195 73 0 
27 137 87 0 
27 124 41 0 
27 84 19 0 
28 187 53 0 
28 158 22 0 
28 150 66 0 
28 47 63 0 
28 41 13 0 
28 29 44 0 
29 136 89 0 
29 133 64 0 
29 109 12 0 
29 54 74 0 
29 46 79 0 
30 165 37 0 
30 144 58 0 
30 127 65 0 
31 194 38 0 
31 101 70 0 
31 51 6 0 
32 79 26 0 
33 140 76 0 
33 117 41 0 
33 48 16 0 
34 194 16 0 
34 183 14 0 
34 43 43 0 
35 68 43 0 
35 66 67 0 
35 56 20 0 
35 37 23 0 
36 182 61 0 
36 164 52 0 
36 121 23 0 
37 188 23 0 
37 147 64 0 
38 136 77 0 
38 83 34 0 
38 75 52 0 
39 192 24 0 
39 185 35 0 
40 183 75 0 
40 161 34 0 
40 147 21 0 
40 105 67 0 
40 90 51 0 
42 61 45 0 
42 49 35 0 
43 83 24 0 
44 153 47 0 
44 115 44 0 
45 163 24 0 
45 131 14 0 
45 68 49 0 
45 56 24 0 
46 128 66 0 
46 99 15 0 
46 79 61 0 
47 184 62 0 
47 144 94 0 
47 95 77 0 
47 87 20 0 
49 176 62 0 
49 135 18 0 
49 120 43 0 
49 74 44 0 
49 73 65 0 
50 174 13 0 
50 138 62 0 
50 129 44 0 
50 98 72 0 
50 92 16 0 
51 134 19 0 
51 126 5 0 
51 106 59 0 
52 198 2 0 
52 170 40 0 
52 169 83 0 
52 140 93 0 
52 126 77 0 
53 191 45 0 
53 100 64 0 
53 85 57 0 
54 163 48 0 
54 123 24 0 
54 101 15 0 
55 87 51 0 
56 63 28 0 
57 199 9 0 
57 168 79 0 
57 151 10 0 
57 97 44 0 
58 178 38 0 
58 128 77 0 
58 127 77 0 
59 195 46 0 
59 114 65 0 
60 190 87 0 
60 180 86 0 
60 170 43 0 
60 156 43 0 
60 114 12 0 
60 112 64 0 
60 101 8 0 
61 74 60 0 
62 161 77 0 
63 100 71 0 
64 134 43 0 
64 81 4 0 
64 76 60 0 
65 127 51 0 
65 94 55 0 
65 87 70 0 
66 193 51 0 
66 157 62 0 
67 192 35 0 
67 185 64 0 
68 179 70 0 
68 171 52 0 
68 114 91 0 
69 191 83 0 
69 164 94 0 
69 150 17 0 
69 122 50 0 
69 98 14 0 
70 179 76 0 
70 138 103 0 
71 141 19 0 
71 131 60 0 
71 122 16 0 
71 116 25 0 
71 113 21 0 
72 184 33 0 
72 158 78 0 
72 155 54 0 
74 197 51 0 
74 148 32 0 
74 87 56 0 
75 178 29 0 
75 120 30 0 
75 101 39 0 
77 140 64 0 
78 196 36 0 
78 165 8 0 
78 159 81 0 
78 146 37 0 
78 129 38 0 
78 87 54 0 
79 166 68 0 
79 114 66 0 
80 185 65 0 
80 84 65 0 
81 194 57 0 
81 177 71 0 
83 198 66 0 
83 165 30 0 
84 146 40 0 
84 143 67 0 
84 132 52 0 
85 164 66 0 
85 154 12 0 
85 148 28 0 
85 103 19 0 
86 188 28 0 
86 147 81 0 
87 179 53 0 
88 121 22 0 
90 169 45 0 
90 110 37 0 
91 139 65 0 
91 100 17 0 
92 181 36 0 
92 175 66 0 
92 108 35 0 
93 141 43 0 
94 113 57 0 
96 152 18 0 
97 153 62 0 
98 176 70 0 
98 101 29 0 
101 183 73 0 
101 109 71 0 
102 196 26 0 
102 149 11 0 
102 113 11 0 
103 172 26 0 
104 152 72 0 
105 191 66 0 
105 143 49 0 
107 194 20 0 
107 165 36 0 
107 146 69 0 
108 199 64 0 
108 152 51 0 
108 142 106 0 
108 132 26 0 
109 171 4 0 
110 181 18 0 
110 117 12 0 
111 154 48 0 
112 113 48 0 
113 149 21 0 
114 115 91 0 
116 154 13 0 
117 180 50 0 
117 126 27 0 
118 171 26 0 
118 153 29 0 
120 162 24 0 
121 192 49 0 
121 153 53 0 
125 186 73 0 
126 164 40 0 
127 186 27 0 
127 174 49 0 
128 151 41 0 
128 148 8 0 
129 196 52 0 
129 173 48 0 
130 160 77 0 
130 144 96 0 
132 153 75 0 
133 196 21 0 
133 183 44 0 
133 152 59 0 
134 191 50 0 
134 173 52 0 
134 162 53 0 
135 199 57 0 
136 172 41 0 
137 138 50 0 
138 185 44 0 
138 182 75 0 
138 170 51 0 
140 198 95 0 
140 186 13 0 
140 166 65 0 
140 147 93 0 
142 177 96 0 
142 162 21 0 
143 157 74 0 
143 145 36 0 
145 181 12 0 
146 183 80 0 
146 169 57 0 
148 192 30 0 
148 158 33 0 
148 153 41 0 
149 198 46 0 
149 182 65 0 
156 158 28 0 
158 187 67 0 
159 185 24 0 
162 187 98 0 
163 164 51 0 
165 197 59 0 
165 191 67 0 
165 170 11 0 
167 199 22 0 
170 189 48 0 
170 173 71 0 
174 191 28 0 
175 177 100 0 
180 195 55 0 
180 189 95 0 
180 181 39 0 
181 183 41 0 
182 196 61 0 
194 199 46 0 
