#GRAPH (#nodes #edges id uu vv ww xx yy zz):
#200 682 geo(0,{200,100,3,0.017,0.000,0.000}) 100 
#
VERTICES (index name u v w x y z):
0 0 83 25 
1 1 8 59 
2 2 31 4 
3 3 72 29 
4 4 63 84 
5 5 44 10 
6 6 35 62 
7 7 82 81 
8 8 48 82 
9 9 27 53 
10 10 51 47 
11 11 64 12 
12 12 0 61 
13 13 47 89 
14 14 8 28 
15 15 59 46 
16 16 49 23 
17 17 49 20 
18 18 79 43 
19 19 37 49 
20 20 92 21 
21 21 40 36 
22 22 69 8 
23 23 79 87 
24 24 50 70 
25 25 35 0 
26 26 79 74 
27 27 38 69 
28 28 45 51 
29 29 22 62 
30 30 94 41 
31 31 18 39 
32 32 69 21 
33 33 76 62 
34 34 26 27 
35 35 41 35 
36 36 36 59 
37 37 3 52 
38 38 60 92 
39 39 38 62 
40 40 80 57 
41 41 85 17 
42 42 58 31 
43 43 11 24 
44 44 15 12 
45 45 96 17 
46 46 95 9 
47 47 89 35 
48 48 97 84 
49 49 5 86 
50 50 66 87 
51 51 44 35 
52 52 99 68 
53 53 69 75 
54 54 61 39 
55 55 57 83 
56 56 29 37 
57 57 24 10 
58 58 48 76 
59 59 60 57 
60 60 72 4 
61 61 31 83 
62 62 90 40 
63 63 43 63 
64 64 19 15 
65 65 31 52 
66 66 13 99 
67 67 12 10 
68 68 70 85 
69 69 38 32 
70 70 41 90 
71 71 79 12 
72 72 39 83 
73 73 78 49 
74 74 14 73 
75 75 61 37 
76 76 76 39 
77 77 98 37 
78 78 36 36 
79 79 21 64 
80 80 58 24 
81 81 32 32 
82 82 72 27 
83 83 21 13 
84 84 39 94 
85 85 43 64 
86 86 74 60 
87 87 8 14 
88 88 88 29 
89 89 51 8 
90 90 14 35 
91 91 10 93 
92 92 34 74 
93 93 55 25 
94 94 11 50 
95 95 64 11 
96 96 71 2 
97 97 81 44 
98 98 83 58 
99 99 40 23 
100 100 21 20 
101 101 81 91 
102 102 64 51 
103 103 3 59 
104 104 22 58 
105 105 89 92 
106 106 5 87 
107 107 29 92 
108 108 97 13 
109 109 28 73 
110 110 35 81 
111 111 91 3 
112 112 76 94 
113 113 92 18 
114 114 21 73 
115 115 36 87 
116 116 63 26 
117 117 95 77 
118 118 7 71 
119 119 95 97 
120 120 38 19 
121 121 4 47 
122 122 92 88 
123 123 70 84 
124 124 18 49 
125 125 36 75 
126 126 7 50 
127 127 47 88 
128 128 90 53 
129 129 18 90 
130 130 93 79 
131 131 13 33 
132 132 79 49 
133 133 19 45 
134 134 65 17 
135 135 83 16 
136 136 83 30 
137 137 70 13 
138 138 16 71 
139 139 73 93 
140 140 49 11 
141 141 33 61 
142 142 66 43 
143 143 45 4 
144 144 61 4 
145 145 16 84 
146 146 75 80 
147 147 78 60 
148 148 90 5 
149 149 59 78 
150 150 87 53 
151 151 69 47 
152 152 17 28 
153 153 23 61 
154 154 97 27 
155 155 59 28 
156 156 36 77 
157 157 83 56 
158 158 19 71 
159 159 63 41 
160 160 54 69 
161 161 50 38 
162 162 35 42 
163 163 44 56 
164 164 52 94 
165 165 1 20 
166 166 77 62 
167 167 75 6 
168 168 2 64 
169 169 44 57 
170 170 14 8 
171 171 86 26 
172 172 39 96 
173 173 15 45 
174 174 29 89 
175 175 86 14 
176 176 61 70 
177 177 18 53 
178 178 64 87 
179 179 32 63 
180 180 35 76 
181 181 73 52 
182 182 9 31 
183 183 29 95 
184 184 10 14 
185 185 58 33 
186 186 41 89 
187 187 3 40 
188 188 56 39 
189 189 64 77 
190 190 16 99 
191 191 96 60 
192 192 26 21 
193 193 2 55 
194 194 67 95 
195 195 31 41 
196 196 67 17 
197 197 46 86 
198 198 30 74 
199 199 61 59 
#
EDGES (from-node to-node length a b):
0 176 50 0 
0 89 36 0 
0 15 32 0 
1 74 15 0 
1 60 84 0 
2 8 80 0 
3 126 68 0 
3 124 58 0 
3 102 23 0 
3 64 55 0 
3 63 45 0 
3 47 18 0 
3 39 47 0 
3 9 51 0 
4 128 41 0 
4 125 28 0 
4 24 19 0 
5 141 52 0 
5 82 33 0 
6 170 58 0 
6 110 19 0 
6 45 76 0 
6 33 41 0 
6 29 13 0 
7 135 65 0 
7 104 64 0 
7 38 25 0 
8 164 13 0 
8 163 26 0 
8 14 67 0 
9 188 32 0 
9 154 75 0 
9 106 40 0 
10 198 34 0 
10 185 16 0 
10 152 39 0 
10 61 41 0 
11 192 39 0 
11 138 76 0 
11 104 62 0 
11 79 67 0 
12 169 44 0 
12 56 38 0 
13 159 51 0 
13 158 33 0 
14 187 13 0 
14 158 44 0 
14 96 68 0 
14 33 76 0 
15 185 13 0 
15 148 51 0 
15 100 46 0 
15 57 50 0 
15 44 56 0 
16 129 74 0 
16 49 77 0 
17 154 49 0 
17 131 38 0 
18 188 23 0 
18 172 66 0 
19 182 33 0 
19 171 54 0 
19 167 57 0 
20 143 50 0 
20 32 23 0 
21 175 51 0 
21 140 27 0 
21 84 58 0 
21 37 40 0 
22 160 63 0 
22 94 72 0 
22 26 67 0 
22 25 35 0 
23 197 33 0 
23 158 62 0 
23 154 63 0 
23 50 13 0 
25 158 73 0 
25 140 18 0 
26 170 93 0 
27 86 37 0 
27 77 68 0 
28 81 23 0 
28 40 36 0 
29 195 23 0 
29 182 34 0 
29 165 47 0 
29 107 31 0 
30 113 23 0 
30 71 33 0 
31 185 40 0 
31 74 34 0 
32 173 59 0 
32 161 25 0 
32 144 19 0 
33 184 82 0 
33 139 31 0 
33 67 82 0 
33 63 33 0 
34 104 31 0 
35 159 23 0 
35 153 32 0 
35 103 45 0 
36 198 16 0 
36 92 15 0 
36 61 25 0 
36 42 36 0 
37 199 58 0 
37 174 45 0 
37 145 35 0 
37 115 48 0 
37 91 42 0 
37 55 62 0 
38 186 19 0 
38 158 46 0 
38 63 34 0 
38 39 37 0 
39 99 39 0 
39 84 32 0 
39 43 47 0 
40 143 64 0 
40 121 77 0 
40 114 61 0 
41 155 28 0 
41 142 32 0 
41 121 86 0 
41 118 95 0 
42 140 22 0 
42 122 66 0 
44 180 67 0 
45 179 79 0 
46 100 75 0 
46 51 57 0 
47 165 89 0 
47 112 60 0 
47 105 57 0 
47 64 73 0 
48 138 82 0 
48 131 98 0 
48 117 7 0 
49 127 42 0 
49 58 44 0 
51 156 43 0 
51 149 46 0 
51 146 55 0 
51 117 66 0 
52 145 85 0 
52 118 92 0 
53 197 25 0 
54 197 49 0 
54 117 51 0 
54 88 29 0 
55 199 24 0 
55 112 22 0 
55 102 33 0 
55 85 24 0 
55 70 17 0 
56 196 43 0 
56 168 38 0 
56 163 24 0 
58 171 63 0 
58 153 29 0 
58 150 45 0 
58 139 30 0 
58 112 33 0 
59 160 13 0 
59 104 38 0 
61 133 40 0 
61 115 6 0 
61 106 26 0 
61 66 24 0 
62 98 19 0 
63 174 30 0 
63 170 62 0 
63 167 65 0 
63 140 52 0 
63 99 40 0 
64 178 85 0 
64 122 103 0 
64 82 54 0 
65 118 31 0 
66 160 51 0 
67 190 89 0 
67 137 58 0 
68 191 36 0 
68 172 33 0 
68 166 24 0 
69 85 32 0 
70 176 28 0 
70 144 88 0 
70 141 30 0 
70 104 37 0 
70 83 80 0 
71 181 40 0 
71 99 41 0 
72 189 26 0 
73 174 63 0 
73 119 51 0 
73 77 23 0 
75 163 25 0 
76 193 76 0 
76 185 19 0 
76 175 27 0 
76 155 20 0 
76 140 39 0 
76 134 25 0 
76 118 76 0 
77 168 100 0 
77 86 33 0 
78 165 38 0 
78 162 6 0 
78 99 14 0 
80 85 43 0 
81 160 43 0 
81 142 36 0 
82 107 78 0 
83 178 86 0 
83 139 95 0 
83 87 13 0 
84 162 52 0 
84 128 65 0 
84 85 30 0 
85 147 35 0 
86 194 36 0 
86 191 22 0 
86 170 79 0 
86 153 51 0 
86 115 47 0 
87 170 8 0 
88 180 71 0 
88 169 52 0 
90 145 49 0 
90 125 46 0 
91 178 54 0 
92 105 58 0 
93 187 54 0 
93 151 26 0 
94 131 17 0 
94 122 89 0 
95 135 20 0 
95 133 56 0 
96 97 43 0 
97 199 25 0 
97 139 50 0 
97 117 36 0 
97 108 35 0 
98 165 90 0 
98 126 76 0 
99 117 77 0 
100 194 88 0 
100 144 43 0 
101 110 47 0 
102 136 28 0 
103 140 66 0 
103 122 94 0 
104 190 41 0 
104 155 48 0 
104 139 62 0 
104 131 27 0 
105 171 66 0 
105 151 49 0 
105 140 90 0 
105 123 21 0 
105 114 71 0 
106 193 32 0 
106 133 44 0 
107 142 61 0 
107 136 82 0 
109 179 11 0 
109 128 65 0 
110 168 37 0 
110 125 6 0 
111 176 73 0 
113 157 39 0 
114 132 63 0 
115 160 25 0 
115 124 42 0 
116 175 26 0 
116 142 17 0 
116 127 64 0 
117 198 65 0 
117 187 99 0 
117 161 60 0 
120 182 31 0 
120 171 49 0 
120 128 62 0 
121 134 68 0 
122 181 41 0 
122 144 90 0 
122 127 45 0 
122 124 84 0 
123 131 76 0 
124 193 17 0 
124 164 56 0 
125 158 17 0 
127 140 77 0 
128 185 38 0 
129 189 48 0 
129 176 47 0 
129 167 102 0 
130 198 63 0 
130 140 81 0 
130 131 92 0 
132 180 52 0 
133 134 54 0 
134 181 36 0 
134 178 70 0 
135 158 84 0 
139 186 32 0 
140 199 49 0 
141 154 72 0 
142 147 21 0 
143 179 60 0 
144 192 39 0 
144 168 84 0 
146 155 54 0 
148 194 93 0 
149 194 19 0 
149 183 34 0 
150 180 57 0 
152 179 38 0 
154 175 17 0 
154 169 61 0 
154 164 81 0 
155 188 11 0 
157 179 51 0 
160 173 46 0 
161 172 59 0 
165 198 61 0 
169 190 50 0 
169 171 52 0 
170 187 34 0 
171 178 65 0 
172 178 27 0 
174 195 48 0 
177 190 46 0 
178 180 31 0 
179 185 40 0 
180 183 20 0 
181 185 24 0 
190 193 46 0 
