#GRAPH (#nodes #edges id uu vv ww xx yy zz):
#200 702 geo(0,{200,100,3,0.017,0.000,0.000}) 100 
#
VERTICES (index name u v w x y z):
0 0 7 40 
1 1 70 17 
2 2 10 49 
3 3 11 77 
4 4 8 34 
5 5 57 8 
6 6 97 50 
7 7 57 60 
8 8 95 87 
9 9 99 70 
10 10 50 90 
11 11 22 57 
12 12 28 55 
13 13 49 3 
14 14 14 81 
15 15 9 0 
16 16 80 2 
17 17 20 74 
18 18 79 69 
19 19 26 10 
20 20 99 20 
21 21 83 9 
22 22 89 31 
23 23 31 38 
24 24 70 37 
25 25 28 33 
26 26 18 82 
27 27 63 60 
28 28 34 93 
29 29 81 78 
30 30 34 87 
31 31 65 42 
32 32 87 4 
33 33 4 32 
34 34 90 14 
35 35 56 57 
36 36 11 8 
37 37 29 19 
38 38 93 83 
39 39 10 47 
40 40 6 41 
41 41 48 6 
42 42 51 14 
43 43 65 15 
44 44 58 42 
45 45 10 26 
46 46 91 61 
47 47 48 62 
48 48 36 1 
49 49 56 68 
50 50 95 85 
51 51 32 79 
52 52 12 56 
53 53 3 8 
54 54 30 43 
55 55 83 65 
56 56 92 78 
57 57 12 53 
58 58 78 65 
59 59 10 85 
60 60 84 30 
61 61 1 69 
62 62 36 94 
63 63 6 39 
64 64 25 20 
65 65 78 10 
66 66 0 20 
67 67 25 17 
68 68 49 55 
69 69 61 84 
70 70 7 76 
71 71 3 55 
72 72 64 52 
73 73 24 75 
74 74 9 1 
75 75 35 46 
76 76 81 81 
77 77 38 68 
78 78 39 88 
79 79 76 88 
80 80 92 93 
81 81 93 15 
82 82 55 37 
83 83 60 51 
84 84 78 6 
85 85 50 64 
86 86 0 95 
87 87 27 90 
88 88 20 75 
89 89 78 75 
90 90 46 92 
91 91 3 24 
92 92 64 10 
93 93 15 63 
94 94 36 46 
95 95 5 88 
96 96 82 63 
97 97 93 48 
98 98 9 60 
99 99 5 41 
100 100 7 58 
101 101 18 37 
102 102 9 63 
103 103 68 13 
104 104 30 35 
105 105 54 94 
106 106 31 19 
107 107 45 9 
108 108 21 98 
109 109 91 7 
110 110 67 43 
111 111 50 71 
112 112 93 66 
113 113 57 72 
114 114 40 20 
115 115 26 16 
116 116 99 51 
117 117 14 93 
118 118 57 57 
119 119 91 31 
120 120 20 95 
121 121 24 48 
122 122 18 17 
123 123 80 94 
124 124 6 32 
125 125 6 89 
126 126 37 91 
127 127 52 29 
128 128 33 61 
129 129 22 29 
130 130 48 83 
131 131 56 37 
132 132 2 25 
133 133 58 37 
134 134 82 67 
135 135 8 88 
136 136 57 61 
137 137 42 68 
138 138 71 62 
139 139 37 78 
140 140 73 57 
141 141 63 80 
142 142 15 85 
143 143 57 41 
144 144 33 77 
145 145 84 42 
146 146 37 26 
147 147 1 33 
148 148 89 30 
149 149 65 99 
150 150 20 84 
151 151 85 65 
152 152 91 92 
153 153 90 19 
154 154 9 57 
155 155 57 92 
156 156 58 0 
157 157 38 72 
158 158 2 76 
159 159 81 30 
160 160 70 55 
161 161 91 28 
162 162 97 44 
163 163 89 62 
164 164 99 18 
165 165 82 43 
166 166 20 41 
167 167 51 22 
168 168 91 24 
169 169 81 28 
170 170 56 72 
171 171 3 3 
172 172 94 2 
173 173 70 12 
174 174 79 64 
175 175 20 28 
176 176 17 1 
177 177 19 25 
178 178 66 15 
179 179 67 28 
180 180 53 11 
181 181 51 50 
182 182 42 99 
183 183 16 14 
184 184 9 78 
185 185 5 17 
186 186 68 15 
187 187 38 69 
188 188 76 3 
189 189 13 8 
190 190 47 24 
191 191 25 10 
192 192 14 98 
193 193 6 55 
194 194 98 7 
195 195 32 72 
196 196 63 72 
197 197 71 64 
198 198 62 3 
199 199 65 70 
#
EDGES (from-node to-node length a b):
0 161 85 0 
0 152 99 0 
0 94 30 0 
0 27 59 0 
1 185 65 0 
1 113 57 0 
1 77 60 0 
1 30 79 0 
2 196 58 0 
2 188 80 0 
2 113 52 0 
2 108 50 0 
2 44 49 0 
2 37 36 0 
3 152 81 0 
3 142 9 0 
3 119 92 0 
3 100 19 0 
4 159 73 0 
4 149 86 0 
4 115 25 0 
5 119 41 0 
5 85 56 0 
5 52 66 0 
6 59 94 0 
6 17 81 0 
7 145 32 0 
7 78 33 0 
7 71 54 0 
7 46 34 0 
7 42 46 0 
7 14 48 0 
8 176 116 0 
8 104 83 0 
8 21 79 0 
9 188 71 0 
10 189 90 0 
10 151 43 0 
11 182 47 0 
11 161 75 0 
11 132 38 0 
12 184 30 0 
12 45 34 0 
12 34 74 0 
13 86 104 0 
13 47 59 0 
15 128 66 0 
15 83 72 0 
15 77 74 0 
16 175 65 0 
17 47 30 0 
17 27 45 0 
17 25 42 0 
18 105 35 0 
18 82 40 0 
18 68 33 0 
18 61 78 0 
18 45 81 0 
18 43 56 0 
18 33 84 0 
19 90 84 0 
19 41 22 0 
20 119 14 0 
20 118 56 0 
21 146 49 0 
21 124 80 0 
21 90 91 0 
21 27 55 0 
22 177 70 0 
22 164 16 0 
22 122 72 0 
22 119 2 0 
22 102 86 0 
23 192 62 0 
23 182 62 0 
24 191 52 0 
24 154 64 0 
24 128 44 0 
24 83 17 0 
24 30 62 0 
25 42 30 0 
26 146 59 0 
27 70 58 0 
27 55 21 0 
28 69 28 0 
28 61 41 0 
29 151 14 0 
29 139 44 0 
29 92 70 0 
29 85 34 0 
29 80 19 0 
29 63 85 0 
30 58 49 0 
30 48 86 0 
30 38 59 0 
31 113 31 0 
31 102 60 0 
32 128 79 0 
33 172 95 0 
34 102 95 0 
35 120 52 0 
35 81 56 0 
35 49 11 0 
36 193 47 0 
36 187 67 0 
36 170 78 0 
36 60 76 0 
37 177 12 0 
37 110 45 0 
37 86 81 0 
38 183 103 0 
38 156 90 0 
38 114 82 0 
38 110 48 0 
38 52 85 0 
39 64 31 0 
40 176 41 0 
40 139 48 0 
40 61 28 0 
41 182 93 0 
41 168 47 0 
41 156 12 0 
41 105 88 0 
41 100 66 0 
41 68 49 0 
42 174 57 0 
43 104 40 0 
43 75 43 0 
44 114 28 0 
44 86 79 0 
45 169 71 0 
45 155 81 0 
45 148 79 0 
45 84 71 0 
47 195 19 0 
47 127 33 0 
47 117 46 0 
47 111 9 0 
48 177 29 0 
48 80 108 0 
49 178 54 0 
49 129 52 0 
49 126 30 0 
50 186 75 0 
50 116 34 0 
51 172 99 0 
51 118 33 0 
51 101 44 0 
51 60 71 0 
52 172 98 0 
52 93 8 0 
53 181 64 0 
53 122 17 0 
54 132 33 0 
55 195 51 0 
55 131 39 0 
55 95 81 0 
56 185 106 0 
57 145 73 0 
57 95 36 0 
58 185 87 0 
58 179 39 0 
58 162 28 0 
58 149 36 0 
59 183 71 0 
60 197 36 0 
60 155 68 0 
60 135 96 0 
60 87 83 0 
61 169 90 0 
61 102 10 0 
62 190 71 0 
62 165 69 0 
62 148 83 0 
62 101 60 0 
63 187 44 0 
63 131 50 0 
63 100 19 0 
64 161 66 0 
64 73 55 0 
65 199 61 0 
66 117 74 0 
66 75 44 0 
67 190 23 0 
67 181 42 0 
67 180 29 0 
67 115 1 0 
68 187 18 0 
68 147 53 0 
69 119 61 0 
69 103 71 0 
70 136 52 0 
70 109 109 0 
70 78 34 0 
71 189 48 0 
71 148 90 0 
72 148 33 0 
73 146 51 0 
74 161 86 0 
74 146 38 0 
74 132 25 0 
74 119 87 0 
75 169 49 0 
75 167 29 0 
75 158 45 0 
75 146 20 0 
76 150 61 0 
76 89 7 0 
77 158 37 0 
77 96 44 0 
77 81 76 0 
78 137 20 0 
78 134 48 0 
78 98 41 0 
78 79 37 0 
79 154 74 0 
79 141 15 0 
80 174 32 0 
80 124 105 0 
81 157 79 0 
81 154 94 0 
81 89 62 0 
82 199 34 0 
82 192 73 0 
82 163 42 0 
83 111 22 0 
84 155 89 0 
84 132 78 0 
84 101 68 0 
85 191 60 0 
85 146 40 0 
86 179 95 0 
87 159 81 0 
87 130 22 0 
87 123 53 0 
87 119 87 0 
87 111 30 0 
88 157 18 0 
88 143 50 0 
88 139 17 0 
90 166 57 0 
90 156 93 0 
90 143 52 0 
90 111 21 0 
90 106 75 0 
90 96 46 0 
91 133 57 0 
92 162 47 0 
94 189 44 0 
94 105 51 0 
95 143 70 0 
97 161 20 0 
98 172 103 0 
99 144 46 0 
99 124 9 0 
100 160 63 0 
101 154 22 0 
101 145 66 0 
101 137 39 0 
102 127 55 0 
102 106 49 0 
102 103 77 0 
103 165 33 0 
103 160 42 0 
103 129 49 0 
104 185 31 0 
104 135 57 0 
106 198 35 0 
106 174 66 0 
106 141 69 0 
107 198 18 0 
107 186 24 0 
107 125 89 0 
108 159 91 0 
108 157 31 0 
108 153 105 0 
108 111 40 0 
109 145 36 0 
110 195 45 0 
110 174 24 0 
111 161 59 0 
111 150 33 0 
111 127 42 0 
112 182 61 0 
112 152 26 0 
112 145 26 0 
112 114 70 0 
113 126 28 0 
113 114 55 0 
114 193 49 0 
115 177 11 0 
115 165 62 0 
115 151 77 0 
116 189 96 0 
116 133 43 0 
117 160 68 0 
117 137 38 0 
117 129 64 0 
118 155 35 0 
119 173 28 0 
121 192 51 0 
121 185 36 0 
121 173 58 0 
122 155 85 0 
122 152 105 0 
123 193 84 0 
123 160 40 0 
125 146 70 0 
127 156 30 0 
127 155 63 0 
129 198 48 0 
130 199 21 0 
130 196 19 0 
131 165 27 0 
132 171 22 0 
133 199 34 0 
133 166 38 0 
133 159 24 0 
133 154 53 0 
134 167 55 0 
137 186 59 0 
138 179 34 0 
138 148 37 0 
140 199 15 0 
140 178 43 0 
142 175 57 0 
142 157 26 0 
144 171 80 0 
144 158 31 0 
147 172 98 0 
148 159 8 0 
149 178 84 0 
150 166 43 0 
151 198 66 0 
152 196 34 0 
152 179 68 0 
152 157 57 0 
154 194 102 0 
158 175 51 0 
161 167 40 0 
169 173 19 0 
173 179 16 0 
174 193 74 0 
175 178 48 0 
176 195 73 0 
178 179 13 0 
183 198 47 0 
183 189 7 0 
185 191 21 0 
187 193 35 0 
191 192 89 0 
