#GRAPH (#nodes #edges id uu vv ww xx yy zz):
#200 686 geo(0,{200,100,3,0.017,0.000,0.000}) 100 
#
VERTICES (index name u v w x y z):
0 0 56 72 
1 1 98 81 
2 2 8 19 
3 3 75 94 
4 4 87 91 
5 5 45 13 
6 6 87 10 
7 7 70 68 
8 8 18 63 
9 9 14 64 
10 10 25 51 
11 11 97 0 
12 12 70 52 
13 13 49 98 
14 14 70 78 
15 15 68 58 
16 16 3 55 
17 17 2 57 
18 18 20 69 
19 19 98 87 
20 20 91 53 
21 21 62 17 
22 22 73 69 
23 23 38 46 
24 24 9 86 
25 25 85 69 
26 26 7 13 
27 27 94 33 
28 28 94 43 
29 29 36 61 
30 30 40 66 
31 31 92 56 
32 32 86 24 
33 33 64 38 
34 34 16 66 
35 35 73 89 
36 36 86 36 
37 37 57 32 
38 38 16 34 
39 39 13 23 
40 40 78 3 
41 41 93 95 
42 42 79 9 
43 43 2 79 
44 44 5 69 
45 45 49 49 
46 46 42 4 
47 47 16 15 
48 48 62 86 
49 49 40 33 
50 50 15 0 
51 51 48 76 
52 52 12 45 
53 53 10 8 
54 54 17 27 
55 55 19 2 
56 56 25 60 
57 57 25 74 
58 58 51 71 
59 59 71 24 
60 60 39 76 
61 61 77 40 
62 62 2 86 
63 63 98 33 
64 64 22 40 
65 65 59 47 
66 66 96 15 
67 67 62 40 
68 68 18 24 
69 69 36 14 
70 70 15 69 
71 71 85 10 
72 72 33 36 
73 73 9 76 
74 74 12 76 
75 75 24 44 
76 76 69 46 
77 77 66 50 
78 78 30 65 
79 79 5 76 
80 80 45 84 
81 81 76 21 
82 82 60 85 
83 83 26 0 
84 84 94 45 
85 85 25 63 
86 86 73 88 
87 87 39 66 
88 88 65 42 
89 89 15 13 
90 90 70 31 
91 91 19 36 
92 92 0 74 
93 93 32 44 
94 94 67 34 
95 95 76 73 
96 96 14 28 
97 97 97 36 
98 98 98 31 
99 99 85 21 
100 100 11 83 
101 101 25 89 
102 102 41 18 
103 103 53 66 
104 104 10 13 
105 105 53 36 
106 106 10 30 
107 107 57 91 
108 108 76 46 
109 109 55 58 
110 110 56 26 
111 111 72 64 
112 112 45 49 
113 113 35 60 
114 114 83 6 
115 115 39 51 
116 116 84 53 
117 117 97 42 
118 118 55 75 
119 119 67 2 
120 120 8 30 
121 121 14 50 
122 122 77 0 
123 123 28 30 
124 124 0 76 
125 125 76 61 
126 126 53 33 
127 127 27 14 
128 128 58 10 
129 129 16 37 
130 130 21 25 
131 131 84 83 
132 132 83 60 
133 133 35 21 
134 134 60 56 
135 135 99 81 
136 136 69 77 
137 137 18 9 
138 138 83 35 
139 139 10 39 
140 140 80 69 
141 141 55 4 
142 142 45 28 
143 143 82 27 
144 144 78 41 
145 145 1 37 
146 146 70 49 
147 147 40 95 
148 148 25 78 
149 149 43 85 
150 150 54 54 
151 151 69 66 
152 152 5 27 
153 153 9 11 
154 154 69 57 
155 155 23 4 
156 156 77 98 
157 157 98 80 
158 158 85 59 
159 159 68 71 
160 160 53 15 
161 161 91 42 
162 162 69 4 
163 163 34 99 
164 164 74 96 
165 165 49 37 
166 166 54 36 
167 167 21 59 
168 168 8 71 
169 169 75 52 
170 170 98 24 
171 171 92 64 
172 172 16 93 
173 173 65 5 
174 174 60 13 
175 175 43 19 
176 176 35 35 
177 177 86 73 
178 178 33 92 
179 179 48 44 
180 180 44 74 
181 181 1 78 
182 182 77 54 
183 183 49 65 
184 184 48 87 
185 185 68 14 
186 186 72 6 
187 187 22 16 
188 188 7 10 
189 189 33 54 
190 190 0 57 
191 191 33 25 
192 192 78 72 
193 193 89 60 
194 194 98 11 
195 195 28 9 
196 196 39 54 
197 197 35 18 
198 198 43 33 
199 199 20 1 
#
EDGES (from-node to-node length a b):
0 195 69 0 
0 112 25 0 
0 93 37 0 
1 143 56 0 
1 137 108 0 
1 111 31 0 
1 56 76 0 
2 188 9 0 
2 184 79 0 
2 76 67 0 
2 69 28 0 
3 133 83 0 
3 111 30 0 
3 28 54 0 
4 156 12 0 
4 152 104 0 
4 125 32 0 
5 193 64 0 
5 155 24 0 
5 16 59 0 
6 158 49 0 
7 163 48 0 
7 162 64 0 
7 140 10 0 
7 68 68 0 
8 168 13 0 
8 144 64 0 
8 142 44 0 
8 104 51 0 
8 78 12 0 
9 114 90 0 
9 61 67 0 
10 102 37 0 
10 20 66 0 
11 181 124 0 
11 133 65 0 
11 127 71 0 
11 125 65 0 
11 113 86 0 
11 97 36 0 
11 93 78 0 
11 91 86 0 
11 52 96 0 
12 190 70 0 
12 182 7 0 
12 162 48 0 
13 186 95 0 
13 138 72 0 
13 76 56 0 
13 75 60 0 
13 47 89 0 
13 39 83 0 
13 33 62 0 
13 19 50 0 
13 18 41 0 
14 72 56 0 
14 28 42 0 
15 101 53 0 
15 47 67 0 
16 139 17 0 
16 136 70 0 
16 99 89 0 
16 24 32 0 
16 23 36 0 
17 165 51 0 
17 76 68 0 
18 175 55 0 
18 123 40 0 
18 119 82 0 
18 90 63 0 
18 46 69 0 
18 31 73 0 
19 191 90 0 
19 95 26 0 
20 161 11 0 
20 133 64 0 
20 130 75 0 
20 71 43 0 
21 178 80 0 
21 137 45 0 
21 125 46 0 
22 186 63 0 
22 117 36 0 
23 116 47 0 
23 104 43 0 
23 55 48 0 
24 186 102 0 
24 183 45 0 
25 163 59 0 
25 131 14 0 
25 61 30 0 
26 127 20 0 
26 126 50 0 
26 112 52 0 
26 92 61 0 
26 61 75 0 
26 28 92 0 
27 180 65 0 
27 177 41 0 
28 188 93 0 
29 185 57 0 
29 103 18 0 
29 73 31 0 
29 71 71 0 
29 60 15 0 
30 142 38 0 
31 152 92 0 
31 116 9 0 
31 48 42 0 
32 132 36 0 
33 189 35 0 
33 162 34 0 
33 150 19 0 
33 147 62 0 
34 153 55 0 
34 133 49 0 
34 126 50 0 
34 90 64 0 
34 42 85 0 
35 166 56 0 
35 149 30 0 
35 132 31 0 
36 173 37 0 
36 116 17 0 
36 106 76 0 
36 91 67 0 
36 81 18 0 
36 38 70 0 
37 197 26 0 
37 105 6 0 
37 73 65 0 
37 51 45 0 
38 105 37 0 
38 43 47 0 
39 197 23 0 
39 193 85 0 
39 173 55 0 
39 166 43 0 
39 94 55 0 
39 57 52 0 
40 131 80 0 
40 55 59 0 
41 158 37 0 
41 146 51 0 
41 142 82 0 
42 70 88 0 
43 122 109 0 
44 118 50 0 
44 95 71 0 
45 184 38 0 
45 119 50 0 
46 187 23 0 
46 118 72 0 
46 96 37 0 
46 73 79 0 
47 195 13 0 
47 59 56 0 
48 175 70 0 
48 133 70 0 
48 130 73 0 
48 125 29 0 
48 121 60 0 
48 96 75 0 
49 195 27 0 
49 161 52 0 
49 98 58 0 
49 97 57 0 
50 58 80 0 
51 77 32 0 
51 55 79 0 
52 69 39 0 
53 197 27 0 
53 173 55 0 
53 158 91 0 
53 85 57 0 
54 197 20 0 
54 164 89 0 
54 131 87 0 
54 85 37 0 
55 155 4 0 
55 62 86 0 
56 140 56 0 
58 176 39 0 
58 159 17 0 
58 129 49 0 
58 117 54 0 
59 178 78 0 
59 81 6 0 
60 164 40 0 
62 89 74 0 
63 138 15 0 
64 71 70 0 
65 193 33 0 
65 141 43 0 
65 69 40 0 
66 189 74 0 
66 111 55 0 
67 141 37 0 
67 124 72 0 
67 89 54 0 
69 178 78 0 
69 177 77 0 
69 122 43 0 
69 91 28 0 
69 70 59 0 
70 164 65 0 
70 145 35 0 
70 96 41 0 
71 93 63 0 
72 95 57 0 
73 115 39 0 
73 100 7 0 
74 113 28 0 
74 108 71 0 
74 89 63 0 
75 186 61 0 
75 110 37 0 
75 108 52 0 
76 187 56 0 
76 169 8 0 
77 109 14 0 
78 189 11 0 
79 168 6 0 
80 180 10 0 
81 106 67 0 
82 104 88 0 
83 197 20 0 
83 185 44 0 
84 181 99 0 
84 158 17 0 
84 122 48 0 
85 146 47 0 
86 179 51 0 
86 145 88 0 
86 94 54 0 
87 175 47 0 
87 106 46 0 
88 179 17 0 
89 148 66 0 
89 117 87 0 
89 110 43 0 
90 173 26 0 
90 161 24 0 
91 179 30 0 
91 149 55 0 
92 160 79 0 
94 176 32 0 
94 154 23 0 
95 188 93 0 
96 151 67 0 
97 186 39 0 
97 181 105 0 
97 161 8 0 
98 197 64 0 
98 171 34 0 
98 163 93 0 
98 159 50 0 
99 178 88 0 
99 127 58 0 
100 147 31 0 
100 137 74 0 
102 187 19 0 
102 103 49 0 
103 185 54 0 
103 127 58 0 
104 188 4 0 
104 125 82 0 
105 157 63 0 
106 127 23 0 
106 121 20 0 
106 113 39 0 
107 128 81 0 
107 126 58 0 
108 153 76 0 
110 195 33 0 
111 131 22 0 
113 155 57 0 
114 181 109 0 
115 136 40 0 
117 197 66 0 
117 184 67 0 
117 139 87 0 
118 135 44 0 
118 127 67 0 
119 194 32 0 
119 166 36 0 
120 194 92 0 
120 164 93 0 
120 160 47 0 
121 197 38 0 
121 160 52 0 
123 183 41 0 
124 187 64 0 
124 182 80 0 
124 163 41 0 
124 146 75 0 
124 140 80 0 
125 195 71 0 
125 174 51 0 
126 192 46 0 
127 190 51 0 
127 143 57 0 
128 188 51 0 
128 146 41 0 
128 140 63 0 
132 182 8 0 
132 168 76 0 
132 164 37 0 
134 183 14 0 
135 178 67 0 
135 166 64 0 
136 193 26 0 
137 162 51 0 
137 142 33 0 
138 197 51 0 
141 182 55 0 
141 152 55 0 
144 169 11 0 
145 194 100 0 
146 156 49 0 
147 187 81 0 
148 163 23 0 
149 182 46 0 
149 161 64 0 
151 185 52 0 
151 170 51 0 
154 196 30 0 
157 196 64 0 
159 195 74 0 
160 187 31 0 
162 167 73 0 
166 167 40 0 
167 192 58 0 
169 199 75 0 
171 194 53 0 
172 198 66 0 
172 176 61 0 
174 182 44 0 
175 183 46 0 
182 197 55 0 
182 193 13 0 
189 190 33 0 
195 197 11 0 
