#GRAPH (#nodes #edges id uu vv ww xx yy zz):
#250 990 geo(0,{250,100,3,0.0145,0.000,0.000}) 100 
# 
VERTICES (index name u v w x y z):
0 0
1 1
2 2
3 3
4 4
5 5
6 6
7 7
8 8
9 9
10 10
11 11
12 12
13 13
14 14
15 15
16 16
17 17
18 18
19 19
20 20
21 21
22 22
23 23
24 24
25 25
26 26
27 27
28 28
29 29
30 30
31 31
32 32
33 33
34 34
35 35
36 36
37 37
38 38
39 39
40 40
41 41
42 42
43 43
44 44
45 45
46 46
47 47
48 48
49 49
50 50
51 51
52 52
53 53
54 54
55 55
56 56
57 57
58 58
59 59
60 60
61 61
62 62
63 63
64 64
65 65
66 66
67 67
68 68
69 69
70 70
71 71
72 72
73 73
74 74
75 75
76 76
77 77
78 78
79 79
80 80
81 81
82 82
83 83
84 84
85 85
86 86
87 87
88 88
89 89
90 90
91 91
92 92
93 93
94 94
95 95
96 96
97 97
98 98
99 99
100 100
101 101
102 102
103 103
104 104
105 105
106 106
107 107
108 108
109 109
110 110
111 111
112 112
113 113
114 114
115 115
116 116
117 117
118 118
119 119
120 120
121 121
122 122
123 123
124 124
125 125
126 126
127 127
128 128
129 129
130 130
131 131
132 132
133 133
134 134
135 135
136 136
137 137
138 138
139 139
140 140
141 141
142 142
143 143
144 144
145 145
146 146
147 147
148 148
149 149
150 150
151 151
152 152
153 153
154 154
155 155
156 156
157 157
158 158
159 159
160 160
161 161
162 162
163 163
164 164
165 165
166 166
167 167
168 168
169 169
170 170
171 171
172 172
173 173
174 174
175 175
176 176
177 177
178 178
179 179
180 180
181 181
182 182
183 183
184 184
185 185
186 186
187 187
188 188
189 189
190 190
191 191
192 192
193 193
194 194
195 195
196 196
197 197
198 198
199 199
200 200
201 201
202 202
203 203
204 204
205 205
206 206
207 207
208 208
209 209
210 210
211 211
212 212
213 213
214 214
215 215
216 216
217 217
218 218
219 219
220 220
221 221
222 222
223 223
224 224
225 225
226 226
227 227
228 228
229 229
230 230
231 231
232 232
233 233
234 234
235 235
236 236
237 237
238 238
239 239
240 240
241 241
242 242
243 243
244 244
245 245
246 246
247 247
248 248
249 249
#
EDGES (from-node to-node length a b):
0 1
2 0
2 0
2 1
2 0
3 2
3 2
3 0
4 3
4 1
4 2
4 0
5 0
5 0
5 0
5 1
6 1
6 0
6 1
6 3
7 0
7 2
7 2
7 1
8 7
8 7
8 4
8 0
9 0
9 8
9 8
9 4
10 4
10 5
10 2
10 2
11 2
11 2
11 7
11 6
12 4
12 3
12 6
12 0
13 3
13 4
13 1
13 8
14 12
14 6
14 3
14 4
15 4
15 13
15 2
15 2
16 1
16 11
16 8
16 10
17 11
17 4
17 0
17 6
18 7
18 4
18 12
18 4
19 7
19 12
19 0
19 0
20 3
20 0
20 0
20 0
21 4
21 11
21 15
21 7
22 10
22 6
22 14
22 17
23 1
23 13
23 6
23 8
24 0
24 21
24 10
24 5
25 3
25 18
25 11
25 21
26 13
26 3
26 8
27 25
27 5
27 23
27 11
28 5
28 14
28 18
28 11
29 0
29 10
29 4
29 5
30 5
30 27
30 16
30 9
31 19
31 0
31 7
31 2
32 1
32 16
32 11
32 29
33 26
33 7
33 19
33 12
34 7
34 32
34 5
34 17
35 20
35 30
35 32
35 18
36 8
36 34
36 0
36 16
37 13
37 4
37 4
37 13
38 5
38 28
38 21
38 11
39 0
39 10
39 31
39 29
40 37
40 17
40 11
40 18
41 4
41 40
41 16
41 6
42 22
42 14
42 10
42 5
43 35
43 38
43 38
44 36
44 0
44 23
44 21
45 6
45 3
45 0
45 4
46 39
46 4
46 28
46 41
47 26
47 0
47 8
47 4
48 45
48 35
48 28
48 37
49 25
49 8
49 29
49 44
50 10
50 18
50 16
50 8
51 32
51 34
51 5
51 4
52 50
52 4
52 3
52 8
53 46
53 35
53 43
53 52
54 35
54 10
54 0
54 39
55 35
55 11
55 8
55 40
56 54
56 6
56 19
56 0
57 39
57 6
57 23
57 20
58 6
58 30
58 18
58 18
59 10
59 26
59 42
59 11
60 13
60 4
60 12
60 18
61 37
61 58
61 46
61 1
62 37
62 32
62 13
62 26
63 14
63 30
63 3
63 0
64 28
64 33
64 55
64 8
65 4
65 3
65 34
65 0
66 30
66 21
66 30
66 16
67 33
67 2
67 6
67 13
68 16
68 57
68 60
68 8
69 12
69 41
69 50
69 4
70 68
70 29
70 7
70 20
71 4
71 30
71 46
71 4
72 9
72 32
72 1
72 12
73 56
73 16
73 62
73 29
74 4
74 10
74 4
74 0
75 23
75 58
75 30
75 51
76 32
76 1
76 4
76 8
77 5
77 17
77 8
77 0
78 45
78 31
78 13
78 68
79 52
79 4
79 8
79 1
80 25
80 14
80 2
80 1
81 38
81 72
81 26
81 2
82 45
82 54
82 31
82 55
83 55
83 34
83 34
83 16
84 11
84 51
84 50
84 26
85 14
85 83
85 38
85 5
86 56
86 33
86 85
86 80
87 82
87 0
87 8
87 3
88 41
88 38
88 42
88 49
89 4
89 22
89 29
89 55
90 12
90 0
90 8
90 30
91 83
91 30
91 45
91 12
92 86
92 4
92 18
92 25
93 21
93 27
93 35
93 4
94 0
94 77
94 0
94 35
95 14
95 86
95 92
95 67
96 0
96 10
96 36
96 77
97 21
97 13
97 0
97 63
98 4
98 94
98 71
98 42
99 49
99 20
99 89
99 65
100 28
100 39
100 50
100 1
101 0
101 10
101 97
101 39
102 4
102 39
102 0
102 97
103 90
103 65
103 4
103 76
104 30
104 100
104 1
104 5
105 17
105 42
105 2
105 8
106 31
106 3
106 4
106 21
107 94
107 31
107 0
107 25
108 55
108 64
108 4
108 26
109 90
109 13
109 38
109 50
110 109
110 69
110 5
110 33
111 4
111 1
111 1
111 81
112 12
112 3
112 16
112 28
113 29
113 10
113 75
113 32
114 48
114 16
114 7
114 46
115 21
115 96
115 10
115 77
116 28
116 8
116 44
116 52
117 4
117 0
117 79
117 37
118 44
118 50
118 0
118 116
119 55
119 14
119 66
119 50
120 100
120 86
120 23
120 46
121 82
121 71
121 73
121 2
122 94
122 97
122 18
122 16
123 1
123 121
123 11
123 28
124 16
124 98
124 23
124 31
125 0
125 3
125 112
125 23
126 69
126 21
126 52
126 0
127 4
127 4
127 25
127 74
128 35
128 37
128 106
128 73
129 59
129 82
129 31
129 31
130 46
130 92
130 119
130 35
131 110
131 40
131 22
131 6
132 83
132 25
132 112
132 38
133 29
133 47
133 38
133 0
134 128
134 26
134 91
134 23
135 128
135 49
135 108
135 97
136 96
136 29
136 38
136 29
137 25
137 40
137 36
137 2
138 0
138 0
138 23
138 16
139 38
139 6
139 88
139 23
140 5
140 4
140 77
140 62
141 38
141 73
141 46
141 15
142 65
142 97
142 2
142 58
143 40
143 28
143 91
143 95
144 82
144 37
144 42
144 101
145 21
145 68
145 23
145 12
146 18
146 69
146 67
146 46
147 44
147 29
147 36
147 31
148 53
148 117
148 63
148 52
149 114
149 17
149 0
149 71
150 4
150 6
150 10
150 30
151 109
151 3
151 46
151 124
152 16
152 109
152 9
152 44
153 3
153 8
153 0
153 90
154 0
154 128
154 33
154 6
155 98
155 50
155 107
155 86
156 65
156 28
156 29
156 26
157 10
157 71
157 36
157 29
158 90
158 28
158 0
158 0
159 35
159 27
159 117
159 65
160 1
160 102
160 0
160 114
161 156
161 30
161 55
161 76
162 136
162 123
162 25
162 46
163 3
163 75
163 6
163 89
164 3
164 133
164 80
164 79
165 131
165 136
165 119
165 103
166 83
166 109
166 10
166 129
167 109
167 162
167 162
167 26
168 13
168 28
168 93
168 74
169 50
169 104
169 134
169 126
170 23
170 106
170 18
170 10
171 13
171 11
171 1
171 6
172 86
172 147
172 3
172 90
173 83
173 50
173 169
173 28
174 64
174 3
174 0
174 7
175 7
175 108
175 156
175 38
176 0
176 15
176 33
176 18
177 31
177 12
177 128
177 3
178 99
178 115
178 142
178 79
179 88
179 18
179 43
179 3
180 173
180 161
180 175
180 40
181 119
181 28
181 97
181 156
182 62
182 25
182 28
182 152
183 83
183 13
183 35
183 8
184 22
184 4
184 52
184 71
185 0
185 107
185 42
185 28
186 168
186 142
186 7
186 165
187 82
187 60
187 28
187 82
188 55
188 141
188 167
188 1
189 104
189 62
189 24
189 41
190 179
190 30
190 3
190 31
191 26
191 123
191 174
191 161
192 52
192 42
192 5
192 32
193 135
193 1
193 34
193 23
194 14
194 77
194 29
194 11
195 77
195 2
195 5
195 130
196 17
196 137
196 120
196 43
197 32
197 37
197 93
197 172
198 74
198 13
198 186
198 128
199 22
199 68
199 108
199 1
200 100
200 81
200 112
200 0
201 178
201 4
201 4
201 26
202 115
202 145
202 107
202 128
203 106
203 140
203 173
203 176
204 90
204 50
204 48
204 114
205 22
205 30
205 148
205 13
206 127
206 27
206 4
206 5
207 94
207 46
207 50
207 36
208 78
208 124
208 21
208 17
209 92
209 108
209 132
209 10
210 73
210 10
210 68
210 155
211 176
211 2
211 126
211 31
212 0
212 196
212 14
212 161
213 109
213 0
213 52
213 136
214 5
214 55
214 112
214 184
215 0
215 176
215 137
215 28
216 45
216 124
216 161
216 31
217 190
217 68
217 13
217 129
218 97
218 112
218 17
218 161
219 142
219 166
219 7
219 87
220 209
220 6
220 12
220 152
221 54
221 57
221 8
221 88
222 168
222 87
222 170
222 23
223 10
223 102
223 0
223 0
224 0
224 3
224 120
224 128
225 23
225 12
225 49
225 6
226 21
226 77
226 25
226 3
227 10
227 1
227 2
227 135
228 5
228 49
228 1
228 120
229 79
229 65
229 2
229 190
230 8
230 50
230 120
230 135
231 181
231 6
231 84
231 154
232 126
232 2
232 58
232 57
233 178
233 57
233 6
233 136
234 5
234 109
234 6
234 98
235 77
235 17
235 171
235 51
236 60
236 27
236 131
236 4
237 13
237 155
237 95
237 202
238 88
238 162
238 0
238 4
239 4
239 24
239 31
239 1
240 0
240 1
240 6
240 77
241 7
241 161
241 60
241 43
242 120
242 76
242 50
242 124
243 115
243 115
243 136
243 89
244 230
244 19
244 75
244 172
245 75
245 75
245 94
245 115
246 142
246 3
246 126
246 8
247 114
247 99
247 5
247 211
248 224
248 32
248 58
248 43
249 3
249 117
249 55
249 16