#GRAPH (#nodes #edges id uu vv ww xx yy zz):
#250 742 geo(0,{250,100,3,0.0145,0.000,0.000}) 100 
# 
VERTICES (index name u v w x y z):
0 0
1 1
2 2
3 3
4 4
5 5
6 6
7 7
8 8
9 9
10 10
11 11
12 12
13 13
14 14
15 15
16 16
17 17
18 18
19 19
20 20
21 21
22 22
23 23
24 24
25 25
26 26
27 27
28 28
29 29
30 30
31 31
32 32
33 33
34 34
35 35
36 36
37 37
38 38
39 39
40 40
41 41
42 42
43 43
44 44
45 45
46 46
47 47
48 48
49 49
50 50
51 51
52 52
53 53
54 54
55 55
56 56
57 57
58 58
59 59
60 60
61 61
62 62
63 63
64 64
65 65
66 66
67 67
68 68
69 69
70 70
71 71
72 72
73 73
74 74
75 75
76 76
77 77
78 78
79 79
80 80
81 81
82 82
83 83
84 84
85 85
86 86
87 87
88 88
89 89
90 90
91 91
92 92
93 93
94 94
95 95
96 96
97 97
98 98
99 99
100 100
101 101
102 102
103 103
104 104
105 105
106 106
107 107
108 108
109 109
110 110
111 111
112 112
113 113
114 114
115 115
116 116
117 117
118 118
119 119
120 120
121 121
122 122
123 123
124 124
125 125
126 126
127 127
128 128
129 129
130 130
131 131
132 132
133 133
134 134
135 135
136 136
137 137
138 138
139 139
140 140
141 141
142 142
143 143
144 144
145 145
146 146
147 147
148 148
149 149
150 150
151 151
152 152
153 153
154 154
155 155
156 156
157 157
158 158
159 159
160 160
161 161
162 162
163 163
164 164
165 165
166 166
167 167
168 168
169 169
170 170
171 171
172 172
173 173
174 174
175 175
176 176
177 177
178 178
179 179
180 180
181 181
182 182
183 183
184 184
185 185
186 186
187 187
188 188
189 189
190 190
191 191
192 192
193 193
194 194
195 195
196 196
197 197
198 198
199 199
200 200
201 201
202 202
203 203
204 204
205 205
206 206
207 207
208 208
209 209
210 210
211 211
212 212
213 213
214 214
215 215
216 216
217 217
218 218
219 219
220 220
221 221
222 222
223 223
224 224
225 225
226 226
227 227
228 228
229 229
230 230
231 231
232 232
233 233
234 234
235 235
236 236
237 237
238 238
239 239
240 240
241 241
242 242
243 243
244 244
245 245
246 246
247 247
248 248
249 249
#
EDGES (from-node to-node length a b):
0 1
2 0
2 0
2 0
3 2
3 0
3 0
4 2
4 1
4 0
5 0
5 2
5 0
6 5
6 5
6 0
7 3
7 1
7 1
8 0
8 2
9 3
9 2
9 0
10 3
10 8
10 9
11 1
11 0
11 3
12 7
12 0
12 8
13 0
13 2
13 11
14 7
14 1
14 9
15 14
15 3
15 10
16 13
16 4
16 13
17 6
17 9
17 1
18 2
18 2
18 0
19 0
19 9
19 0
20 0
20 12
20 9
21 6
21 6
21 3
22 12
22 4
22 10
23 17
23 17
23 0
24 14
24 14
24 10
25 18
25 8
25 0
26 9
26 8
26 0
27 18
27 0
27 17
28 11
28 2
28 11
29 0
29 19
29 9
30 26
30 10
30 20
31 9
31 12
31 30
32 9
32 2
32 17
33 12
33 2
33 25
34 0
34 0
34 30
35 27
35 25
35 16
36 8
36 18
36 14
37 0
37 0
37 3
38 0
38 6
38 15
39 33
39 11
39 17
40 9
40 19
40 0
41 0
41 2
41 12
42 16
42 33
42 3
43 1
43 6
43 13
44 0
44 34
44 17
45 20
45 10
45 43
46 29
46 21
46 44
47 41
47 1
47 0
48 36
48 44
48 9
49 4
49 10
49 13
50 20
50 3
50 17
51 9
51 49
51 0
52 17
52 13
52 27
53 29
53 42
53 41
54 2
54 44
54 1
55 1
55 17
55 17
56 15
56 30
56 41
57 19
57 39
57 48
58 21
58 3
58 4
59 5
59 33
59 41
60 3
60 9
60 19
61 22
61 48
61 15
62 21
62 38
62 12
63 1
63 12
63 20
64 30
64 17
64 1
65 2
65 1
65 2
66 44
66 27
66 13
67 8
67 13
67 0
68 14
68 1
68 17
69 62
69 62
69 46
70 15
70 17
70 9
71 43
71 1
71 21
72 22
72 20
72 0
73 21
73 38
73 25
74 21
74 13
74 0
75 28
75 66
76 63
76 31
76 0
77 13
77 9
77 23
78 15
78 73
78 43
79 16
79 61
79 2
80 79
80 53
80 8
81 52
81 27
81 10
82 44
82 17
82 1
83 12
83 40
83 6
84 27
84 1
84 14
85 17
85 32
85 33
86 61
86 12
86 30
87 0
87 31
87 25
88 29
88 15
88 49
89 12
89 60
89 29
90 70
90 57
90 9
91 50
91 38
91 22
92 1
92 58
92 19
93 41
93 11
93 36
94 90
94 71
94 32
95 62
95 10
95 32
96 93
96 30
96 32
97 66
97 92
97 63
98 16
98 13
98 25
99 29
99 34
99 11
100 25
100 17
100 56
101 61
101 25
101 53
102 7
102 0
102 1
103 17
103 3
103 82
104 40
104 51
104 31
105 57
105 62
105 17
106 92
106 101
106 12
107 43
107 88
107 78
108 14
108 6
108 106
109 47
109 34
109 1
110 28
110 10
110 15
111 52
111 35
111 91
112 16
112 40
112 57
113 35
113 89
113 30
114 33
114 85
114 97
115 45
115 91
115 83
116 47
116 92
116 61
117 29
117 22
117 12
118 7
118 11
118 57
119 11
119 58
119 0
120 12
120 69
120 0
121 60
121 17
121 9
122 73
122 25
122 27
123 17
123 16
123 32
124 13
124 70
124 60
125 106
125 0
125 63
126 60
126 49
126 57
127 46
127 39
127 1
128 17
128 112
128 108
129 112
129 0
129 92
130 49
130 31
130 9
131 112
131 30
131 17
132 0
132 125
132 127
133 41
133 6
133 38
134 27
134 6
134 40
135 10
135 131
135 16
136 35
136 62
136 114
137 122
137 87
137 41
138 14
138 50
138 103
139 89
139 100
139 56
140 0
140 87
140 101
141 60
141 91
141 33
142 3
142 0
142 0
143 4
143 2
143 107
144 100
144 115
144 26
145 44
145 10
145 62
146 18
146 0
146 108
147 73
147 1
147 87
148 13
148 21
148 44
149 38
149 44
149 38
150 31
150 6
150 143
151 54
151 91
151 0
152 0
152 27
152 17
153 79
153 34
153 143
154 131
154 10
154 150
155 39
155 11
155 79
156 25
156 91
156 21
157 65
157 10
157 45
158 90
158 3
159 30
159 85
159 22
160 41
160 73
160 7
161 90
161 42
161 97
162 15
162 11
162 25
163 97
163 135
163 22
164 102
164 25
164 159
165 79
165 37
165 0
166 20
166 34
166 24
167 15
167 4
167 17
168 6
168 33
168 51
169 13
169 0
169 0
170 15
170 119
170 6
171 104
171 96
171 131
172 82
172 10
172 100
173 142
173 114
173 6
174 13
174 74
174 29
175 53
175 41
175 32
176 57
176 78
176 154
177 43
177 116
177 22
178 0
178 11
178 5
179 147
179 66
179 150
180 45
180 58
180 11
181 43
181 95
181 34
182 17
182 78
182 0
183 106
183 12
183 91
184 164
184 150
184 128
185 12
185 0
185 7
186 90
186 20
186 164
187 18
187 60
187 7
188 0
188 82
188 50
189 29
189 127
189 12
190 110
190 104
190 143
191 41
191 174
191 43
192 99
192 21
192 104
193 112
193 28
193 46
194 100
194 171
194 111
195 9
195 6
195 9
196 119
196 34
196 194
197 81
197 21
197 131
198 79
198 12
198 150
199 164
199 115
199 38
200 1
200 19
200 11
201 125
201 82
201 177
202 37
202 92
202 2
203 190
203 173
203 90
204 2
204 7
204 38
205 200
205 11
205 6
206 7
206 9
206 61
207 87
207 14
207 164
208 35
208 1
208 36
209 32
209 0
209 34
210 87
210 18
210 151
211 0
211 79
211 118
212 4
212 103
212 183
213 180
213 131
213 13
214 15
214 3
214 181
215 211
215 41
215 3
216 213
216 134
216 50
217 45
217 12
217 10
218 164
218 102
218 21
219 112
219 4
219 125
220 216
220 30
220 28
221 142
221 179
221 87
222 171
222 30
222 25
223 85
223 10
223 220
224 92
224 60
224 5
225 191
225 4
225 41
226 10
226 13
226 3
227 18
227 119
227 12
228 145
228 52
228 101
229 5
229 141
229 82
230 141
230 155
230 41
231 13
231 106
231 58
232 22
232 52
232 1
233 3
233 149
233 83
234 28
234 85
234 41
235 8
235 2
235 176
236 171
236 63
236 15
237 119
237 151
237 84
238 134
238 235
238 9
239 21
239 20
239 1
240 101
240 63
240 11
241 87
241 149
241 37
242 37
242 198
242 2
243 75
243 43
243 81
244 238
244 177
244 28
245 91
245 237
245 31
246 190
246 83
246 92
247 187
247 117
247 22
248 122
248 161
248 194
249 10
249 33
249 3