#GRAPH (#nodes #edges id uu vv ww xx yy zz):
#250 1731 geo(0,{250,100,3,0.0145,0.000,0.000}) 100 
# 
VERTICES (index name u v w x y z):
0 0
1 1
2 2
3 3
4 4
5 5
6 6
7 7
8 8
9 9
10 10
11 11
12 12
13 13
14 14
15 15
16 16
17 17
18 18
19 19
20 20
21 21
22 22
23 23
24 24
25 25
26 26
27 27
28 28
29 29
30 30
31 31
32 32
33 33
34 34
35 35
36 36
37 37
38 38
39 39
40 40
41 41
42 42
43 43
44 44
45 45
46 46
47 47
48 48
49 49
50 50
51 51
52 52
53 53
54 54
55 55
56 56
57 57
58 58
59 59
60 60
61 61
62 62
63 63
64 64
65 65
66 66
67 67
68 68
69 69
70 70
71 71
72 72
73 73
74 74
75 75
76 76
77 77
78 78
79 79
80 80
81 81
82 82
83 83
84 84
85 85
86 86
87 87
88 88
89 89
90 90
91 91
92 92
93 93
94 94
95 95
96 96
97 97
98 98
99 99
100 100
101 101
102 102
103 103
104 104
105 105
106 106
107 107
108 108
109 109
110 110
111 111
112 112
113 113
114 114
115 115
116 116
117 117
118 118
119 119
120 120
121 121
122 122
123 123
124 124
125 125
126 126
127 127
128 128
129 129
130 130
131 131
132 132
133 133
134 134
135 135
136 136
137 137
138 138
139 139
140 140
141 141
142 142
143 143
144 144
145 145
146 146
147 147
148 148
149 149
150 150
151 151
152 152
153 153
154 154
155 155
156 156
157 157
158 158
159 159
160 160
161 161
162 162
163 163
164 164
165 165
166 166
167 167
168 168
169 169
170 170
171 171
172 172
173 173
174 174
175 175
176 176
177 177
178 178
179 179
180 180
181 181
182 182
183 183
184 184
185 185
186 186
187 187
188 188
189 189
190 190
191 191
192 192
193 193
194 194
195 195
196 196
197 197
198 198
199 199
200 200
201 201
202 202
203 203
204 204
205 205
206 206
207 207
208 208
209 209
210 210
211 211
212 212
213 213
214 214
215 215
216 216
217 217
218 218
219 219
220 220
221 221
222 222
223 223
224 224
225 225
226 226
227 227
228 228
229 229
230 230
231 231
232 232
233 233
234 234
235 235
236 236
237 237
238 238
239 239
240 240
241 241
242 242
243 243
244 244
245 245
246 246
247 247
248 248
249 249
#
EDGES (from-node to-node length a b):
0 1
2 0
2 0
2 1
2 0
2 1
2 0
3 0
3 1
3 1
3 0
3 1
3 0
3 0
4 1
4 0
4 2
4 1
4 0
4 1
4 1
5 3
5 1
5 0
5 1
5 4
5 1
5 2
6 3
6 5
6 5
6 3
6 0
6 3
6 5
7 6
7 1
7 4
7 3
7 3
7 4
7 6
8 4
8 7
8 2
8 5
8 5
8 2
8 0
9 1
9 7
9 5
9 1
9 3
9 0
9 7
10 1
10 7
10 3
10 8
10 7
10 4
11 2
11 4
11 9
11 7
11 3
11 3
11 9
12 8
12 5
12 7
12 10
12 10
12 8
12 7
13 4
13 7
13 9
13 6
13 0
13 7
13 10
14 2
14 7
14 6
14 3
14 2
14 4
14 11
15 9
15 2
15 13
15 5
15 4
15 3
16 2
16 2
16 10
16 5
16 0
16 2
16 9
17 11
17 1
17 7
17 7
17 3
17 9
17 9
18 10
18 15
18 14
18 10
18 1
18 6
18 9
19 6
19 13
19 13
19 8
19 15
19 10
20 0
20 3
20 8
20 1
20 19
20 0
20 9
21 6
21 3
21 0
21 11
21 2
21 3
21 8
22 11
22 5
22 18
22 15
22 10
22 6
22 0
23 10
23 5
23 13
23 8
23 10
23 1
23 17
24 0
24 20
24 15
24 7
24 8
24 23
24 1
25 3
25 13
25 18
25 6
25 3
25 3
25 9
26 7
26 3
26 5
26 5
26 19
26 18
26 3
27 15
27 6
27 2
27 20
27 6
27 18
27 3
28 17
28 19
28 4
28 15
28 3
28 4
28 1
29 9
29 12
29 4
29 0
29 28
29 25
29 26
30 23
30 3
30 8
30 2
30 24
30 5
30 3
31 15
31 28
31 8
31 9
31 15
31 30
31 8
32 11
32 7
32 9
32 5
32 4
32 19
32 14
33 13
33 14
33 6
33 3
33 28
33 24
33 18
34 6
34 27
34 1
34 32
34 21
34 18
34 24
35 5
35 0
35 32
35 11
35 5
35 20
35 0
36 20
36 15
36 23
36 29
36 2
36 13
36 9
37 5
37 15
37 8
37 3
37 7
37 31
37 3
38 22
38 6
38 1
38 33
38 27
38 30
38 3
39 3
39 32
39 4
39 8
39 36
39 4
39 9
40 9
40 30
40 35
40 22
40 39
40 20
40 13
41 2
41 19
41 13
41 0
41 29
41 26
41 32
42 1
42 32
42 33
42 25
42 9
42 28
42 6
43 18
43 15
43 23
43 10
43 7
43 18
43 28
44 5
44 1
44 0
44 9
44 2
44 18
44 3
45 28
45 41
45 1
45 4
45 30
45 23
45 18
46 14
46 27
46 27
46 42
46 12
46 9
46 33
47 24
47 23
47 28
47 31
47 33
47 19
47 3
48 8
48 16
48 6
48 1
48 5
48 45
48 10
49 36
49 37
49 5
49 27
49 0
49 40
49 6
50 11
50 21
50 36
50 33
50 0
50 33
50 21
51 35
51 12
51 40
51 1
51 23
51 3
51 11
52 37
52 14
52 1
52 5
52 18
52 3
52 39
53 12
53 24
53 18
53 36
53 32
53 27
53 9
54 11
54 32
54 5
54 2
54 30
54 11
54 3
55 6
55 45
55 46
55 15
55 28
55 48
55 19
56 9
56 37
56 35
56 1
56 27
56 8
56 13
57 32
57 6
57 14
57 19
57 13
57 24
57 30
58 20
58 46
58 16
58 7
58 31
58 1
58 7
59 8
59 23
59 3
59 34
59 29
59 47
59 46
60 52
60 41
60 26
60 11
60 56
60 9
60 16
61 39
61 52
61 25
61 55
61 23
61 39
61 50
62 53
62 49
62 33
62 43
62 33
62 23
62 28
63 9
63 31
63 9
63 16
63 33
63 12
63 19
64 1
64 57
64 13
64 44
64 28
64 22
65 62
65 40
65 34
65 40
65 18
65 17
65 5
66 4
66 15
66 18
66 31
66 1
66 37
66 50
67 11
67 60
67 50
67 56
67 19
67 40
67 13
68 53
68 52
68 0
68 24
68 51
68 23
68 33
69 25
69 0
69 52
69 64
69 38
69 26
69 43
70 13
70 27
70 39
70 25
70 29
70 9
70 2
71 38
71 33
71 63
71 46
71 23
71 12
71 46
72 45
72 48
72 39
72 29
72 5
72 32
72 20
73 22
73 25
73 6
73 50
73 11
73 32
73 72
74 48
74 69
74 31
74 5
74 8
74 70
74 35
75 6
75 31
75 24
75 46
75 14
75 63
75 18
76 5
76 49
76 56
76 37
76 20
76 19
76 75
77 55
77 56
77 3
77 23
77 70
77 73
77 30
78 54
78 30
78 20
78 28
78 12
78 14
78 18
79 19
79 5
79 33
79 40
79 73
79 51
79 74
80 38
80 2
80 52
80 52
80 18
80 57
80 49
81 70
81 73
81 14
81 9
81 15
81 22
81 28
82 14
82 18
82 18
82 20
82 19
82 73
82 8
83 30
83 32
83 63
83 22
83 39
83 5
83 11
84 77
84 21
84 67
84 30
84 35
84 62
84 34
85 52
85 73
85 41
85 1
85 84
85 34
85 8
86 74
86 28
86 34
86 29
86 9
86 32
86 74
87 12
87 34
87 52
87 15
87 9
87 60
87 5
88 80
88 32
88 2
88 54
88 8
88 44
88 37
89 54
89 86
89 55
89 36
89 84
89 48
89 53
90 82
90 6
90 53
90 24
90 87
90 34
90 32
91 0
91 18
91 1
91 59
91 27
91 56
91 55
92 21
92 18
92 37
92 28
92 31
92 71
92 40
93 28
93 8
93 69
93 3
93 75
93 9
93 10
94 15
94 58
94 13
94 11
94 9
94 88
94 33
95 80
95 9
95 93
95 48
95 16
95 62
95 14
96 21
96 5
96 25
96 93
96 6
96 78
96 15
97 19
97 56
97 40
97 9
97 17
97 18
97 96
98 42
98 55
98 78
98 85
98 1
98 0
98 67
99 21
99 6
99 24
99 77
99 6
99 5
99 9
100 4
100 74
100 97
100 34
100 58
100 48
100 56
101 48
101 23
101 19
101 46
101 31
101 84
101 84
102 22
102 37
102 99
102 42
102 39
102 16
102 38
103 36
103 15
103 27
103 69
103 67
103 68
103 80
104 5
104 80
104 42
104 76
104 9
104 38
104 69
105 16
105 4
105 18
105 4
105 19
105 81
105 80
106 17
106 43
106 5
106 99
106 20
106 78
106 14
107 70
107 88
107 106
107 25
107 98
107 38
107 18
108 91
108 9
108 5
108 37
108 48
108 83
108 14
109 76
109 23
109 28
109 25
109 0
109 46
109 108
110 100
110 107
110 107
110 59
110 25
110 1
110 92
111 32
111 50
111 19
111 103
111 28
111 74
111 25
112 84
112 106
112 21
112 0
112 25
112 45
112 38
113 95
113 93
113 88
113 20
113 6
113 20
113 75
114 86
114 5
114 103
114 42
114 63
114 58
114 12
115 14
115 30
115 110
115 55
115 28
115 98
115 45
116 15
116 5
116 95
116 48
116 17
116 2
116 0
117 82
117 31
117 99
117 3
117 56
117 52
117 4
118 86
118 98
118 14
118 7
118 71
118 9
118 30
119 46
119 1
119 26
119 14
119 15
119 78
119 5
120 20
120 115
120 18
120 32
120 63
120 57
120 49
121 57
121 30
121 7
121 118
121 116
121 7
121 113
122 82
122 15
122 30
122 18
122 50
122 50
122 6
123 7
123 23
123 110
123 31
123 74
123 25
123 105
124 88
124 32
124 3
124 34
124 91
124 84
124 1
125 64
125 6
125 101
125 25
125 14
125 51
125 16
126 90
126 37
126 72
126 28
126 112
126 73
126 28
127 2
127 43
127 46
127 54
127 18
127 66
127 25
128 54
128 98
128 5
128 34
128 51
128 1
128 47
129 105
129 80
129 42
129 92
129 5
129 70
129 0
130 83
130 66
130 42
130 105
130 70
130 57
130 66
131 19
131 21
131 11
131 99
131 71
131 60
131 4
132 74
132 78
132 45
132 89
132 38
132 78
132 32
133 1
133 119
133 86
133 126
133 16
133 52
133 20
134 121
134 18
134 36
134 7
134 45
134 32
134 133
135 102
135 55
135 8
135 13
135 13
135 47
135 41
136 51
136 48
136 2
136 73
136 80
136 12
136 78
137 68
137 69
137 20
137 58
137 8
137 134
137 18
138 134
138 94
138 23
138 108
138 9
138 112
138 52
139 75
139 88
139 129
139 23
139 0
139 93
139 73
140 33
140 12
140 11
140 24
140 35
140 34
140 20
141 32
141 19
141 25
141 27
141 5
141 60
141 28
142 104
142 102
142 80
142 140
142 78
142 115
142 113
143 69
143 67
143 34
143 123
143 128
143 122
143 61
144 28
144 20
144 93
144 4
144 2
144 134
144 5
145 26
145 119
145 14
145 76
145 82
145 68
145 124
146 47
146 20
146 88
146 11
146 127
146 41
146 93
147 1
147 11
147 53
147 34
147 82
147 32
147 16
148 41
148 114
148 5
148 19
148 139
148 98
148 65
149 88
149 37
149 27
149 68
149 56
149 97
149 25
150 118
150 23
150 3
150 112
150 14
150 60
150 67
151 11
151 94
151 146
151 98
151 32
151 106
151 3
152 18
152 25
152 46
152 55
152 18
152 3
152 27
153 0
153 95
153 147
153 15
153 0
153 22
153 6
154 129
154 12
154 97
154 114
154 5
154 6
154 104
155 98
155 98
155 24
155 106
155 15
155 94
155 30
156 93
156 80
156 152
156 5
156 2
156 18
156 33
157 76
157 28
157 97
157 23
157 80
157 18
157 147
158 4
158 18
158 91
158 29
158 15
158 0
158 89
159 69
159 78
159 5
159 114
159 56
159 61
159 119
160 69
160 6
160 19
160 134
160 41
160 57
160 87
161 13
161 15
161 11
161 49
161 27
161 23
161 33
162 0
162 36
162 1
162 30
162 157
162 4
162 101
163 41
163 15
163 1
163 11
163 32
163 69
163 51
164 3
164 68
164 54
164 119
164 68
164 50
164 28
165 1
165 38
165 27
165 76
165 58
165 40
165 73
166 6
166 32
166 39
166 151
166 9
166 94
166 44
167 153
167 18
167 67
167 97
167 53
167 19
167 7
168 2
168 9
168 153
168 20
168 49
168 161
168 52
169 129
169 113
169 42
169 130
169 133
169 139
169 30
170 5
170 97
170 107
170 29
170 23
170 48
170 17
171 18
171 139
171 114
171 130
171 84
171 33
171 117
172 33
172 32
172 125
172 134
172 19
172 23
172 99
173 24
173 84
173 166
173 125
173 64
173 94
173 1
174 36
174 123
174 58
174 86
174 34
174 130
174 26
175 120
175 158
175 161
175 109
175 9
175 55
175 45
176 41
176 1
176 138
176 58
176 1
176 26
176 80
177 27
177 0
177 116
177 11
177 49
177 32
177 3
178 38
178 154
178 162
178 20
178 102
178 9
178 137
179 32
179 9
179 160
179 48
179 60
179 157
179 45
180 14
180 128
180 95
180 48
180 16
180 5
180 25
181 91
181 60
181 84
181 50
181 32
181 139
181 13
182 112
182 27
182 0
182 4
182 27
182 28
182 9
183 171
183 140
183 113
183 173
183 57
183 37
183 16
184 130
184 33
184 68
184 29
184 46
184 84
184 50
185 157
185 8
185 82
185 53
185 106
185 97
185 123
186 93
186 115
186 19
186 112
186 46
186 72
186 56
187 110
187 33
187 77
187 112
187 70
187 18
187 182
188 86
188 184
188 13
188 42
188 94
188 61
188 115
189 18
189 50
189 117
189 20
189 88
189 5
189 21
190 0
190 17
190 82
190 30
190 40
190 168
190 73
191 123
191 25
191 86
191 43
191 93
191 66
191 48
192 3
192 3
192 89
192 25
192 178
192 168
192 14
193 58
193 23
193 175
193 125
193 42
193 98
193 183
194 21
194 131
194 47
194 52
194 137
194 93
194 123
195 45
195 90
195 48
195 6
195 9
195 17
195 9
196 75
196 3
196 0
196 2
196 32
196 186
196 161
197 19
197 32
197 25
197 52
197 136
197 73
197 146
198 34
198 151
198 180
198 6
198 7
198 67
198 45
199 130
199 18
199 6
199 130
199 100
199 52
199 96
200 177
200 157
200 30
200 145
200 38
200 175
200 1
201 152
201 6
201 141
201 120
201 38
201 73
201 1
202 163
202 74
202 82
202 65
202 17
202 154
202 169
203 60
203 7
203 48
203 1
203 71
203 4
203 139
204 32
204 78
204 73
204 98
204 172
204 31
204 8
205 32
205 61
205 43
205 8
205 42
205 204
205 158
206 3
206 156
206 84
206 19
206 167
206 29
206 32
207 45
207 124
207 16
207 78
207 61
207 168
207 11
208 100
208 20
208 175
208 78
208 62
208 18
208 42
209 2
209 72
209 35
209 194
209 67
209 17
209 114
210 127
210 163
210 73
210 31
210 61
210 198
211 127
211 60
211 94
211 10
211 19
211 79
211 76
212 130
212 5
212 210
212 9
212 86
212 115
212 168
213 35
213 113
213 16
213 52
213 62
213 205
213 133
214 93
214 72
214 200
214 24
214 3
214 31
214 197
215 133
215 48
215 142
215 40
215 10
215 139
215 122
216 80
216 118
216 114
216 6
216 30
216 85
216 83
217 93
217 162
217 194
217 11
217 35
217 103
217 10
218 170
218 114
218 19
218 110
218 32
218 59
218 113
219 125
219 173
219 123
219 4
219 33
219 170
219 113
220 183
220 9
220 193
220 4
220 2
220 120
220 3
221 162
221 92
221 68
221 183
221 11
221 1
221 21
222 84
222 98
222 173
222 46
222 216
222 18
222 9
223 115
223 171
223 217
223 42
223 11
223 139
223 84
224 3
224 90
224 8
224 113
224 1
224 62
224 96
225 166
225 216
225 47
225 82
225 38
225 32
225 134
226 150
226 28
226 64
226 2
226 15
226 224
226 48
227 51
227 106
227 225
227 0
227 24
227 80
227 93
228 110
228 57
228 84
228 191
228 5
228 66
228 167
229 216
229 201
229 179
229 228
229 138
229 107
229 112
230 19
230 149
230 56
230 33
230 101
230 147
230 20
231 46
231 179
231 66
231 228
231 168
231 167
231 170
232 134
232 45
232 119
232 8
232 16
232 4
232 151
233 217
233 159
233 4
233 57
233 16
233 24
233 5
234 49
234 45
234 151
234 151
234 1
234 45
234 206
235 170
235 3
235 122
235 9
235 228
235 31
235 42
236 205
236 198
236 228
236 86
236 122
236 166
236 84
237 36
237 14
237 148
237 32
237 129
237 114
237 55
238 143
238 116
238 23
238 22
238 191
238 98
238 180
239 37
239 37
239 212
239 111
239 0
239 182
239 80
240 196
240 21
240 215
240 5
240 63
240 193
240 157
241 5
241 151
241 24
241 215
241 80
241 135
241 66
242 97
242 113
242 13
242 23
242 102
242 71
242 30
243 183
243 176
243 122
243 13
243 57
243 134
243 23
244 28
244 210
244 58
244 183
244 67
244 227
244 8
245 57
245 8
245 87
245 130
245 146
245 26
245 82
246 15
246 231
246 40
246 8
246 9
246 106
246 74
247 29
247 96
247 39
247 222
247 88
247 84
247 10
248 55
248 245
248 54
248 197
248 55
248 92
248 53
249 98
249 174
249 178
249 47
249 68
249 71
249 47