#GRAPH (#nodes #edges id uu vv ww xx yy zz):
#250 1237 geo(0,{250,100,3,0.0145,0.000,0.000}) 100 
# 
VERTICES (index name u v w x y z):
0 0
1 1
2 2
3 3
4 4
5 5
6 6
7 7
8 8
9 9
10 10
11 11
12 12
13 13
14 14
15 15
16 16
17 17
18 18
19 19
20 20
21 21
22 22
23 23
24 24
25 25
26 26
27 27
28 28
29 29
30 30
31 31
32 32
33 33
34 34
35 35
36 36
37 37
38 38
39 39
40 40
41 41
42 42
43 43
44 44
45 45
46 46
47 47
48 48
49 49
50 50
51 51
52 52
53 53
54 54
55 55
56 56
57 57
58 58
59 59
60 60
61 61
62 62
63 63
64 64
65 65
66 66
67 67
68 68
69 69
70 70
71 71
72 72
73 73
74 74
75 75
76 76
77 77
78 78
79 79
80 80
81 81
82 82
83 83
84 84
85 85
86 86
87 87
88 88
89 89
90 90
91 91
92 92
93 93
94 94
95 95
96 96
97 97
98 98
99 99
100 100
101 101
102 102
103 103
104 104
105 105
106 106
107 107
108 108
109 109
110 110
111 111
112 112
113 113
114 114
115 115
116 116
117 117
118 118
119 119
120 120
121 121
122 122
123 123
124 124
125 125
126 126
127 127
128 128
129 129
130 130
131 131
132 132
133 133
134 134
135 135
136 136
137 137
138 138
139 139
140 140
141 141
142 142
143 143
144 144
145 145
146 146
147 147
148 148
149 149
150 150
151 151
152 152
153 153
154 154
155 155
156 156
157 157
158 158
159 159
160 160
161 161
162 162
163 163
164 164
165 165
166 166
167 167
168 168
169 169
170 170
171 171
172 172
173 173
174 174
175 175
176 176
177 177
178 178
179 179
180 180
181 181
182 182
183 183
184 184
185 185
186 186
187 187
188 188
189 189
190 190
191 191
192 192
193 193
194 194
195 195
196 196
197 197
198 198
199 199
200 200
201 201
202 202
203 203
204 204
205 205
206 206
207 207
208 208
209 209
210 210
211 211
212 212
213 213
214 214
215 215
216 216
217 217
218 218
219 219
220 220
221 221
222 222
223 223
224 224
225 225
226 226
227 227
228 228
229 229
230 230
231 231
232 232
233 233
234 234
235 235
236 236
237 237
238 238
239 239
240 240
241 241
242 242
243 243
244 244
245 245
246 246
247 247
248 248
249 249
#
EDGES (from-node to-node length a b):
0 1
2 0
2 0
2 0
2 0
2 1
3 0
3 2
3 1
3 2
3 0
4 0
4 0
4 3
4 1
4 3
5 2
5 0
5 4
5 0
5 0
6 0
6 2
6 3
6 3
7 4
7 1
7 4
7 1
7 4
8 3
8 2
8 4
8 2
8 0
9 0
9 0
9 3
9 1
9 8
10 9
10 3
10 2
10 3
10 4
11 9
11 2
11 9
11 2
11 1
12 1
12 0
12 1
12 2
12 5
13 12
13 1
13 1
13 0
13 3
14 8
14 8
14 1
14 13
14 8
15 1
15 11
15 14
15 8
15 4
16 1
16 8
16 8
16 1
16 13
17 13
17 13
17 2
17 14
18 0
18 10
18 13
18 2
18 1
19 14
19 10
19 11
19 10
19 1
20 14
20 3
20 4
20 8
20 4
21 4
21 13
21 11
21 8
21 1
22 13
22 12
22 8
22 9
23 5
23 16
23 14
23 16
23 0
24 15
24 3
24 11
24 22
24 1
25 15
25 3
25 11
25 4
25 3
26 2
26 14
26 0
26 21
26 5
27 6
27 16
27 4
27 24
27 0
28 11
28 13
28 21
28 1
28 2
29 24
29 21
29 3
29 17
29 7
30 2
30 27
30 24
30 14
30 20
31 3
31 0
31 29
31 21
31 3
32 4
32 1
32 10
32 1
32 1
33 24
33 14
33 2
33 23
33 29
34 12
34 0
34 20
34 16
35 11
35 8
35 30
35 0
35 18
36 29
36 29
36 32
36 12
36 13
37 30
37 5
37 5
37 21
37 11
38 31
38 21
38 30
38 16
38 8
39 26
39 35
39 26
39 2
39 4
40 25
40 32
40 1
40 12
40 2
41 13
41 26
41 20
41 6
41 12
42 14
42 10
42 7
42 3
42 2
43 27
43 33
43 23
43 4
43 0
44 42
44 15
44 31
44 35
44 35
45 42
45 4
45 13
45 13
45 12
46 0
46 24
46 24
46 14
46 14
47 6
47 21
47 12
47 25
47 13
48 35
48 9
48 0
48 12
48 6
49 30
49 25
49 30
49 2
49 14
50 6
50 1
50 14
50 34
50 46
51 18
51 47
51 22
51 49
51 5
52 1
52 37
52 35
52 22
52 33
53 25
53 51
53 5
53 13
53 25
54 12
54 39
54 5
54 35
54 13
55 33
55 13
55 25
55 50
55 42
56 11
56 11
56 48
56 39
56 52
57 12
57 50
57 52
57 16
57 21
58 14
58 28
58 24
58 43
58 7
59 58
59 35
59 1
59 50
59 2
60 19
60 11
60 1
60 30
60 47
61 23
61 37
61 17
61 49
61 0
62 2
62 21
62 12
62 25
62 52
63 10
63 23
63 3
63 38
63 37
64 8
64 13
64 36
64 3
64 3
65 59
65 8
65 3
65 2
65 18
66 18
66 7
66 47
66 53
66 13
67 33
67 26
67 37
67 5
67 14
68 53
68 23
68 47
68 10
68 21
69 0
69 15
69 8
69 2
69 47
70 1
70 62
70 2
70 8
70 56
71 53
71 0
71 54
71 40
71 63
72 12
72 27
72 7
72 68
72 54
73 49
73 14
73 8
73 51
73 34
74 49
74 55
74 13
74 55
74 37
75 12
75 3
75 68
75 33
75 50
76 16
76 31
76 0
76 8
76 58
77 32
77 28
77 59
77 38
77 31
78 16
78 13
78 1
78 43
78 24
79 38
79 16
79 31
79 3
79 4
80 41
80 35
80 55
80 78
80 10
81 3
81 55
81 0
81 5
81 37
82 16
82 35
82 18
82 20
82 68
83 58
83 23
83 28
83 13
83 17
84 55
84 25
84 20
84 17
84 33
85 55
85 11
85 0
85 20
85 1
86 58
86 1
86 16
86 63
86 10
87 29
87 21
87 63
87 3
87 16
88 17
88 25
88 39
88 3
88 39
89 13
89 45
89 55
89 43
89 70
90 13
90 8
90 1
90 55
90 15
91 37
91 79
91 13
91 28
91 56
92 12
92 13
92 1
92 38
92 36
93 48
93 75
93 59
93 55
93 4
94 29
94 36
94 52
94 8
94 55
95 22
95 26
95 68
95 57
95 1
96 70
96 5
96 13
96 45
96 10
97 21
97 25
97 96
97 48
97 13
98 63
98 32
98 55
98 84
98 4
99 85
99 69
99 44
99 64
99 0
100 44
100 93
100 54
100 25
100 55
101 9
101 45
101 22
101 62
101 40
102 12
102 1
102 23
102 3
102 21
103 47
103 78
103 49
103 64
103 18
104 43
104 0
104 75
104 3
104 18
105 54
105 11
105 35
105 56
105 36
106 98
106 38
106 37
106 103
106 20
107 40
107 92
107 1
107 52
107 50
108 95
108 8
108 71
108 61
108 3
109 49
109 10
109 12
109 78
109 28
110 34
110 13
110 88
110 13
110 23
111 88
111 18
111 38
111 50
111 12
112 2
112 96
112 76
112 18
112 6
113 79
113 12
113 15
113 35
113 25
114 48
114 11
114 4
114 40
114 59
115 100
115 34
115 17
115 5
115 8
116 63
116 37
116 8
116 50
116 59
117 21
117 58
117 50
117 30
117 38
118 53
118 13
118 4
118 13
118 79
119 20
119 12
119 21
119 20
119 110
120 47
120 68
120 69
120 22
120 2
121 0
121 2
121 21
121 10
121 113
122 95
122 2
122 111
122 65
122 1
123 29
123 6
123 0
123 50
123 63
124 48
124 15
124 12
124 25
124 22
125 6
125 61
125 62
125 48
125 35
126 58
126 4
126 54
126 28
126 59
127 22
127 55
127 38
127 107
127 55
128 101
128 2
128 45
128 111
128 14
129 73
129 127
129 31
129 41
129 30
130 51
130 33
130 111
130 53
130 9
131 27
131 122
131 68
131 49
131 2
132 75
132 10
132 86
132 44
132 21
133 9
133 65
133 110
133 77
133 1
134 35
134 6
134 88
134 48
134 4
135 9
135 74
135 107
135 94
135 53
136 38
136 85
136 10
136 6
136 78
137 100
137 0
137 108
137 123
137 126
138 65
138 40
138 15
138 0
138 5
139 64
139 63
139 58
139 137
139 76
140 1
140 102
140 21
140 14
140 136
141 137
141 52
141 25
141 37
141 62
142 2
142 5
142 3
142 70
142 54
143 23
143 68
143 47
143 48
143 59
144 2
144 2
144 0
144 122
144 92
145 108
145 135
145 104
145 18
145 45
146 76
146 74
146 30
146 141
146 27
147 67
147 111
147 125
147 3
147 53
148 99
148 68
148 77
148 53
148 43
149 28
149 122
149 13
149 36
149 135
150 139
150 43
150 28
150 98
150 99
151 111
151 41
151 30
151 19
151 9
152 3
152 53
152 48
152 12
152 16
153 70
153 64
153 10
153 0
153 39
154 71
154 115
154 96
154 27
154 101
155 73
155 79
155 71
155 89
155 30
156 74
156 68
156 15
156 14
156 131
157 35
157 2
157 22
157 48
157 8
158 65
158 23
158 29
158 101
158 16
159 21
159 90
159 31
159 25
159 150
160 50
160 12
160 136
160 143
160 34
161 77
161 2
161 21
161 54
161 111
162 13
162 12
162 114
162 14
162 160
163 7
163 130
163 129
163 122
163 10
164 6
164 113
164 13
164 12
164 69
165 36
165 158
165 42
165 18
165 1
166 136
166 104
166 60
166 46
166 62
167 25
167 11
167 118
167 2
167 131
168 95
168 92
168 76
168 71
168 25
169 15
169 63
169 6
169 35
169 5
170 44
170 125
170 8
170 53
170 137
171 13
171 26
171 24
171 88
171 13
172 126
172 18
172 103
172 87
172 0
173 118
173 21
173 139
173 33
173 12
174 76
174 46
174 9
174 3
174 25
175 21
175 119
175 2
175 41
175 166
176 4
176 32
176 110
176 45
176 1
177 71
177 63
177 19
177 143
177 72
178 80
178 44
178 100
178 29
178 106
179 167
179 136
179 68
179 2
179 19
180 148
180 1
180 173
180 106
180 88
181 3
181 100
181 51
181 15
181 99
182 63
182 34
182 0
182 165
182 88
183 112
183 68
183 51
183 43
183 153
184 106
184 8
184 36
184 94
184 115
185 183
185 50
185 123
185 111
185 6
186 70
186 142
186 70
186 23
186 47
187 10
187 2
187 180
187 147
187 111
188 153
188 58
188 140
188 122
188 126
189 74
189 167
189 9
189 31
189 5
190 158
190 69
190 30
190 3
190 172
191 115
191 35
191 187
191 10
191 137
192 129
192 12
192 16
192 68
192 12
193 21
193 14
193 183
193 46
193 10
194 0
194 102
194 146
194 4
194 13
195 63
195 1
195 62
195 100
195 107
196 16
196 59
196 167
196 122
196 56
197 194
197 184
197 145
197 76
197 142
198 13
198 76
198 79
198 152
198 2
199 17
199 121
199 9
199 106
199 46
200 47
200 197
200 131
200 63
200 123
201 37
201 2
201 7
201 5
201 15
202 192
202 23
202 91
202 38
202 1
203 161
203 24
203 47
203 27
203 20
204 7
204 2
204 90
204 131
204 67
205 94
205 9
205 102
205 47
205 2
206 0
206 50
206 36
206 99
206 132
207 107
207 130
207 14
207 161
207 48
208 57
208 0
208 176
208 3
208 42
209 112
209 88
209 194
209 81
209 37
210 189
210 12
210 12
210 59
210 13
211 81
211 119
211 19
211 92
211 39
212 52
212 82
212 3
212 206
212 26
213 102
213 0
213 95
213 139
213 107
214 68
214 47
214 158
214 136
214 38
215 192
215 33
215 26
215 3
215 94
216 0
216 180
216 8
216 13
216 140
217 88
217 156
217 79
217 47
217 194
218 3
218 1
218 173
218 82
218 64
219 2
219 171
219 7
219 203
219 22
220 108
220 42
220 23
220 110
220 123
221 10
221 129
221 49
221 22
221 25
222 55
222 68
222 59
222 221
222 78
223 33
223 30
223 53
223 2
223 188
224 59
224 111
224 33
224 35
224 6
225 37
225 95
225 34
225 1
225 140
226 69
226 37
226 2
226 116
226 82
227 70
227 40
227 205
227 9
227 119
228 13
228 73
228 135
228 31
228 44
229 2
229 113
229 84
229 225
229 49
230 119
230 152
230 173
230 219
230 60
231 42
231 140
231 65
231 67
231 83
232 108
232 125
232 211
232 146
232 157
233 17
233 5
233 164
233 91
233 153
234 115
234 125
234 110
234 137
234 19
235 150
235 40
235 155
235 25
235 109
236 109
236 78
236 115
236 231
236 2
237 122
237 59
237 101
237 80
237 43
238 23
238 2
238 50
238 157
238 116
239 63
239 192
239 172
239 19
239 23
240 26
240 69
240 47
240 52
240 16
241 79
241 213
241 217
241 63
241 141
242 20
242 217
242 118
242 200
242 19
243 9
243 5
243 71
243 177
243 34
244 138
244 224
244 146
244 221
244 14
245 51
245 213
245 68
245 36
245 5
246 73
246 31
246 14
246 163
246 22
247 22
247 10
247 221
247 101
247 26
248 159
248 149
248 49
248 53
248 5
249 97
249 24
249 70
249 179
249 37