#GRAPH (#nodes #edges id uu vv ww xx yy zz):
#250 1482 geo(0,{250,100,3,0.0145,0.000,0.000}) 100 
# 
VERTICES (index name u v w x y z):
0 0
1 1
2 2
3 3
4 4
5 5
6 6
7 7
8 8
9 9
10 10
11 11
12 12
13 13
14 14
15 15
16 16
17 17
18 18
19 19
20 20
21 21
22 22
23 23
24 24
25 25
26 26
27 27
28 28
29 29
30 30
31 31
32 32
33 33
34 34
35 35
36 36
37 37
38 38
39 39
40 40
41 41
42 42
43 43
44 44
45 45
46 46
47 47
48 48
49 49
50 50
51 51
52 52
53 53
54 54
55 55
56 56
57 57
58 58
59 59
60 60
61 61
62 62
63 63
64 64
65 65
66 66
67 67
68 68
69 69
70 70
71 71
72 72
73 73
74 74
75 75
76 76
77 77
78 78
79 79
80 80
81 81
82 82
83 83
84 84
85 85
86 86
87 87
88 88
89 89
90 90
91 91
92 92
93 93
94 94
95 95
96 96
97 97
98 98
99 99
100 100
101 101
102 102
103 103
104 104
105 105
106 106
107 107
108 108
109 109
110 110
111 111
112 112
113 113
114 114
115 115
116 116
117 117
118 118
119 119
120 120
121 121
122 122
123 123
124 124
125 125
126 126
127 127
128 128
129 129
130 130
131 131
132 132
133 133
134 134
135 135
136 136
137 137
138 138
139 139
140 140
141 141
142 142
143 143
144 144
145 145
146 146
147 147
148 148
149 149
150 150
151 151
152 152
153 153
154 154
155 155
156 156
157 157
158 158
159 159
160 160
161 161
162 162
163 163
164 164
165 165
166 166
167 167
168 168
169 169
170 170
171 171
172 172
173 173
174 174
175 175
176 176
177 177
178 178
179 179
180 180
181 181
182 182
183 183
184 184
185 185
186 186
187 187
188 188
189 189
190 190
191 191
192 192
193 193
194 194
195 195
196 196
197 197
198 198
199 199
200 200
201 201
202 202
203 203
204 204
205 205
206 206
207 207
208 208
209 209
210 210
211 211
212 212
213 213
214 214
215 215
216 216
217 217
218 218
219 219
220 220
221 221
222 222
223 223
224 224
225 225
226 226
227 227
228 228
229 229
230 230
231 231
232 232
233 233
234 234
235 235
236 236
237 237
238 238
239 239
240 240
241 241
242 242
243 243
244 244
245 245
246 246
247 247
248 248
249 249
#
EDGES (from-node to-node length a b):
0 1
2 0
2 0
2 1
2 0
2 0
2 1
3 0
3 0
3 0
3 1
4 2
4 3
4 3
4 0
4 1
4 0
5 2
5 4
5 1
5 4
5 3
6 5
6 5
6 3
6 3
6 4
7 3
7 0
7 0
7 6
7 5
7 6
8 1
8 1
8 4
8 3
8 3
8 1
9 8
9 8
9 3
9 6
9 4
9 6
10 4
10 7
10 6
10 5
10 0
11 4
11 6
11 4
11 5
11 0
11 0
12 6
12 4
12 0
12 11
12 6
12 7
13 9
13 5
13 6
13 9
13 6
13 0
14 5
14 6
14 8
14 8
14 13
14 12
15 4
15 1
15 14
15 12
15 0
15 5
16 9
16 6
16 15
16 12
16 1
16 10
17 16
17 13
17 15
17 16
17 3
17 6
18 1
18 15
18 0
18 13
18 0
18 8
19 8
19 5
19 6
19 11
19 14
19 3
20 18
20 8
20 15
20 7
20 19
20 14
21 7
21 12
21 6
21 16
21 1
21 3
22 1
22 6
22 12
22 7
22 18
22 11
23 3
23 19
23 22
23 12
23 12
23 10
24 11
24 19
24 0
24 17
24 0
24 6
25 19
25 20
25 12
25 6
25 8
25 6
26 5
26 3
26 5
26 1
26 12
26 20
27 10
27 6
27 12
27 12
27 19
27 11
28 10
28 4
28 21
28 8
28 11
28 0
29 5
29 11
29 3
29 0
29 5
29 1
30 12
30 8
30 26
30 14
30 1
30 18
31 29
31 18
31 20
31 11
31 5
31 3
32 7
32 1
32 9
32 9
32 1
32 26
33 23
33 23
33 26
33 4
33 13
33 16
34 14
34 13
34 5
34 29
34 7
34 20
35 18
35 20
35 27
35 23
35 30
35 20
36 26
36 26
36 3
36 10
36 11
36 15
37 7
37 6
37 12
37 24
37 5
37 11
38 6
38 8
38 14
38 18
38 29
38 4
39 32
39 20
39 34
39 12
39 31
39 33
40 21
40 5
40 12
40 3
40 12
40 18
41 21
41 4
41 23
41 15
41 37
41 11
42 25
42 38
42 12
42 27
42 3
42 6
43 25
43 30
43 5
43 5
43 24
43 3
44 10
44 25
44 18
44 21
44 5
44 3
45 7
45 28
45 34
45 13
45 5
45 25
46 10
46 11
46 15
46 25
46 20
46 43
47 13
47 28
47 18
47 6
47 5
47 13
48 4
48 20
48 35
48 28
48 6
48 26
49 7
49 28
49 1
49 43
49 0
49 24
50 40
50 13
50 4
50 13
50 25
50 25
51 37
51 8
51 17
51 14
51 35
51 35
52 42
52 12
52 42
52 19
52 37
52 46
53 10
53 1
53 6
53 23
53 9
53 46
54 38
54 8
54 49
54 4
54 23
54 17
55 37
55 33
55 13
55 49
55 19
56 14
56 9
56 21
56 23
56 8
56 26
57 18
57 30
57 13
57 15
57 20
57 17
58 54
58 12
58 21
58 18
58 24
58 33
59 35
59 1
59 11
59 0
59 17
59 41
60 36
60 18
60 12
60 12
60 55
60 28
61 12
61 24
61 31
61 18
61 37
61 24
62 3
62 5
62 20
62 36
62 12
62 13
63 21
63 24
63 58
63 1
63 9
63 28
64 5
64 44
64 19
64 13
64 16
64 4
65 6
65 24
65 5
65 6
65 37
65 16
66 0
66 42
66 3
66 0
66 15
66 12
67 6
67 37
67 31
67 23
67 45
67 0
68 56
68 36
68 46
68 19
68 46
68 46
69 15
69 62
69 17
69 30
69 30
69 6
70 25
70 28
70 29
70 28
70 63
70 1
71 47
71 13
71 5
71 21
71 32
71 49
72 35
72 11
72 23
72 37
72 12
72 62
73 37
73 48
73 67
73 1
73 22
73 63
74 17
74 43
74 12
74 3
74 28
74 52
75 60
75 71
75 39
75 15
75 4
75 63
76 50
76 42
76 24
76 4
76 59
76 72
77 70
77 43
77 49
77 14
77 15
77 7
78 26
78 23
78 17
78 1
78 14
78 14
79 10
79 60
79 25
79 15
79 1
79 44
80 31
80 26
80 67
80 47
80 19
80 57
81 16
81 53
81 26
81 40
81 15
81 20
82 45
82 54
82 20
82 5
82 10
82 22
83 70
83 72
83 33
83 40
83 24
83 0
84 4
84 23
84 73
84 73
84 15
85 47
85 54
85 35
85 29
85 81
85 65
86 4
86 8
86 85
86 16
86 65
86 45
87 76
87 28
87 31
87 27
87 30
87 29
88 63
88 62
88 76
88 5
88 81
88 52
89 42
89 81
89 12
89 19
89 72
89 38
90 87
90 21
90 19
90 78
90 0
90 81
91 48
91 7
91 20
91 50
91 18
91 45
92 30
92 64
92 7
92 23
92 76
92 89
93 31
93 15
93 20
93 91
93 1
93 1
94 45
94 41
94 5
94 8
94 63
94 35
95 41
95 17
95 33
95 4
95 48
95 4
96 24
96 11
96 25
96 30
96 11
96 35
97 41
97 88
97 61
97 7
97 66
97 75
98 42
98 38
98 90
98 29
98 75
98 6
99 26
99 38
99 36
99 72
99 10
99 7
100 56
100 20
100 20
100 71
100 9
100 31
101 66
101 17
101 89
101 9
101 56
101 39
102 13
102 67
102 24
102 75
102 5
102 55
103 48
103 83
103 89
103 12
103 25
103 44
104 51
104 37
104 14
104 47
104 75
104 65
105 15
105 96
105 12
105 53
105 67
105 62
106 86
106 31
106 15
106 81
106 37
106 5
107 8
107 0
107 0
107 11
107 21
107 47
108 49
108 15
108 12
108 24
108 89
108 62
109 10
109 90
109 35
109 18
109 58
109 4
110 81
110 27
110 45
110 10
110 65
110 11
111 10
111 8
111 18
111 31
111 110
111 93
112 13
112 89
112 13
112 76
112 50
112 37
113 5
113 76
113 12
113 64
113 55
113 54
114 67
114 23
114 14
114 61
114 39
114 25
115 35
115 48
115 61
115 98
115 38
115 10
116 80
116 2
116 25
116 0
116 81
116 0
117 5
117 15
117 26
117 30
117 61
117 16
118 25
118 6
118 46
118 91
118 29
118 76
119 15
119 62
119 41
119 18
119 10
119 85
120 21
120 32
120 49
120 107
120 13
120 7
121 14
121 9
121 88
121 38
121 83
121 10
122 110
122 43
122 93
122 30
122 77
122 12
123 6
123 58
123 110
123 53
123 94
123 109
124 7
124 4
124 32
124 7
124 117
124 28
125 95
125 114
125 53
125 10
125 55
125 31
126 68
126 78
126 82
126 90
126 12
126 67
127 17
127 70
127 72
127 99
127 99
127 12
128 25
128 26
128 79
128 5
128 31
128 32
129 83
129 121
129 73
129 6
129 32
129 12
130 25
130 3
130 23
130 86
130 3
130 49
131 48
131 36
131 33
131 5
131 0
131 34
132 122
132 53
132 49
132 46
132 108
132 72
133 3
133 111
133 106
133 45
133 0
133 110
134 29
134 35
134 83
134 118
134 14
134 13
135 47
135 35
135 48
135 5
135 23
135 55
136 41
136 4
136 12
136 114
136 97
136 0
137 9
137 8
137 52
137 44
137 118
137 18
138 12
138 13
138 32
138 99
138 122
138 30
139 44
139 126
139 72
139 78
139 20
139 103
140 139
140 21
140 114
140 37
140 42
140 19
141 11
141 28
141 42
141 133
141 10
141 116
142 12
142 57
142 1
142 106
142 42
142 43
143 95
143 5
143 19
143 130
143 33
143 7
144 88
144 10
144 1
144 30
144 35
144 59
145 104
145 24
145 12
145 130
145 89
145 118
146 72
146 53
146 20
146 128
146 6
146 32
147 14
147 104
147 15
147 30
147 144
147 108
148 14
148 33
148 3
148 14
148 54
148 49
149 106
149 72
149 15
149 79
149 12
149 24
150 145
150 48
150 24
150 23
150 45
150 102
151 33
151 6
151 25
151 17
151 6
151 23
152 14
152 18
152 22
152 66
152 6
152 44
153 63
153 4
153 107
153 35
153 32
153 15
154 12
154 3
154 8
154 13
154 4
154 72
155 32
155 62
155 34
155 17
155 3
155 72
156 5
156 26
156 38
156 81
156 136
156 3
157 11
157 152
157 67
157 25
157 62
157 5
158 35
158 140
158 48
158 20
158 5
158 119
159 121
159 78
159 31
159 42
159 9
159 3
160 6
160 43
160 1
160 131
160 158
160 3
161 107
161 83
161 76
161 36
161 12
161 34
162 55
162 65
162 4
162 70
162 96
162 145
163 106
163 14
163 139
163 65
163 89
163 75
164 106
164 37
164 106
164 6
164 88
164 54
165 67
165 11
165 120
165 83
165 7
165 106
166 37
166 28
166 42
166 8
166 18
166 4
167 86
167 37
167 26
167 33
167 136
167 41
168 9
168 46
168 24
168 12
168 119
168 3
169 24
169 16
169 93
169 72
169 106
169 12
170 10
170 30
170 85
170 45
170 42
170 21
171 144
171 8
171 61
171 92
171 5
171 3
172 86
172 88
172 130
172 58
172 6
172 152
173 20
173 30
173 1
173 8
173 15
173 12
174 159
174 10
174 98
174 25
174 54
174 121
175 18
175 136
175 170
175 4
175 134
175 62
176 14
176 7
176 14
176 21
176 171
176 63
177 121
177 54
177 68
177 29
177 42
177 88
178 12
178 167
178 72
178 33
178 116
178 18
179 15
179 174
179 23
179 146
179 60
179 49
180 55
180 86
180 33
180 8
180 51
180 4
181 149
181 68
181 91
181 68
181 21
181 43
182 174
182 5
182 28
182 163
182 70
182 51
183 85
183 0
183 15
183 148
183 107
183 26
184 2
184 20
184 59
184 158
184 79
184 36
185 62
185 81
185 176
185 52
185 82
185 163
186 45
186 144
186 12
186 54
186 152
186 91
187 26
187 72
187 70
187 91
187 70
187 4
188 31
188 26
188 55
188 124
188 114
188 13
189 54
189 161
189 61
189 26
189 21
189 25
190 15
190 3
190 68
190 63
190 9
190 186
191 61
191 38
191 106
191 138
191 160
191 12
192 123
192 68
192 116
192 90
192 186
192 69
193 26
193 58
193 30
193 26
193 81
193 7
194 168
194 6
194 12
194 0
194 54
194 86
195 143
195 144
195 28
195 75
195 15
195 29
196 127
196 17
196 122
196 105
196 153
196 72
197 93
197 123
197 165
197 46
197 189
197 35
198 50
198 6
198 123
198 12
198 30
198 136
199 122
199 56
199 90
199 12
199 12
199 74
200 80
200 42
200 88
200 41
200 81
200 24
201 108
201 85
201 104
201 47
201 127
201 91
202 59
202 99
202 30
202 117
202 146
202 55
203 82
203 47
203 30
203 75
203 65
203 137
204 133
204 108
204 14
204 2
204 4
204 74
205 16
205 132
205 21
205 53
205 90
205 35
206 163
206 29
206 34
206 111
206 43
206 53
207 145
207 81
207 110
207 169
207 56
207 198
208 42
208 6
208 159
208 22
208 96
208 6
209 178
209 174
209 19
209 47
209 155
209 182
210 33
210 196
210 68
210 83
210 36
210 32
211 135
211 10
211 56
211 122
211 182
211 15
212 12
212 33
212 12
212 166
212 41
212 173
213 77
213 17
213 156
213 188
213 48
213 105
214 102
214 89
214 19
214 120
214 34
214 88
215 151
215 136
215 37
215 58
215 90
215 130
216 149
216 121
216 78
216 191
216 9
216 24
217 125
217 97
217 83
217 118
217 73
217 167
218 179
218 148
218 88
218 6
218 30
218 59
219 57
219 185
219 35
219 45
219 28
219 136
220 30
220 49
220 18
220 163
220 187
220 6
221 8
221 24
221 147
221 41
221 59
221 12
222 12
222 79
222 7
222 14
222 119
222 35
223 7
223 209
223 94
223 54
223 80
223 76
224 173
224 48
224 29
224 46
224 22
224 187
225 153
225 106
225 5
225 62
225 28
225 158
226 80
226 201
226 55
226 197
226 75
226 106
227 200
227 121
227 190
227 115
227 149
227 33
228 70
228 91
228 168
228 26
228 70
228 4
229 27
229 46
229 165
229 31
229 1
229 130
230 222
230 1
230 223
230 140
230 10
230 54
231 88
231 3
231 171
231 178
231 0
231 43
232 12
232 91
232 7
232 35
232 42
232 28
233 24
233 118
233 54
233 218
233 12
233 166
234 12
234 163
234 169
234 61
234 46
234 166
235 52
235 79
235 14
235 159
235 9
235 52
236 172
236 72
236 97
236 147
236 39
236 182
237 191
237 1
237 49
237 14
237 207
237 75
238 73
238 182
238 29
238 211
238 164
238 24
239 42
239 19
239 163
239 183
239 118
239 98
240 205
240 153
240 191
240 31
240 102
240 11
241 70
241 45
241 56
241 126
241 6
241 233
242 56
242 12
242 239
242 54
242 41
242 99
243 165
243 206
243 191
243 69
243 16
243 68
244 7
244 103
244 67
244 197
244 204
244 7
245 141
245 28
245 172
245 59
245 74
245 107
246 4
246 96
246 158
246 1
246 63
246 16
247 5
247 53
247 8
247 11
247 57
247 61
248 23
248 152
248 43
248 82
248 169
248 45
249 123
249 116
249 102
249 80
249 58
249 92