#GRAPH (#nodes #edges id uu vv ww xx yy zz):
#250 988 geo(0,{250,100,3,0.0145,0.000,0.000}) 100 
# 
VERTICES (index name u v w x y z):
0 0
1 1
2 2
3 3
4 4
5 5
6 6
7 7
8 8
9 9
10 10
11 11
12 12
13 13
14 14
15 15
16 16
17 17
18 18
19 19
20 20
21 21
22 22
23 23
24 24
25 25
26 26
27 27
28 28
29 29
30 30
31 31
32 32
33 33
34 34
35 35
36 36
37 37
38 38
39 39
40 40
41 41
42 42
43 43
44 44
45 45
46 46
47 47
48 48
49 49
50 50
51 51
52 52
53 53
54 54
55 55
56 56
57 57
58 58
59 59
60 60
61 61
62 62
63 63
64 64
65 65
66 66
67 67
68 68
69 69
70 70
71 71
72 72
73 73
74 74
75 75
76 76
77 77
78 78
79 79
80 80
81 81
82 82
83 83
84 84
85 85
86 86
87 87
88 88
89 89
90 90
91 91
92 92
93 93
94 94
95 95
96 96
97 97
98 98
99 99
100 100
101 101
102 102
103 103
104 104
105 105
106 106
107 107
108 108
109 109
110 110
111 111
112 112
113 113
114 114
115 115
116 116
117 117
118 118
119 119
120 120
121 121
122 122
123 123
124 124
125 125
126 126
127 127
128 128
129 129
130 130
131 131
132 132
133 133
134 134
135 135
136 136
137 137
138 138
139 139
140 140
141 141
142 142
143 143
144 144
145 145
146 146
147 147
148 148
149 149
150 150
151 151
152 152
153 153
154 154
155 155
156 156
157 157
158 158
159 159
160 160
161 161
162 162
163 163
164 164
165 165
166 166
167 167
168 168
169 169
170 170
171 171
172 172
173 173
174 174
175 175
176 176
177 177
178 178
179 179
180 180
181 181
182 182
183 183
184 184
185 185
186 186
187 187
188 188
189 189
190 190
191 191
192 192
193 193
194 194
195 195
196 196
197 197
198 198
199 199
200 200
201 201
202 202
203 203
204 204
205 205
206 206
207 207
208 208
209 209
210 210
211 211
212 212
213 213
214 214
215 215
216 216
217 217
218 218
219 219
220 220
221 221
222 222
223 223
224 224
225 225
226 226
227 227
228 228
229 229
230 230
231 231
232 232
233 233
234 234
235 235
236 236
237 237
238 238
239 239
240 240
241 241
242 242
243 243
244 244
245 245
246 246
247 247
248 248
249 249
#
EDGES (from-node to-node length a b):
0 1
2 0
2 0
2 0
3 0
3 0
3 0
3 1
4 2
4 2
4 1
4 1
5 4
5 2
5 4
5 3
6 0
6 3
6 3
6 2
7 0
7 5
7 1
8 2
8 0
8 2
8 1
9 6
9 8
9 1
9 5
10 8
10 5
10 2
10 0
11 9
11 6
11 6
11 10
12 11
12 11
12 8
12 2
13 10
13 11
13 6
13 0
14 1
14 2
14 3
14 6
15 5
15 8
15 7
15 1
16 10
16 5
16 7
16 13
17 15
17 8
17 12
17 15
18 11
18 3
18 12
18 0
19 10
19 12
19 5
19 11
20 0
20 5
20 11
21 15
21 12
21 2
21 7
22 11
22 18
22 11
22 3
23 13
23 4
23 3
23 15
24 11
24 13
24 9
24 18
25 22
25 12
25 8
25 7
26 22
26 11
26 14
26 0
27 0
27 19
27 3
27 4
28 0
28 10
28 24
28 0
29 6
29 8
29 15
30 21
30 12
30 5
30 10
31 3
31 19
31 3
31 5
32 0
32 9
32 13
32 24
33 24
33 18
33 4
33 9
34 1
34 10
34 26
34 0
35 12
35 4
35 5
35 1
36 3
36 23
36 17
37 12
37 6
37 29
37 28
38 0
38 15
38 32
38 3
39 12
39 0
39 31
39 23
40 39
40 13
40 11
40 33
41 1
41 19
41 9
41 35
42 0
42 10
42 6
42 3
43 9
43 39
43 25
43 19
44 12
44 15
44 41
44 13
45 3
45 19
45 34
45 9
46 28
46 6
46 24
46 35
47 8
47 19
47 41
47 19
48 12
48 19
48 2
48 28
49 48
49 33
49 10
49 35
50 44
50 0
50 28
50 3
51 35
51 0
51 1
51 13
52 5
52 51
52 0
52 44
53 16
53 40
53 51
53 27
54 10
54 34
54 40
54 36
55 44
55 50
55 43
55 24
56 36
56 11
56 11
56 50
57 43
57 43
57 19
57 5
58 12
58 40
58 40
58 6
59 58
59 41
59 23
59 12
60 18
60 12
60 41
60 8
61 7
61 53
61 1
61 8
62 1
62 54
62 17
62 8
63 1
63 44
63 4
63 37
64 52
64 7
64 2
64 0
65 19
65 47
65 40
65 13
66 34
66 26
66 8
66 36
67 45
67 3
67 44
67 8
68 60
68 60
68 9
68 35
69 55
69 0
69 19
69 0
70 1
70 37
70 53
70 27
71 32
71 41
71 27
71 53
72 7
72 34
72 8
72 13
73 71
73 17
73 53
73 42
74 69
74 5
74 15
74 51
75 19
75 5
75 19
75 65
76 60
76 64
76 35
76 49
77 29
77 11
77 65
77 13
78 15
78 33
78 41
78 41
79 5
79 1
79 12
79 18
80 57
80 68
80 19
80 2
81 70
81 29
81 17
81 28
82 24
82 76
82 8
82 22
83 33
83 70
83 31
83 43
84 13
84 5
84 8
84 64
85 65
85 42
85 40
85 72
86 69
86 33
86 9
86 75
87 2
87 18
87 14
87 75
88 13
88 50
88 42
88 3
89 48
89 19
89 42
89 10
90 32
90 53
90 11
90 17
91 36
91 79
91 37
91 76
92 13
92 76
92 21
92 17
93 86
93 74
93 1
93 65
94 15
94 26
94 61
94 44
95 14
95 2
95 14
95 40
96 65
96 88
96 43
96 46
97 67
97 55
97 96
97 13
98 28
98 1
98 94
98 76
99 40
99 48
99 71
99 12
100 85
100 15
100 15
100 92
101 64
101 13
101 76
101 40
102 12
102 44
102 24
102 92
103 12
103 56
103 16
103 17
104 72
104 13
104 49
104 72
105 2
105 12
105 98
105 45
106 44
106 25
106 19
106 29
107 50
107 45
107 24
107 95
108 100
108 74
108 26
108 101
109 34
109 90
109 0
109 0
110 11
110 9
110 80
110 5
111 63
111 42
111 8
111 6
112 19
112 1
112 73
112 56
113 18
113 55
113 17
113 12
114 83
114 76
114 2
114 19
115 12
115 33
115 1
115 108
116 32
116 48
116 87
116 9
117 56
117 113
117 15
117 85
118 41
118 6
118 31
118 86
119 54
119 52
119 118
119 28
120 3
120 3
120 7
120 97
121 37
121 32
121 55
121 8
122 92
122 44
122 23
122 3
123 56
123 89
123 81
123 9
124 61
124 54
124 27
124 41
125 29
125 72
125 1
125 10
126 48
126 122
126 123
126 94
127 82
127 116
127 12
127 28
128 14
128 18
128 118
128 17
129 12
129 72
129 108
129 105
130 0
130 83
130 64
130 1
131 11
131 57
131 16
131 56
132 9
132 80
132 1
132 34
133 12
133 84
133 84
133 58
134 73
134 7
134 39
134 24
135 6
135 56
135 58
135 111
136 61
136 63
136 32
136 122
137 101
137 63
137 81
137 12
138 112
138 43
138 11
138 5
139 3
139 117
139 83
139 11
140 13
140 19
140 45
140 19
141 71
141 24
141 115
141 136
142 7
142 21
142 19
142 106
143 11
143 2
143 24
143 25
144 33
144 117
144 41
144 3
145 27
145 56
145 8
145 9
146 0
146 13
146 5
146 111
147 69
147 119
147 100
147 69
148 72
148 136
148 99
148 71
149 49
149 133
149 71
149 50
150 69
150 11
150 27
150 41
151 67
151 6
151 36
151 109
152 143
152 12
152 0
152 72
153 119
153 18
153 51
153 40
154 15
154 37
154 6
154 22
155 33
155 28
155 11
155 9
156 12
156 76
156 62
156 111
157 46
157 25
157 40
157 87
158 10
158 27
158 138
158 155
159 56
159 12
159 10
159 25
160 50
160 122
160 145
160 8
161 40
161 23
161 142
161 112
162 121
162 75
162 41
162 3
163 113
163 159
163 6
163 44
164 91
164 62
164 44
164 25
165 154
165 121
165 18
165 25
166 36
166 12
166 12
166 153
167 6
167 55
167 53
167 18
168 76
168 104
168 127
168 89
169 10
169 17
169 2
169 139
170 76
170 85
170 24
170 37
171 101
171 63
171 2
171 148
172 64
172 1
172 8
172 49
173 24
173 133
173 71
173 14
174 143
174 10
174 24
174 48
175 45
175 17
175 57
175 25
176 94
176 21
176 159
176 10
177 118
177 86
177 9
177 32
178 43
178 113
178 169
178 93
179 52
179 19
179 109
179 122
180 163
180 17
180 160
180 27
181 117
181 1
181 84
181 46
182 119
182 111
182 151
182 57
183 61
183 65
183 151
183 148
184 24
184 84
184 41
184 42
185 154
185 1
185 99
185 177
186 55
186 15
186 43
186 92
187 36
187 10
187 5
187 61
188 127
188 8
188 119
188 73
189 1
189 2
189 9
189 30
190 159
190 24
190 34
190 96
191 12
191 61
191 62
191 27
192 16
192 111
192 91
192 88
193 143
193 55
193 8
193 9
194 65
194 78
194 42
194 95
195 78
195 185
195 63
195 40
196 69
196 30
196 1
196 6
197 159
197 107
197 112
197 121
198 168
198 18
198 15
198 3
199 65
199 43
199 133
199 41
200 148
200 15
200 42
200 12
201 151
201 39
201 143
201 120
202 152
202 17
202 79
202 162
203 24
203 105
203 14
203 7
204 183
204 8
204 70
204 161
205 112
205 32
205 61
205 178
206 91
206 60
206 65
206 135
207 11
207 43
207 201
207 12
208 32
208 52
208 32
208 53
209 34
209 40
209 10
209 44
210 65
210 1
210 29
210 53
211 44
211 39
211 122
211 34
212 0
212 84
212 13
212 60
213 15
213 165
213 135
213 21
214 48
214 81
214 55
214 3
215 23
215 8
215 1
215 93
216 13
216 94
216 24
216 194
217 71
217 64
217 207
217 13
218 52
218 71
218 97
218 12
219 118
219 98
219 40
219 94
220 118
220 0
220 170
220 45
221 94
221 48
221 12
221 29
222 41
222 98
222 152
222 148
223 171
223 82
223 206
223 72
224 25
224 62
224 149
224 11
225 199
225 13
225 5
225 15
226 12
226 1
226 214
226 116
227 0
227 82
227 18
227 83
228 78
228 169
228 58
228 113
229 227
229 40
229 92
229 177
230 184
230 20
230 31
230 144
231 95
231 111
231 45
231 118
232 105
232 94
232 120
232 93
233 40
233 207
233 159
233 7
234 103
234 64
234 38
234 5
235 91
235 120
235 91
235 119
236 171
236 113
236 73
236 157
237 106
237 2
237 105
237 64
238 10
238 79
238 7
238 13
239 98
239 6
239 13
239 185
240 126
240 207
240 111
240 74
241 83
241 45
241 92
241 0
242 95
242 29
242 12
242 42
243 186
243 127
243 6
243 12
244 43
244 0
244 37
244 207
245 10
245 125
245 129
245 45
246 154
246 5
246 190
246 12
247 48
247 1
247 218
247 37
248 151
248 112
248 148
248 76
249 200
249 193
249 152
249 101