#GRAPH (#nodes #edges id uu vv ww xx yy zz):
#250 742 geo(0,{250,100,3,0.0145,0.000,0.000}) 100 
# 
VERTICES (index name u v w x y z):
0 0
1 1
2 2
3 3
4 4
5 5
6 6
7 7
8 8
9 9
10 10
11 11
12 12
13 13
14 14
15 15
16 16
17 17
18 18
19 19
20 20
21 21
22 22
23 23
24 24
25 25
26 26
27 27
28 28
29 29
30 30
31 31
32 32
33 33
34 34
35 35
36 36
37 37
38 38
39 39
40 40
41 41
42 42
43 43
44 44
45 45
46 46
47 47
48 48
49 49
50 50
51 51
52 52
53 53
54 54
55 55
56 56
57 57
58 58
59 59
60 60
61 61
62 62
63 63
64 64
65 65
66 66
67 67
68 68
69 69
70 70
71 71
72 72
73 73
74 74
75 75
76 76
77 77
78 78
79 79
80 80
81 81
82 82
83 83
84 84
85 85
86 86
87 87
88 88
89 89
90 90
91 91
92 92
93 93
94 94
95 95
96 96
97 97
98 98
99 99
100 100
101 101
102 102
103 103
104 104
105 105
106 106
107 107
108 108
109 109
110 110
111 111
112 112
113 113
114 114
115 115
116 116
117 117
118 118
119 119
120 120
121 121
122 122
123 123
124 124
125 125
126 126
127 127
128 128
129 129
130 130
131 131
132 132
133 133
134 134
135 135
136 136
137 137
138 138
139 139
140 140
141 141
142 142
143 143
144 144
145 145
146 146
147 147
148 148
149 149
150 150
151 151
152 152
153 153
154 154
155 155
156 156
157 157
158 158
159 159
160 160
161 161
162 162
163 163
164 164
165 165
166 166
167 167
168 168
169 169
170 170
171 171
172 172
173 173
174 174
175 175
176 176
177 177
178 178
179 179
180 180
181 181
182 182
183 183
184 184
185 185
186 186
187 187
188 188
189 189
190 190
191 191
192 192
193 193
194 194
195 195
196 196
197 197
198 198
199 199
200 200
201 201
202 202
203 203
204 204
205 205
206 206
207 207
208 208
209 209
210 210
211 211
212 212
213 213
214 214
215 215
216 216
217 217
218 218
219 219
220 220
221 221
222 222
223 223
224 224
225 225
226 226
227 227
228 228
229 229
230 230
231 231
232 232
233 233
234 234
235 235
236 236
237 237
238 238
239 239
240 240
241 241
242 242
243 243
244 244
245 245
246 246
247 247
248 248
249 249
#
EDGES (from-node to-node length a b):
0 1
2 0
2 0
2 0
3 0
3 1
3 0
4 3
4 3
4 1
5 1
5 0
5 0
6 4
6 1
7 0
7 2
7 4
8 0
8 3
8 2
9 3
9 0
9 3
10 1
10 1
10 5
11 3
11 10
11 3
12 0
12 4
12 11
13 0
13 3
13 1
14 0
14 4
14 10
15 3
15 11
15 11
16 7
16 14
16 7
17 0
17 11
17 0
18 7
18 0
18 15
19 4
19 9
19 9
20 14
20 12
20 12
21 1
21 18
21 4
22 17
22 7
22 13
23 13
23 17
23 17
24 13
24 13
24 9
25 20
25 7
25 11
26 4
26 2
26 13
27 7
27 3
27 6
28 12
28 24
28 19
29 0
29 13
29 8
30 23
30 9
30 2
31 1
31 17
31 11
32 11
32 4
32 15
33 0
33 0
33 0
34 7
34 31
34 31
35 9
35 11
35 11
36 12
36 16
36 9
37 0
37 11
37 4
38 18
38 6
39 12
39 11
39 10
40 37
40 15
40 26
41 1
41 11
41 16
42 37
42 18
42 37
43 22
43 4
43 4
44 12
44 0
44 11
45 11
45 34
45 29
46 37
46 16
46 2
47 26
47 36
47 3
48 12
48 4
48 34
49 0
49 37
49 15
50 23
50 20
51 24
51 14
51 4
52 16
52 37
52 31
53 9
53 49
53 7
54 4
54 8
54 1
55 11
55 3
55 39
56 18
56 46
56 1
57 2
57 23
57 1
58 51
58 20
58 48
59 38
59 18
59 7
60 2
60 37
60 49
61 4
61 47
61 55
62 0
62 1
62 34
63 58
63 13
63 37
64 4
64 1
64 17
65 25
65 28
65 7
66 12
66 15
66 20
67 34
67 1
67 0
68 32
68 55
68 57
69 41
69 24
69 11
70 12
70 54
70 12
71 18
71 11
71 41
72 63
72 4
72 31
73 4
73 14
73 66
74 4
74 4
74 51
75 25
75 7
75 51
76 49
76 10
76 11
77 22
77 65
77 0
78 19
78 3
78 16
79 31
79 1
79 18
80 11
80 14
80 77
81 9
81 80
81 1
82 4
82 41
82 72
83 65
83 15
83 67
84 4
84 38
84 66
85 41
85 50
85 37
86 31
86 35
86 42
87 1
87 12
87 61
88 85
88 80
88 61
89 18
89 30
89 24
90 37
90 16
90 81
91 57
91 13
91 0
92 15
92 9
92 18
93 15
93 68
93 50
94 56
94 68
94 4
95 72
95 56
95 22
96 16
96 8
96 20
97 67
97 18
97 81
98 47
98 0
98 24
99 22
99 79
99 12
100 15
100 47
100 84
101 11
101 86
101 4
102 52
102 29
102 34
103 20
103 23
103 32
104 25
104 4
104 9
105 61
105 103
105 84
106 31
106 13
106 44
107 84
107 75
107 0
108 22
108 67
108 4
109 15
109 64
109 105
110 12
110 46
110 50
111 13
111 52
111 94
112 12
112 82
112 57
113 78
113 35
113 25
114 64
114 4
114 67
115 3
115 36
115 75
116 115
116 77
116 36
117 4
117 61
117 64
118 0
118 52
118 26
119 7
119 83
119 53
120 108
120 103
120 119
121 11
121 49
121 14
122 71
122 12
122 3
123 57
123 69
123 79
124 82
124 17
124 18
125 52
125 49
125 84
126 94
126 81
126 37
127 106
127 1
127 4
128 3
128 5
128 17
129 44
129 91
129 71
130 3
130 11
130 119
131 38
131 18
131 104
132 52
132 77
132 113
133 98
133 65
133 23
134 10
134 94
134 5
135 1
135 84
135 65
136 3
136 110
136 6
137 71
137 45
137 11
138 52
138 78
138 22
139 41
139 34
139 85
140 103
140 21
140 0
141 117
141 9
141 90
142 42
142 13
142 129
143 12
143 25
143 13
144 120
144 14
144 131
145 136
145 91
145 106
146 64
146 3
146 0
147 1
147 9
147 95
148 18
148 46
148 109
149 105
149 104
149 64
150 45
150 27
150 64
151 94
151 24
151 127
152 7
152 11
152 15
153 23
153 105
153 65
154 97
154 44
154 53
155 13
155 6
155 81
156 78
156 79
156 21
157 109
157 21
157 52
158 57
158 58
158 60
159 22
159 106
159 47
160 1
160 2
160 76
161 111
161 78
161 22
162 31
162 8
162 22
163 76
163 24
163 9
164 51
164 15
164 66
165 42
165 18
165 64
166 4
166 1
166 25
167 9
167 8
167 14
168 10
168 17
168 65
169 31
169 3
169 0
170 61
170 76
170 69
171 170
171 34
171 65
172 51
172 94
172 7
173 7
173 163
173 63
174 61
174 94
174 60
175 80
175 75
175 0
176 0
176 129
176 7
177 46
177 75
177 4
178 50
178 111
178 108
179 40
179 7
179 44
180 0
180 7
180 79
181 106
181 175
181 76
182 43
182 34
182 41
183 68
183 168
183 80
184 78
184 41
184 59
185 15
185 65
185 79
186 120
186 0
186 111
187 61
187 52
187 161
188 43
188 41
188 103
189 149
189 77
189 68
190 130
190 142
190 86
191 49
191 56
191 44
192 127
192 140
192 124
193 8
193 15
193 41
194 7
194 175
194 143
195 11
195 139
195 120
196 15
196 4
196 41
197 51
197 12
197 12
198 13
198 22
198 57
199 1
199 49
199 196
200 94
200 24
200 161
201 139
201 87
201 0
202 58
202 32
202 150
203 78
203 94
203 65
204 5
204 78
204 18
205 188
205 4
205 184
206 175
206 0
206 19
207 14
207 57
207 141
208 149
208 51
208 1
209 13
209 23
209 43
210 84
210 15
210 34
211 95
211 11
211 177
212 22
212 1
212 94
213 40
213 41
213 95
214 103
214 108
214 120
215 114
215 52
215 168
216 41
216 13
216 150
217 8
217 104
217 55
218 45
218 120
218 189
219 95
219 16
219 4
220 105
220 49
220 52
221 154
221 26
221 119
222 131
222 148
222 57
223 23
223 24
223 97
224 11
224 36
224 132
225 2
225 1
225 14
226 67
226 5
226 203
227 0
227 202
227 64
228 198
228 97
228 176
229 31
229 168
229 15
230 21
230 79
230 10
231 18
231 86
231 172
232 15
232 15
232 74
233 11
233 11
233 16
234 9
234 18
234 203
235 146
235 90
235 11
236 40
236 79
236 184
237 37
237 1
237 62
238 136
238 4
238 145
239 209
239 6
239 31
240 23
240 39
240 106
241 151
241 143
241 22
242 140
242 5
242 61
243 72
243 1
243 21
244 153
244 0
244 100
245 41
245 15
245 69
246 107
246 245
246 42
247 2
247 15
247 0
248 23
248 32
248 64
249 7
249 161
249 15