#GRAPH (#nodes #edges id uu vv ww xx yy zz):
#250 1734 geo(0,{250,100,3,0.0145,0.000,0.000}) 100 
# 
VERTICES (index name u v w x y z):
0 0
1 1
2 2
3 3
4 4
5 5
6 6
7 7
8 8
9 9
10 10
11 11
12 12
13 13
14 14
15 15
16 16
17 17
18 18
19 19
20 20
21 21
22 22
23 23
24 24
25 25
26 26
27 27
28 28
29 29
30 30
31 31
32 32
33 33
34 34
35 35
36 36
37 37
38 38
39 39
40 40
41 41
42 42
43 43
44 44
45 45
46 46
47 47
48 48
49 49
50 50
51 51
52 52
53 53
54 54
55 55
56 56
57 57
58 58
59 59
60 60
61 61
62 62
63 63
64 64
65 65
66 66
67 67
68 68
69 69
70 70
71 71
72 72
73 73
74 74
75 75
76 76
77 77
78 78
79 79
80 80
81 81
82 82
83 83
84 84
85 85
86 86
87 87
88 88
89 89
90 90
91 91
92 92
93 93
94 94
95 95
96 96
97 97
98 98
99 99
100 100
101 101
102 102
103 103
104 104
105 105
106 106
107 107
108 108
109 109
110 110
111 111
112 112
113 113
114 114
115 115
116 116
117 117
118 118
119 119
120 120
121 121
122 122
123 123
124 124
125 125
126 126
127 127
128 128
129 129
130 130
131 131
132 132
133 133
134 134
135 135
136 136
137 137
138 138
139 139
140 140
141 141
142 142
143 143
144 144
145 145
146 146
147 147
148 148
149 149
150 150
151 151
152 152
153 153
154 154
155 155
156 156
157 157
158 158
159 159
160 160
161 161
162 162
163 163
164 164
165 165
166 166
167 167
168 168
169 169
170 170
171 171
172 172
173 173
174 174
175 175
176 176
177 177
178 178
179 179
180 180
181 181
182 182
183 183
184 184
185 185
186 186
187 187
188 188
189 189
190 190
191 191
192 192
193 193
194 194
195 195
196 196
197 197
198 198
199 199
200 200
201 201
202 202
203 203
204 204
205 205
206 206
207 207
208 208
209 209
210 210
211 211
212 212
213 213
214 214
215 215
216 216
217 217
218 218
219 219
220 220
221 221
222 222
223 223
224 224
225 225
226 226
227 227
228 228
229 229
230 230
231 231
232 232
233 233
234 234
235 235
236 236
237 237
238 238
239 239
240 240
241 241
242 242
243 243
244 244
245 245
246 246
247 247
248 248
249 249
#
EDGES (from-node to-node length a b):
0 1
2 0
2 0
2 0
2 0
2 1
2 1
2 0
3 1
3 1
3 0
3 2
3 0
3 2
3 1
4 2
4 0
4 2
4 0
4 1
4 0
5 3
5 2
5 2
5 3
5 4
5 2
5 1
6 3
6 3
6 1
6 3
6 0
6 2
6 2
7 5
7 3
7 5
7 1
7 0
7 3
8 5
8 7
8 0
8 1
8 6
8 6
8 0
9 5
9 6
9 6
9 7
9 0
9 0
9 1
10 4
10 5
10 7
10 2
10 0
10 8
10 2
11 7
11 3
11 2
11 7
11 1
11 6
11 6
12 8
12 3
12 1
12 5
12 10
12 11
12 8
13 10
13 6
13 8
13 9
13 8
13 9
13 6
14 10
14 7
14 5
14 0
14 0
14 1
14 0
15 6
15 1
15 7
15 10
15 4
15 5
15 13
16 8
16 1
16 8
16 5
16 15
16 1
16 0
17 4
17 7
17 7
17 3
17 14
17 10
17 1
18 0
18 13
18 0
18 7
18 7
18 2
18 15
19 15
19 6
19 13
19 12
19 15
19 6
19 15
20 18
20 0
20 14
20 2
20 13
20 4
20 14
21 18
21 11
21 19
21 11
21 9
21 16
21 13
22 5
22 20
22 10
22 20
22 6
22 1
22 3
23 13
23 17
23 13
23 1
23 1
23 7
23 1
24 13
24 20
24 11
24 9
24 17
24 0
24 1
25 5
25 9
25 7
25 23
25 23
25 20
25 18
26 5
26 16
26 16
26 4
26 8
26 1
26 5
27 5
27 12
27 16
27 15
27 5
27 12
27 15
28 21
28 17
28 13
28 9
28 2
28 13
28 2
29 3
29 20
29 13
29 0
29 13
29 23
29 14
30 28
30 16
30 11
30 7
30 29
30 6
30 0
31 1
31 18
31 29
31 2
31 9
31 18
31 30
32 20
32 30
32 22
32 29
32 7
32 31
32 22
33 30
33 23
33 2
33 19
33 18
33 11
33 24
34 5
34 32
34 23
34 13
34 22
34 14
34 3
35 7
35 9
35 7
35 32
35 4
35 6
35 25
36 14
36 1
36 22
36 22
36 33
36 13
36 13
37 2
37 17
37 5
37 23
37 0
37 19
37 24
38 9
38 26
38 32
38 0
38 1
38 6
38 36
39 13
39 1
39 0
39 36
39 6
39 0
39 3
40 15
40 3
40 11
40 25
40 21
40 3
40 27
41 32
41 30
41 17
41 0
41 20
41 24
41 13
42 17
42 35
42 16
42 41
42 4
42 32
42 16
43 8
43 28
43 13
43 33
43 28
43 1
43 2
44 14
44 28
44 6
44 35
44 8
44 7
44 3
45 34
45 7
45 40
45 2
45 25
45 3
45 0
46 16
46 39
46 16
46 16
46 33
46 17
46 13
47 37
47 2
47 35
47 10
47 0
47 12
47 39
48 29
48 13
48 2
48 27
48 43
48 47
48 12
49 48
49 10
49 7
49 2
49 20
49 31
49 33
50 7
50 28
50 13
50 4
50 8
50 3
50 30
51 40
51 44
51 18
51 37
51 33
51 3
51 31
52 25
52 43
52 5
52 29
52 35
52 2
52 38
53 50
53 45
53 30
53 35
53 8
53 20
53 43
54 10
54 22
54 1
54 34
54 11
54 2
54 24
55 49
55 16
55 0
55 34
55 33
55 8
55 19
56 29
56 38
56 53
56 42
56 36
56 37
56 16
57 31
57 29
57 32
57 19
57 10
57 4
57 29
58 29
58 7
58 19
58 13
58 0
58 1
58 13
59 20
59 6
59 2
59 1
59 8
59 50
59 6
60 23
60 9
60 36
60 30
60 54
60 26
60 13
61 15
61 20
61 8
61 8
61 31
61 38
61 1
62 24
62 20
62 2
62 8
62 61
62 43
62 27
63 26
63 20
63 36
63 17
63 44
63 20
63 1
64 4
64 19
64 51
64 8
64 29
64 29
64 45
65 26
65 50
65 22
65 11
65 50
65 21
65 20
66 21
66 65
66 53
66 34
66 21
66 20
66 6
67 27
67 52
67 28
67 47
67 51
67 66
67 48
68 15
68 56
68 2
68 15
68 13
68 28
68 27
69 53
69 56
69 5
69 23
69 1
69 38
69 12
70 5
70 41
70 45
70 38
70 13
70 15
70 17
71 20
71 5
71 15
71 53
71 55
71 7
71 17
72 21
72 1
72 45
72 22
72 41
72 15
72 31
73 17
73 0
73 36
73 34
73 38
73 46
73 68
74 1
74 51
74 45
74 38
74 45
74 54
74 11
75 42
75 18
75 8
75 6
75 53
75 61
75 48
76 68
76 18
76 17
76 6
76 59
76 23
76 12
77 35
77 38
77 3
77 13
77 11
77 43
77 55
78 29
78 46
78 15
78 10
78 52
78 9
78 10
79 60
79 37
79 78
79 11
79 19
79 43
79 24
80 78
80 3
80 55
80 13
80 66
80 31
80 46
81 7
81 47
81 39
81 5
81 56
81 7
81 58
82 4
82 53
82 31
82 72
82 5
82 8
82 33
83 11
83 55
83 20
83 32
83 19
83 1
83 45
84 57
84 76
84 1
84 27
84 40
84 54
84 36
85 13
85 27
85 18
85 3
85 57
85 16
85 30
86 12
86 7
86 54
86 36
86 68
86 12
86 20
87 15
87 61
87 13
87 53
87 30
87 54
87 24
88 50
88 7
88 13
88 4
88 29
88 13
88 8
89 3
89 24
89 30
89 34
89 85
89 30
89 45
90 23
90 24
90 81
90 9
90 7
90 43
90 23
91 72
91 36
91 13
91 75
91 45
91 1
91 57
92 41
92 12
92 31
92 34
92 15
92 14
92 26
93 79
93 49
93 38
93 11
93 2
93 89
93 68
94 93
94 7
94 7
94 23
94 23
94 66
94 42
95 14
95 36
95 7
95 69
95 38
95 1
95 43
96 62
96 12
96 75
96 55
96 16
96 20
96 39
97 51
97 72
97 35
97 40
97 41
97 1
97 12
98 77
98 20
98 7
98 13
98 12
98 22
98 24
99 5
99 16
99 45
99 55
99 61
99 12
99 29
100 82
100 0
100 4
100 5
100 3
100 25
100 60
101 2
101 76
101 8
101 41
101 92
101 29
101 45
102 86
102 20
102 12
102 18
102 0
102 23
102 12
103 1
103 55
103 13
103 34
103 21
103 34
103 7
104 12
104 0
104 98
104 2
104 40
104 21
104 0
105 40
105 79
105 0
105 80
105 8
105 92
105 26
106 83
106 53
106 28
106 3
106 36
106 97
106 34
107 68
107 29
107 71
107 19
107 47
107 39
107 8
108 26
108 88
108 46
108 68
108 51
108 102
108 37
109 43
109 32
109 60
109 81
109 13
109 24
109 15
110 36
110 2
110 51
110 0
110 43
110 8
110 7
111 28
111 19
111 20
111 73
111 10
111 31
111 49
112 110
112 0
112 1
112 102
112 2
112 9
112 73
113 10
113 4
113 35
113 4
113 15
113 22
113 107
114 104
114 42
114 29
114 82
114 12
114 24
114 12
115 39
115 25
115 104
115 7
115 2
115 4
115 75
116 43
116 19
116 5
116 11
116 87
116 59
116 14
117 3
117 24
117 0
117 54
117 102
117 59
117 32
118 8
118 41
118 87
118 12
118 34
118 27
118 20
119 6
119 35
119 107
119 91
119 26
119 53
119 16
120 44
120 110
120 1
120 107
120 0
120 9
120 62
121 91
121 5
121 54
121 0
121 3
121 53
121 73
122 6
122 26
122 79
122 8
122 112
122 56
122 65
123 10
123 24
123 29
123 27
123 7
123 1
123 106
124 34
124 8
124 11
124 103
124 66
124 18
124 0
125 81
125 14
125 0
125 9
125 26
125 87
125 103
126 8
126 78
126 94
126 100
126 114
126 58
126 66
127 109
127 108
127 113
127 119
127 21
127 99
127 38
128 53
128 1
128 7
128 32
128 22
128 126
128 58
129 28
129 10
129 6
129 110
129 23
129 75
129 115
130 102
130 74
130 102
130 111
130 9
130 115
130 67
131 61
131 120
131 4
131 109
131 7
131 109
131 15
132 91
132 4
132 0
132 38
132 15
132 102
132 50
133 71
133 47
133 75
133 50
133 7
133 96
133 51
134 73
134 57
134 113
134 13
134 47
134 57
134 38
135 23
135 50
135 91
135 29
135 13
135 8
135 24
136 2
136 128
136 34
136 134
136 97
136 135
137 1
137 97
137 131
137 38
137 53
137 7
137 122
138 35
138 6
138 85
138 127
138 61
138 20
138 109
139 11
139 2
139 35
139 91
139 115
139 38
139 1
140 43
140 32
140 20
140 52
140 139
140 16
140 75
141 101
141 131
141 54
141 85
141 38
141 140
141 14
142 0
142 51
142 23
142 34
142 91
142 75
142 26
143 63
143 119
143 10
143 38
143 13
143 2
143 0
144 17
144 35
144 33
144 2
144 101
144 24
144 5
145 7
145 11
145 10
145 65
145 34
145 8
145 47
146 132
146 1
146 19
146 121
146 47
146 10
146 121
147 20
147 2
147 37
147 1
147 9
147 18
147 85
148 103
148 24
148 41
148 39
148 60
148 1
148 9
149 86
149 28
149 96
149 110
149 1
149 70
149 9
150 73
150 8
150 73
150 29
150 96
150 9
150 58
151 11
151 80
151 1
151 61
151 100
151 128
151 6
152 38
152 52
152 103
152 71
152 4
152 28
152 16
153 133
153 139
153 20
153 36
153 103
153 146
153 105
154 68
154 61
154 61
154 84
154 73
154 38
154 86
155 79
155 146
155 57
155 13
155 124
155 9
155 23
156 85
156 73
156 81
156 36
156 40
156 8
156 3
157 4
157 128
157 73
157 108
157 104
157 111
157 116
158 8
158 92
158 17
158 108
158 7
158 142
158 117
159 133
159 91
159 7
159 70
159 96
159 143
159 13
160 1
160 5
160 17
160 1
160 101
160 37
160 17
161 56
161 104
161 67
161 56
161 8
161 9
161 139
162 17
162 75
162 110
162 11
162 34
162 158
162 32
163 23
163 102
163 13
163 131
163 66
163 11
163 30
164 157
164 19
164 54
164 104
164 6
164 19
164 20
165 20
165 129
165 13
165 86
165 157
165 103
165 27
166 108
166 2
166 135
166 25
166 22
166 15
166 114
167 24
167 20
167 24
167 154
167 33
167 96
167 20
168 114
168 45
168 66
168 16
168 141
168 150
168 37
169 25
169 162
169 149
169 131
169 161
169 53
169 130
170 143
170 166
170 9
170 105
170 40
170 79
170 24
171 151
171 6
171 23
171 115
171 31
171 145
171 122
172 24
172 50
172 170
172 32
172 89
172 16
172 39
173 37
173 125
173 18
173 24
173 55
173 128
173 11
174 113
174 5
174 15
174 12
174 160
174 104
174 129
175 50
175 63
175 39
175 87
175 78
175 167
175 0
176 83
176 2
176 100
176 13
176 43
176 67
176 132
177 26
177 85
177 37
177 65
177 50
177 51
177 20
178 60
178 8
178 159
178 24
178 7
178 66
178 114
179 45
179 8
179 112
179 2
179 30
179 151
179 56
180 151
180 31
180 121
180 32
180 124
180 34
180 13
181 18
181 64
181 163
181 37
181 72
181 173
181 61
182 150
182 38
182 56
182 175
182 2
182 82
182 149
183 13
183 43
183 134
183 10
183 149
183 39
183 152
184 90
184 96
184 52
184 81
184 164
184 104
184 20
185 28
185 1
185 126
185 142
185 38
185 23
185 73
186 65
186 66
186 24
186 128
186 13
186 91
186 29
187 32
187 46
187 61
187 169
187 20
187 109
187 124
188 174
188 108
188 168
188 23
188 75
188 26
188 186
189 0
189 44
189 128
189 68
189 16
189 34
189 131
190 145
190 0
190 16
190 70
190 116
190 26
190 189
191 50
191 102
191 154
191 7
191 24
191 9
191 86
192 34
192 24
192 65
192 102
192 69
192 164
192 1
193 45
193 21
193 89
193 33
193 124
193 144
193 106
194 44
194 37
194 160
194 6
194 104
194 107
194 134
195 61
195 127
195 8
195 22
195 110
195 122
195 6
196 38
196 103
196 13
196 50
196 0
196 18
196 9
197 38
197 113
197 54
197 147
197 82
197 47
197 46
198 30
198 17
198 9
198 79
198 4
198 30
198 190
199 57
199 8
199 11
199 41
199 198
199 32
199 45
200 183
200 125
200 51
200 7
200 20
200 87
200 172
201 11
201 94
201 0
201 71
201 58
201 74
201 33
202 1
202 20
202 4
202 114
202 91
202 96
202 144
203 4
203 18
203 22
203 86
203 156
203 92
203 5
204 65
204 187
204 84
204 27
204 32
204 86
204 66
205 96
205 18
205 184
205 15
205 150
205 159
205 0
206 128
206 124
206 81
206 86
206 197
206 194
206 90
207 180
207 9
207 18
207 126
207 183
207 15
207 70
208 38
208 20
208 182
208 144
208 198
208 203
208 2
209 60
209 16
209 188
209 27
209 15
209 135
209 0
210 18
210 35
210 32
210 16
210 184
210 15
210 48
211 21
211 111
211 68
211 73
211 184
211 173
211 50
212 17
212 66
212 24
212 1
212 95
212 58
212 49
213 177
213 10
213 39
213 102
213 92
213 21
213 49
214 7
214 121
214 20
214 184
214 47
214 29
214 156
215 72
215 0
215 30
215 75
215 75
215 104
215 0
216 44
216 1
216 20
216 212
216 13
216 81
216 121
217 67
217 19
217 9
217 38
217 184
217 179
217 117
218 2
218 15
218 148
218 140
218 155
218 132
218 181
219 192
219 45
219 3
219 191
219 206
219 164
219 2
220 50
220 113
220 100
220 177
220 81
220 53
220 35
221 21
221 39
221 39
221 37
221 113
221 12
221 192
222 23
222 199
222 13
222 53
222 125
222 159
222 216
223 156
223 49
223 51
223 166
223 15
223 202
223 69
224 3
224 23
224 117
224 178
224 198
224 5
224 34
225 186
225 1
225 132
225 54
225 18
225 162
225 150
226 109
226 120
226 114
226 87
226 101
226 76
226 119
227 153
227 92
227 41
227 45
227 13
227 132
227 40
228 86
228 139
228 201
228 26
228 186
228 97
228 206
229 90
229 7
229 182
229 41
229 188
229 160
229 89
230 144
230 60
230 49
230 36
230 0
230 9
230 40
231 17
231 48
231 20
231 39
231 102
231 194
231 91
232 220
232 3
232 180
232 204
232 81
232 4
232 86
233 90
233 34
233 130
233 213
233 32
233 216
233 223
234 34
234 92
234 153
234 233
234 66
234 233
234 2
235 51
235 39
235 131
235 136
235 9
235 224
235 125
236 27
236 170
236 135
236 222
236 69
236 4
236 21
237 8
237 147
237 203
237 4
237 154
237 50
237 92
238 36
238 65
238 17
238 221
238 222
238 0
238 0
239 203
239 59
239 2
239 185
239 102
239 1
239 87
240 19
240 35
240 71
240 232
240 24
240 103
240 151
241 199
241 6
241 3
241 130
241 234
241 18
241 158
242 32
242 174
242 1
242 235
242 224
242 18
242 53
243 242
243 41
243 126
243 234
243 84
243 55
243 215
244 162
244 102
244 180
244 39
244 174
244 212
244 153
245 0
245 85
245 91
245 105
245 13
245 190
245 147
246 20
246 80
246 121
246 99
246 161
246 54
246 172
247 13
247 36
247 65
247 2
247 142
247 1
247 12
248 30
248 68
248 110
248 14
248 177
248 107
248 19
249 27
249 0
249 17
249 11
249 54
249 223
249 56