#GRAPH (#nodes #edges id uu vv ww xx yy zz):
#250 1234 geo(0,{250,100,3,0.0145,0.000,0.000}) 100 
# 
VERTICES (index name u v w x y z):
0 0
1 1
2 2
3 3
4 4
5 5
6 6
7 7
8 8
9 9
10 10
11 11
12 12
13 13
14 14
15 15
16 16
17 17
18 18
19 19
20 20
21 21
22 22
23 23
24 24
25 25
26 26
27 27
28 28
29 29
30 30
31 31
32 32
33 33
34 34
35 35
36 36
37 37
38 38
39 39
40 40
41 41
42 42
43 43
44 44
45 45
46 46
47 47
48 48
49 49
50 50
51 51
52 52
53 53
54 54
55 55
56 56
57 57
58 58
59 59
60 60
61 61
62 62
63 63
64 64
65 65
66 66
67 67
68 68
69 69
70 70
71 71
72 72
73 73
74 74
75 75
76 76
77 77
78 78
79 79
80 80
81 81
82 82
83 83
84 84
85 85
86 86
87 87
88 88
89 89
90 90
91 91
92 92
93 93
94 94
95 95
96 96
97 97
98 98
99 99
100 100
101 101
102 102
103 103
104 104
105 105
106 106
107 107
108 108
109 109
110 110
111 111
112 112
113 113
114 114
115 115
116 116
117 117
118 118
119 119
120 120
121 121
122 122
123 123
124 124
125 125
126 126
127 127
128 128
129 129
130 130
131 131
132 132
133 133
134 134
135 135
136 136
137 137
138 138
139 139
140 140
141 141
142 142
143 143
144 144
145 145
146 146
147 147
148 148
149 149
150 150
151 151
152 152
153 153
154 154
155 155
156 156
157 157
158 158
159 159
160 160
161 161
162 162
163 163
164 164
165 165
166 166
167 167
168 168
169 169
170 170
171 171
172 172
173 173
174 174
175 175
176 176
177 177
178 178
179 179
180 180
181 181
182 182
183 183
184 184
185 185
186 186
187 187
188 188
189 189
190 190
191 191
192 192
193 193
194 194
195 195
196 196
197 197
198 198
199 199
200 200
201 201
202 202
203 203
204 204
205 205
206 206
207 207
208 208
209 209
210 210
211 211
212 212
213 213
214 214
215 215
216 216
217 217
218 218
219 219
220 220
221 221
222 222
223 223
224 224
225 225
226 226
227 227
228 228
229 229
230 230
231 231
232 232
233 233
234 234
235 235
236 236
237 237
238 238
239 239
240 240
241 241
242 242
243 243
244 244
245 245
246 246
247 247
248 248
249 249
#
EDGES (from-node to-node length a b):
0 1
2 0
2 0
2 1
2 1
3 1
3 1
3 0
3 1
3 2
4 2
4 1
4 0
4 3
4 0
5 0
5 2
5 4
5 2
5 3
6 3
6 3
6 0
6 1
7 2
7 2
7 2
7 2
7 4
8 3
8 2
8 0
8 0
9 0
9 0
9 0
9 2
9 2
10 3
10 0
10 3
10 1
10 2
11 0
11 6
11 0
11 2
11 1
12 5
12 1
12 0
12 7
12 2
13 0
13 2
13 3
13 9
13 3
14 13
14 3
14 9
14 2
14 3
15 14
15 3
15 9
15 4
15 8
16 8
16 0
16 9
16 13
16 11
17 4
17 6
17 14
17 2
18 12
18 5
18 0
18 2
18 14
19 9
19 7
19 18
19 15
19 15
20 9
20 12
20 8
20 4
20 18
21 4
21 11
21 11
21 7
21 20
22 1
22 12
22 9
22 19
22 14
23 18
23 0
23 22
23 12
23 1
24 13
24 9
24 11
24 4
24 6
25 1
25 0
25 3
25 9
26 6
26 12
26 14
26 8
27 9
27 1
27 2
27 4
27 0
28 12
28 4
28 21
28 23
28 27
29 3
29 4
29 26
29 5
29 18
30 21
30 15
30 28
30 29
30 17
31 8
31 3
31 26
31 2
31 1
32 12
32 26
32 0
32 0
32 4
33 20
33 26
33 22
33 11
33 0
34 21
34 14
34 21
34 27
34 27
35 0
35 18
35 2
35 17
35 26
36 26
36 4
36 23
36 19
36 23
37 14
37 36
37 1
37 3
37 19
38 31
38 35
38 37
38 9
38 25
39 32
39 4
39 0
39 8
39 1
40 3
40 1
40 15
40 9
40 16
41 19
41 1
41 6
41 30
41 2
42 29
42 11
42 5
42 26
42 21
43 1
43 26
43 4
43 19
43 40
44 2
44 20
44 8
44 2
44 18
45 14
45 9
45 0
45 13
45 21
46 21
46 7
46 2
46 13
46 5
47 29
47 0
47 3
47 14
47 42
48 8
48 46
48 11
48 18
48 36
49 12
49 9
49 46
49 3
49 5
50 14
50 2
50 29
50 35
50 36
51 18
51 36
51 36
51 30
51 3
52 39
52 21
52 2
52 3
52 39
53 3
53 13
53 11
53 49
53 2
54 44
54 0
54 36
54 44
54 0
55 22
55 49
55 26
55 5
55 26
56 1
56 47
56 11
56 46
56 23
57 1
57 44
57 41
57 36
57 12
58 0
58 5
58 15
58 46
58 44
59 3
59 37
59 58
59 29
60 12
60 5
60 5
60 25
60 3
61 9
61 31
61 0
61 18
61 46
62 9
62 60
62 35
62 0
62 17
63 48
63 30
63 24
63 20
63 46
64 0
64 14
64 50
64 6
64 11
65 20
65 20
65 36
65 0
65 4
66 21
66 15
66 48
66 13
66 14
67 24
67 8
67 21
67 1
67 53
68 36
68 49
68 56
68 48
68 14
69 38
69 28
69 29
69 13
69 48
70 15
70 3
70 38
70 0
70 0
71 64
71 36
71 40
71 66
71 14
72 6
72 29
72 16
72 1
72 39
73 46
73 2
73 0
73 14
73 55
74 18
74 45
74 62
74 31
74 23
75 12
75 19
75 16
75 18
75 13
76 4
76 0
76 6
76 13
76 15
77 65
77 4
77 45
77 72
77 29
78 61
78 4
78 58
78 2
78 1
79 4
79 14
79 61
79 12
79 12
80 18
80 30
80 29
80 14
80 53
81 47
81 12
81 1
81 9
81 4
82 48
82 30
82 12
82 60
82 26
83 4
83 74
83 71
83 28
83 6
84 74
84 61
84 21
84 27
84 7
85 43
85 8
85 58
85 63
85 13
86 1
86 18
86 56
86 2
86 13
87 83
87 44
87 14
87 6
87 58
88 76
88 21
88 13
88 12
88 31
89 4
89 85
89 0
89 84
89 77
90 56
90 38
90 41
90 82
90 69
91 27
91 40
91 18
91 6
91 27
92 88
92 46
92 42
92 83
92 28
93 9
93 13
93 81
93 40
93 19
94 18
94 46
94 36
94 52
94 2
95 11
95 26
95 42
95 0
95 4
96 8
96 12
96 46
96 3
96 52
97 43
97 20
97 24
97 49
97 28
98 8
98 19
98 19
98 56
98 1
99 3
99 31
99 4
99 33
99 63
100 67
100 14
100 79
100 43
100 57
101 41
101 79
101 32
101 22
101 9
102 1
102 12
102 4
102 0
102 48
103 6
103 84
103 101
103 38
103 2
104 46
104 7
104 12
104 50
104 49
105 56
105 101
105 47
105 73
105 51
106 49
106 8
106 67
106 4
106 75
107 30
107 1
107 26
107 35
107 1
108 74
108 41
108 47
108 46
108 68
109 40
109 104
109 108
109 2
109 1
110 44
110 66
110 1
110 23
110 85
111 80
111 14
111 9
111 53
111 4
112 12
112 1
112 102
112 87
112 46
113 76
113 69
113 94
113 4
113 5
114 12
114 2
114 57
114 21
114 39
115 35
115 112
115 18
115 90
115 27
116 113
116 0
116 45
116 26
116 100
117 3
117 24
117 41
117 37
117 7
118 0
118 71
118 92
118 90
118 13
119 3
119 1
119 60
119 13
119 103
120 3
120 28
120 77
120 26
120 82
121 18
121 79
121 99
121 67
121 29
122 1
122 108
122 12
122 9
122 0
123 11
123 11
123 50
123 66
123 104
124 13
124 8
124 45
124 60
124 1
125 18
125 11
125 106
125 43
125 2
126 3
126 98
126 49
126 1
126 13
127 15
127 37
127 124
127 8
127 43
128 36
128 16
128 50
128 111
128 38
129 71
129 1
129 11
129 119
129 96
130 13
130 7
130 67
130 100
130 45
131 78
131 21
131 5
131 19
131 41
132 49
132 48
132 53
132 93
132 84
133 105
133 18
133 22
133 88
133 11
134 72
134 62
134 56
134 18
134 57
135 61
135 12
135 4
135 5
135 67
136 35
136 27
136 67
136 56
136 15
137 2
137 14
137 50
137 21
137 29
138 64
138 38
138 2
138 28
138 46
139 54
139 0
139 49
139 47
139 56
140 37
140 62
140 20
140 39
140 29
141 126
141 36
141 3
141 49
141 15
142 0
142 21
142 98
142 62
142 1
143 11
143 110
143 121
143 2
143 74
144 62
144 4
144 36
144 4
144 99
145 138
145 88
145 57
145 81
145 36
146 132
146 28
146 115
146 41
146 30
147 145
147 28
147 134
147 97
147 125
148 5
148 41
148 53
148 35
148 132
149 3
149 97
149 55
149 53
149 112
150 51
150 123
150 110
150 29
150 52
151 31
151 46
151 77
151 18
151 75
152 53
152 24
152 26
152 1
152 42
153 52
153 90
153 76
153 34
153 23
154 81
154 9
154 1
154 11
154 12
155 12
155 13
155 149
155 50
155 43
156 67
156 30
156 116
156 11
156 87
157 79
157 50
157 19
157 123
157 26
158 14
158 14
158 71
158 98
158 14
159 45
159 115
159 29
159 28
159 105
160 2
160 66
160 7
160 2
160 42
161 31
161 2
161 85
161 7
161 45
162 3
162 127
162 50
162 24
162 0
163 27
163 99
163 86
163 31
163 90
164 1
164 106
164 62
164 46
164 43
165 24
165 42
165 14
165 112
165 123
166 153
166 22
166 74
166 2
166 20
167 4
167 35
167 97
167 117
167 115
168 26
168 7
168 57
168 103
168 31
169 29
169 88
169 28
169 4
169 27
170 1
170 63
170 44
170 2
170 2
171 157
171 73
171 5
171 170
171 169
172 26
172 25
172 30
172 51
172 14
173 1
173 119
173 11
173 53
173 94
174 74
174 84
174 40
174 112
174 3
175 134
175 42
175 120
175 24
175 50
176 58
176 9
176 115
176 120
176 92
177 19
177 14
177 16
177 133
177 11
178 118
178 53
178 8
178 23
178 35
179 167
179 27
179 104
179 79
179 74
180 31
180 48
180 16
180 11
180 36
181 25
181 108
181 140
181 53
181 146
182 172
182 96
182 68
182 31
182 35
183 13
183 98
183 9
183 2
183 8
184 119
184 68
184 153
184 57
184 141
185 163
185 35
185 160
185 99
185 29
186 40
186 103
186 33
186 31
186 141
187 37
187 112
187 31
187 50
187 105
188 36
188 52
188 39
188 24
188 47
189 135
189 29
189 42
189 99
189 68
190 47
190 20
190 6
190 119
190 23
191 2
191 35
191 173
191 25
191 20
192 16
192 134
192 97
192 87
192 3
193 27
193 4
193 21
193 7
193 36
194 38
194 147
194 38
194 2
194 26
195 57
195 2
195 39
195 134
195 9
196 30
196 110
196 94
196 31
196 189
197 11
197 26
197 44
197 35
197 48
198 8
198 26
198 196
198 56
198 13
199 1
199 153
199 169
199 191
199 5
200 119
200 187
200 63
200 135
200 159
201 1
201 118
201 106
201 182
201 97
202 135
202 26
202 142
202 0
202 34
203 31
203 123
203 87
203 150
203 124
204 44
204 24
204 0
204 97
204 138
205 199
205 0
205 184
205 143
205 165
206 27
206 147
206 95
206 150
206 23
207 46
207 47
207 11
207 3
207 161
208 83
208 167
208 50
208 42
208 75
209 115
209 78
209 2
209 198
209 85
210 5
210 163
210 154
210 79
210 195
211 18
211 18
211 5
211 60
211 19
212 3
212 14
212 22
212 4
212 9
213 9
213 198
213 177
213 50
213 146
214 18
214 57
214 149
214 29
214 4
215 72
215 26
215 95
215 74
215 97
216 150
216 15
216 13
216 50
216 7
217 87
217 5
217 142
217 7
217 21
218 23
218 180
218 115
218 182
218 40
219 135
219 0
219 74
219 1
219 163
220 13
220 120
220 167
220 2
220 36
221 26
221 98
221 174
221 115
221 8
222 126
222 115
222 131
222 181
222 50
223 66
223 211
223 48
223 19
223 2
224 213
224 140
224 6
224 111
224 214
225 68
225 22
225 22
225 124
225 7
226 21
226 114
226 2
226 20
226 135
227 108
227 97
227 87
227 20
227 21
228 27
228 191
228 95
228 130
228 44
229 60
229 46
229 29
229 173
229 4
230 47
230 3
230 56
230 198
230 49
231 127
231 156
231 29
231 82
231 25
232 201
232 79
232 36
232 184
232 147
233 76
233 223
233 1
233 49
233 136
234 110
234 90
234 233
234 75
234 220
235 96
235 68
235 40
235 119
235 188
236 60
236 0
236 220
236 209
236 111
237 42
237 163
237 181
237 0
237 231
238 135
238 218
238 7
238 2
238 234
239 0
239 146
239 82
239 193
239 118
240 177
240 12
240 229
240 56
240 117
241 3
241 98
241 68
241 79
241 46
242 2
242 112
242 103
242 168
242 0
243 2
243 41
243 44
243 3
243 238
244 122
244 60
244 3
244 15
244 57
245 41
245 70
245 109
245 62
245 152
246 46
246 7
246 31
246 90
246 184
247 19
247 44
247 78
247 105
247 24
248 7
248 219
248 113
248 193
248 94
249 197
249 122
249 15
249 5
249 52