#GRAPH (#nodes #edges id uu vv ww xx yy zz):
#250 990 geo(0,{250,100,3,0.0145,0.000,0.000}) 100 
# 
VERTICES (index name u v w x y z):
0 0
1 1
2 2
3 3
4 4
5 5
6 6
7 7
8 8
9 9
10 10
11 11
12 12
13 13
14 14
15 15
16 16
17 17
18 18
19 19
20 20
21 21
22 22
23 23
24 24
25 25
26 26
27 27
28 28
29 29
30 30
31 31
32 32
33 33
34 34
35 35
36 36
37 37
38 38
39 39
40 40
41 41
42 42
43 43
44 44
45 45
46 46
47 47
48 48
49 49
50 50
51 51
52 52
53 53
54 54
55 55
56 56
57 57
58 58
59 59
60 60
61 61
62 62
63 63
64 64
65 65
66 66
67 67
68 68
69 69
70 70
71 71
72 72
73 73
74 74
75 75
76 76
77 77
78 78
79 79
80 80
81 81
82 82
83 83
84 84
85 85
86 86
87 87
88 88
89 89
90 90
91 91
92 92
93 93
94 94
95 95
96 96
97 97
98 98
99 99
100 100
101 101
102 102
103 103
104 104
105 105
106 106
107 107
108 108
109 109
110 110
111 111
112 112
113 113
114 114
115 115
116 116
117 117
118 118
119 119
120 120
121 121
122 122
123 123
124 124
125 125
126 126
127 127
128 128
129 129
130 130
131 131
132 132
133 133
134 134
135 135
136 136
137 137
138 138
139 139
140 140
141 141
142 142
143 143
144 144
145 145
146 146
147 147
148 148
149 149
150 150
151 151
152 152
153 153
154 154
155 155
156 156
157 157
158 158
159 159
160 160
161 161
162 162
163 163
164 164
165 165
166 166
167 167
168 168
169 169
170 170
171 171
172 172
173 173
174 174
175 175
176 176
177 177
178 178
179 179
180 180
181 181
182 182
183 183
184 184
185 185
186 186
187 187
188 188
189 189
190 190
191 191
192 192
193 193
194 194
195 195
196 196
197 197
198 198
199 199
200 200
201 201
202 202
203 203
204 204
205 205
206 206
207 207
208 208
209 209
210 210
211 211
212 212
213 213
214 214
215 215
216 216
217 217
218 218
219 219
220 220
221 221
222 222
223 223
224 224
225 225
226 226
227 227
228 228
229 229
230 230
231 231
232 232
233 233
234 234
235 235
236 236
237 237
238 238
239 239
240 240
241 241
242 242
243 243
244 244
245 245
246 246
247 247
248 248
249 249
#
EDGES (from-node to-node length a b):
0 1
2 0
2 0
2 1
2 0
3 2
3 0
3 1
3 2
4 1
4 0
4 3
4 0
5 1
5 4
5 0
5 2
6 0
6 0
6 0
7 3
7 4
7 6
7 2
8 5
8 1
8 3
8 4
9 5
9 4
9 1
10 0
10 4
10 4
11 9
11 0
11 5
11 3
12 8
12 4
12 11
12 1
13 0
13 4
13 0
13 5
14 11
14 5
14 1
14 0
15 5
15 4
15 13
15 12
16 11
16 5
16 4
16 14
17 11
17 13
17 1
17 16
18 7
18 17
18 10
18 1
19 8
19 10
19 15
19 9
20 18
20 15
20 5
20 11
21 5
21 18
21 15
21 10
22 5
22 19
22 10
22 5
23 5
23 3
23 11
23 2
24 20
24 19
24 13
24 0
25 3
25 1
25 6
25 14
26 13
26 13
26 17
26 9
27 10
27 8
27 3
27 2
28 5
28 4
28 11
28 3
29 27
29 18
29 11
29 3
30 15
30 21
30 17
30 16
31 16
31 9
31 15
31 28
32 2
32 3
32 31
32 1
33 3
33 20
33 29
33 3
34 28
34 8
34 3
34 17
35 4
35 5
35 4
35 5
36 19
36 19
36 8
36 27
37 31
37 6
37 31
37 33
38 5
38 14
38 3
38 14
39 5
39 29
39 21
39 5
40 8
40 0
40 3
40 19
41 15
41 37
41 14
41 8
42 5
42 35
42 24
42 11
43 23
43 13
43 34
43 8
44 3
44 4
44 23
44 28
45 28
45 4
45 29
45 5
46 11
46 31
46 45
46 14
47 21
47 11
47 5
47 9
48 28
48 34
48 8
48 3
49 0
49 5
49 13
49 31
50 14
50 5
50 5
50 46
51 27
51 46
51 28
51 8
52 48
52 37
52 13
52 24
53 24
53 4
53 17
53 35
54 15
54 44
54 4
54 45
55 8
55 19
55 53
55 34
56 11
56 45
56 0
56 37
57 0
57 8
57 8
57 41
58 10
58 28
58 39
58 0
59 34
59 28
59 20
59 34
60 48
60 9
60 8
60 8
61 41
61 45
61 28
61 3
62 8
62 52
62 45
62 10
63 41
63 27
63 48
63 20
64 51
64 50
64 44
64 28
65 8
65 13
65 9
65 19
66 53
66 30
66 14
66 3
67 18
67 60
67 3
67 27
68 31
68 25
68 31
68 0
69 45
69 15
69 20
69 49
70 29
70 27
70 44
70 34
71 41
71 1
71 28
71 17
72 12
72 19
72 4
72 21
73 14
73 44
73 5
73 37
74 5
74 51
74 1
74 53
75 5
75 31
75 15
75 28
76 52
76 18
76 27
76 65
77 28
77 29
77 47
77 9
78 8
78 0
78 47
78 32
79 38
79 60
79 6
79 76
80 7
80 1
80 8
80 79
81 18
81 1
81 5
81 28
82 8
82 1
82 76
82 21
83 11
83 68
83 5
83 51
84 74
84 5
84 3
84 29
85 20
85 64
85 84
85 39
86 8
86 28
86 45
86 0
87 13
87 24
87 8
87 41
88 4
88 40
88 5
88 64
89 17
89 29
89 15
89 63
90 85
90 29
90 3
90 37
91 14
91 57
91 41
91 85
92 4
92 12
92 32
92 4
93 50
93 77
93 2
93 58
94 24
94 28
94 5
94 52
95 4
95 2
95 88
95 8
96 73
96 43
96 36
96 8
97 20
97 51
97 96
97 11
98 58
98 27
98 27
98 0
99 11
99 56
99 27
99 27
100 3
100 5
100 3
100 8
101 83
101 14
101 20
101 28
102 47
102 58
102 85
102 34
103 25
103 88
103 19
103 40
104 88
104 26
104 12
104 24
105 0
105 50
105 81
105 10
106 17
106 11
106 0
106 5
107 102
107 46
107 69
107 91
108 99
108 11
108 10
108 102
109 95
109 82
109 8
109 102
110 29
110 48
110 20
110 19
111 45
111 19
111 10
111 94
112 102
112 62
112 92
112 40
113 1
113 3
113 32
113 20
114 30
114 5
114 85
114 13
115 40
115 82
115 43
115 90
116 66
116 14
116 13
116 79
117 94
117 97
117 9
117 95
118 3
118 62
118 1
118 3
119 8
119 30
119 82
119 56
120 79
120 40
120 118
120 46
121 6
121 2
121 24
121 94
122 39
122 17
122 0
122 19
123 80
123 24
123 0
123 5
124 29
124 3
124 46
124 21
125 31
125 8
125 53
125 41
126 27
126 50
126 7
126 13
127 78
127 58
127 77
127 124
128 30
128 56
128 27
128 36
129 95
129 24
129 93
129 15
130 31
130 110
130 4
130 17
131 20
131 28
131 19
131 18
132 102
132 121
132 11
132 79
133 96
133 27
133 1
133 56
134 52
134 61
134 11
134 24
135 49
135 2
135 62
135 131
136 10
136 122
136 3
136 78
137 63
137 77
137 75
137 52
138 3
138 8
138 48
138 56
139 11
139 41
139 37
139 45
140 102
140 114
140 30
140 3
141 27
141 46
141 31
141 47
142 18
142 18
142 77
142 48
143 62
143 96
143 17
143 0
144 76
144 58
144 18
144 114
145 4
145 8
145 59
145 24
146 113
146 133
146 49
146 33
147 117
147 8
147 52
147 1
148 16
148 45
148 16
148 6
149 52
149 25
149 25
149 8
150 94
150 37
150 51
150 8
151 88
151 143
151 135
151 6
152 83
152 37
152 55
152 0
153 12
153 115
153 150
153 41
154 70
154 0
154 40
154 17
155 10
155 85
155 88
155 5
156 14
156 82
156 10
156 59
157 8
157 19
157 31
157 99
158 52
158 91
158 106
158 63
159 28
159 3
159 135
159 3
160 28
160 64
160 102
160 106
161 84
161 52
161 18
161 11
162 36
162 53
162 84
162 5
163 75
163 96
163 158
163 58
164 113
164 75
164 8
164 34
165 50
165 156
165 128
165 19
166 92
166 41
166 52
166 59
167 34
167 0
167 0
167 82
168 56
168 83
168 19
168 49
169 13
169 45
169 49
169 5
170 70
170 151
170 75
170 17
171 0
171 82
171 44
171 26
172 122
172 86
172 64
172 32
173 8
173 41
173 49
173 91
174 55
174 124
174 17
174 144
175 79
175 51
175 29
175 154
176 71
176 83
176 27
176 20
177 5
177 5
177 136
177 94
178 11
178 11
178 37
178 0
179 74
179 18
179 0
179 94
180 45
180 153
180 62
180 0
181 159
181 45
181 102
181 29
182 58
182 95
182 17
182 48
183 64
183 6
183 9
183 30
184 30
184 110
184 116
184 24
185 183
185 110
185 82
185 66
186 10
186 3
186 6
186 11
187 102
187 25
187 62
187 0
188 37
188 67
188 27
188 20
189 21
189 102
189 48
189 160
190 76
190 150
190 66
190 58
191 164
191 44
191 132
191 3
192 173
192 169
192 18
192 9
193 48
193 10
193 19
193 141
194 46
194 5
194 11
194 5
195 121
195 34
195 152
195 128
196 85
196 5
196 11
196 84
197 58
197 164
197 159
197 33
198 82
198 19
198 14
198 90
199 14
199 18
199 88
199 73
200 161
200 18
200 83
200 50
201 198
201 46
201 158
201 8
202 192
202 178
202 176
202 147
203 197
203 17
203 5
203 42
204 64
204 47
204 87
204 140
205 131
205 83
205 118
205 26
206 19
206 147
206 79
206 50
207 117
207 201
207 11
207 155
208 53
208 8
208 200
208 54
209 0
209 43
209 173
209 26
210 12
210 47
210 187
210 141
211 27
211 64
211 4
211 95
212 200
212 53
212 20
212 130
213 111
213 87
213 79
213 38
214 54
214 18
214 138
214 36
215 11
215 8
215 35
215 67
216 130
216 2
216 81
216 46
217 12
217 48
217 8
217 67
218 14
218 104
218 49
218 29
219 2
219 21
219 0
219 99
220 155
220 210
220 56
220 5
221 25
221 211
221 5
221 46
222 8
222 1
222 165
222 199
223 37
223 54
223 14
223 141
224 17
224 183
224 92
224 117
225 110
225 95
225 6
225 104
226 112
226 153
226 87
226 30
227 213
227 149
227 111
227 94
228 11
228 195
228 115
228 102
229 126
229 131
229 225
229 84
230 83
230 0
230 155
230 201
231 67
231 91
231 185
231 45
232 11
232 24
232 28
232 182
233 45
233 48
233 17
233 22
234 104
234 52
234 132
234 52
235 41
235 153
235 15
235 8
236 29
236 70
236 183
236 58
237 171
237 218
237 55
237 26
238 76
238 21
238 2
238 28
239 213
239 94
239 26
239 84
240 20
240 113
240 0
240 75
241 31
241 45
241 1
241 151
242 111
242 61
242 79
242 49
243 143
243 59
243 28
243 109
244 37
244 28
244 20
244 28
245 201
245 132
245 58
245 220
246 242
246 193
246 66
246 60
247 228
247 237
247 8
247 102
248 167
248 157
248 244
248 78
249 225
249 233
249 45
249 178