#GRAPH (#nodes #edges id uu vv ww xx yy zz):
#30 112 geo(0,{30,25,3,0.130,0.000,0.000}) 25 
#
VERTICES (index name u v w x y z):
0 0 23 12 
1 1 23 1 
2 2 23 15 
3 3 7 4 
4 4 16 19 
5 5 5 3 
6 6 2 17 
7 7 16 1 
8 8 0 6 
9 9 12 23 
10 10 4 3 
11 11 18 8 
12 12 9 15 
13 13 12 3 
14 14 18 21 
15 15 9 24 
16 16 12 9 
17 17 22 0 
18 18 12 4 
19 19 8 5 
20 20 24 4 
21 21 14 0 
22 22 22 1 
23 23 1 18 
24 24 16 8 
25 25 13 20 
26 26 23 7 
27 27 1 7 
28 28 13 21 
29 29 14 19 
#
EDGES (from-node to-node length a b):
0 27 23 0 
1 27 23 0 
1 4 19 0 
2 17 15 0 
3 19 1 0 
3 8 7 0 
3 4 17 0 
4 13 16 0 
4 5 19 0 
5 26 18 0 
5 24 12 0 
5 15 21 0 
5 9 21 0 
6 16 13 0 
6 12 7 0 
7 28 20 0 
7 19 9 0 
7 16 9 0 
7 15 24 0 
7 9 22 0 
8 27 1 0 
8 19 8 0 
8 18 12 0 
9 15 3 0 
9 13 20 0 
10 24 13 0 
10 22 18 0 
10 21 10 0 
11 27 17 0 
11 25 13 0 
11 18 7 0 
12 18 11 0 
12 16 7 0 
12 14 11 0 
12 13 12 0 
13 24 6 0 
13 22 10 0 
14 25 5 0 
14 23 17 0 
15 25 6 0 
15 22 26 0 
15 17 27 0 
15 16 15 0 
16 22 13 0 
18 24 6 0 
19 26 15 0 
19 20 16 0 
20 27 23 0 
20 21 11 0 
21 24 8 0 
22 29 20 0 
22 26 6 0 
23 26 25 0 
23 24 18 0 
25 29 1 0 
25 27 18 0 
