#GRAPH (#nodes #edges id uu vv ww xx yy zz):
#30 86 geo(0,{30,25,3,0.130,0.000,0.000}) 25 
#
VERTICES (index name u v w x y z):
0 0 4 21 
1 1 7 24 
2 2 7 8 
3 3 16 4 
4 4 9 9 
5 5 4 23 
6 6 6 15 
7 7 22 8 
8 8 14 9 
9 9 5 12 
10 10 24 7 
11 11 23 10 
12 12 11 15 
13 13 21 21 
14 14 19 14 
15 15 10 23 
16 16 19 8 
17 17 11 17 
18 18 1 1 
19 19 15 23 
20 20 21 5 
21 21 23 19 
22 22 15 18 
23 23 11 16 
24 24 0 17 
25 25 7 22 
26 26 21 6 
27 27 22 9 
28 28 2 11 
29 29 20 23 
#
EDGES (from-node to-node length a b):
0 28 10 0 
0 24 6 0 
0 23 9 0 
0 21 19 0 
0 20 23 0 
0 7 22 0 
1 27 21 0 
1 23 9 0 
1 8 17 0 
1 2 16 0 
2 24 11 0 
3 25 20 0 
3 23 13 0 
3 13 18 0 
4 25 13 0 
4 24 12 0 
5 28 12 0 
5 9 11 0 
6 9 3 0 
7 27 1 0 
7 15 19 0 
8 20 8 0 
9 22 12 0 
9 10 20 0 
10 23 16 0 
10 17 16 0 
10 11 3 0 
11 21 9 0 
11 13 11 0 
12 19 9 0 
12 18 17 0 
12 15 8 0 
14 17 9 0 
15 26 20 0 
15 20 21 0 
15 18 24 0 
15 17 6 0 
16 28 17 0 
16 17 12 0 
17 27 14 0 
17 22 4 0 
18 29 29 0 
28 29 22 0 
