#GRAPH (#nodes #edges id uu vv ww xx yy zz):
#30 100 geo(0,{30,25,3,0.130,0.000,0.000}) 25 
#
VERTICES (index name u v w x y z):
0 0 15 4 
1 1 2 16 
2 2 24 13 
3 3 3 18 
4 4 7 3 
5 5 6 10 
6 6 24 12 
7 7 11 18 
8 8 18 1 
9 9 19 8 
10 10 10 16 
11 11 0 11 
12 12 0 6 
13 13 9 21 
14 14 19 24 
15 15 7 19 
16 16 24 22 
17 17 8 9 
18 18 18 21 
19 19 3 6 
20 20 10 14 
21 21 8 14 
22 22 10 23 
23 23 12 16 
24 24 24 21 
25 25 21 10 
26 26 14 7 
27 27 13 9 
28 28 15 9 
29 29 15 23 
#
EDGES (from-node to-node length a b):
0 6 12 0 
1 17 9 0 
1 13 9 0 
1 9 19 0 
1 7 9 0 
2 18 10 0 
2 17 16 0 
2 10 14 0 
2 3 22 0 
3 29 13 0 
3 26 16 0 
3 17 10 0 
4 27 8 0 
5 18 16 0 
5 13 11 0 
6 27 11 0 
6 26 11 0 
6 25 4 0 
7 26 11 0 
7 24 13 0 
8 29 22 0 
8 28 9 0 
8 21 16 0 
9 27 6 0 
10 28 9 0 
10 24 15 0 
11 25 21 0 
11 22 16 0 
11 20 10 0 
11 14 23 0 
12 21 11 0 
12 19 3 0 
13 22 2 0 
13 16 15 0 
14 22 9 0 
14 20 13 0 
14 19 24 0 
15 25 17 0 
15 19 14 0 
16 22 14 0 
17 21 5 0 
18 22 8 0 
19 28 12 0 
20 28 7 0 
21 26 9 0 
22 28 15 0 
23 24 13 0 
24 28 15 0 
24 26 17 0 
24 25 11 0 
