#GRAPH (#nodes #edges id uu vv ww xx yy zz):
#30 132 geo(0,{30,25,3,0.130,0.000,0.000}) 25 
#
VERTICES (index name u v w x y z):
0 0 21 7 
1 1 18 24 
2 2 0 9 
3 3 3 0 
4 4 11 9 
5 5 9 9 
6 6 23 10 
7 7 5 20 
8 8 3 15 
9 9 12 16 
10 10 16 21 
11 11 18 0 
12 12 13 20 
13 13 13 19 
14 14 15 8 
15 15 19 1 
16 16 23 2 
17 17 2 19 
18 18 21 23 
19 19 10 13 
20 20 23 14 
21 21 0 11 
22 22 9 19 
23 23 2 3 
24 24 1 1 
25 25 2 15 
26 26 10 17 
27 27 1 16 
28 28 2 17 
29 29 1 19 
#
EDGES (from-node to-node length a b):
0 21 21 0 
0 18 16 0 
0 17 22 0 
0 14 6 0 
0 13 14 0 
0 11 8 0 
0 9 13 0 
0 7 21 0 
0 6 4 0 
0 2 21 0 
1 24 29 0 
1 19 14 0 
1 9 10 0 
2 25 6 0 
2 22 13 0 
2 16 24 0 
2 13 16 0 
2 11 20 0 
2 5 9 0 
3 22 20 0 
3 13 21 0 
3 11 15 0 
3 10 25 0 
3 9 18 0 
3 8 15 0 
4 29 14 0 
4 27 12 0 
4 13 10 0 
6 25 22 0 
6 24 24 0 
6 16 8 0 
6 11 11 0 
7 28 4 0 
7 25 6 0 
7 21 10 0 
7 19 9 0 
7 17 3 0 
8 14 14 0 
9 18 11 0 
9 11 17 0 
10 27 16 0 
10 24 25 0 
10 21 19 0 
10 20 10 0 
10 18 5 0 
11 21 21 0 
12 22 4 0 
12 17 11 0 
12 16 21 0 
12 14 12 0 
13 16 20 0 
14 24 16 0 
15 21 21 0 
16 20 12 0 
17 19 10 0 
18 28 20 0 
18 20 9 0 
19 22 6 0 
20 21 23 0 
21 24 10 0 
22 25 8 0 
23 25 12 0 
23 24 2 0 
24 29 18 0 
25 28 2 0 
26 29 9 0 
