#GRAPH (#nodes #edges id uu vv ww xx yy zz):
#30 126 geo(0,{30,25,3,0.130,0.000,0.000}) 25 
#
VERTICES (index name u v w x y z):
0 0 18 19 
1 1 0 16 
2 2 5 0 
3 3 4 22 
4 4 5 6 
5 5 8 20 
6 6 18 24 
7 7 7 6 
8 8 24 11 
9 9 1 0 
10 10 10 6 
11 11 24 1 
12 12 10 13 
13 13 3 7 
14 14 9 3 
15 15 10 12 
16 16 21 0 
17 17 22 19 
18 18 18 7 
19 19 16 24 
20 20 7 8 
21 21 17 7 
22 22 9 9 
23 23 7 7 
24 24 5 14 
25 25 14 8 
26 26 17 16 
27 27 20 4 
28 28 17 11 
29 29 5 5 
#
EDGES (from-node to-node length a b):
0 10 15 0 
0 9 25 0 
0 6 5 0 
0 1 18 0 
1 27 23 0 
1 23 11 0 
2 11 19 0 
3 25 17 0 
3 22 14 0 
3 21 20 0 
3 19 12 0 
3 18 21 0 
3 17 18 0 
3 15 12 0 
3 12 11 0 
4 24 8 0 
4 18 13 0 
4 16 17 0 
4 13 2 0 
5 29 15 0 
5 8 18 0 
5 7 14 0 
5 6 11 0 
6 24 16 0 
6 22 17 0 
6 21 17 0 
6 18 17 0 
6 13 23 0 
6 9 29 0 
7 27 13 0 
7 26 14 0 
7 25 7 0 
7 23 1 0 
7 22 4 0 
7 19 20 0 
7 17 20 0 
7 15 7 0 
7 11 18 0 
8 21 8 0 
8 11 10 0 
9 28 19 0 
9 25 15 0 
9 18 18 0 
9 15 15 0 
9 11 23 0 
11 26 17 0 
11 25 12 0 
11 19 24 0 
11 12 18 0 
12 28 7 0 
12 26 8 0 
12 23 7 0 
12 19 13 0 
12 14 10 0 
13 27 17 0 
13 24 7 0 
15 21 9 0 
16 23 16 0 
17 25 14 0 
18 20 11 0 
19 26 8 0 
21 29 12 0 
21 22 8 0 
