#GRAPH (#nodes #edges id uu vv ww xx yy zz):
#30 116 geo(0,{30,25,3,0.130,0.000,0.000}) 25 
#
VERTICES (index name u v w x y z):
0 0 7 11 
1 1 21 4 
2 2 15 7 
3 3 20 8 
4 4 15 18 
5 5 16 18 
6 6 9 3 
7 7 4 8 
8 8 22 4 
9 9 0 10 
10 10 3 24 
11 11 6 20 
12 12 2 17 
13 13 23 0 
14 14 23 4 
15 15 11 13 
16 16 8 16 
17 17 18 2 
18 18 11 17 
19 19 20 1 
20 20 11 24 
21 21 0 11 
22 22 24 23 
23 23 11 5 
24 24 23 1 
25 25 9 12 
26 26 22 15 
27 27 14 7 
28 28 19 14 
29 29 2 18 
#
EDGES (from-node to-node length a b):
0 24 19 0 
0 18 7 0 
0 2 9 0 
1 17 4 0 
1 16 18 0 
1 14 2 0 
1 11 22 0 
1 4 15 0 
2 21 16 0 
2 19 8 0 
2 18 11 0 
2 15 7 0 
2 9 15 0 
2 8 8 0 
3 20 18 0 
3 15 10 0 
3 12 20 0 
4 25 8 0 
5 17 16 0 
5 10 14 0 
5 8 15 0 
5 7 16 0 
6 18 14 0 
6 15 10 0 
7 20 17 0 
7 15 9 0 
7 14 19 0 
7 9 4 0 
8 24 3 0 
10 24 30 0 
10 14 28 0 
11 27 15 0 
11 24 25 0 
12 27 16 0 
12 22 23 0 
12 18 9 0 
12 16 6 0 
13 25 18 0 
13 21 25 0 
13 20 27 0 
14 28 11 0 
14 27 9 0 
14 26 11 0 
14 23 12 0 
15 24 17 0 
16 26 14 0 
16 24 21 0 
16 21 9 0 
17 27 6 0 
17 26 14 0 
17 20 23 0 
18 29 9 0 
18 24 20 0 
21 23 13 0 
22 26 8 0 
23 29 16 0 
23 24 13 0 
28 29 17 0 
