#GRAPH (#nodes #edges id uu vv ww xx yy zz):
#30 108 geo(0,{30,25,3,0.130,0.000,0.000}) 25 
#
VERTICES (index name u v w x y z):
0 0 5 12 
1 1 17 7 
2 2 4 8 
3 3 18 2 
4 4 18 23 
5 5 16 7 
6 6 0 23 
7 7 7 9 
8 8 18 8 
9 9 8 8 
10 10 18 24 
11 11 4 21 
12 12 14 19 
13 13 12 0 
14 14 24 23 
15 15 21 8 
16 16 16 16 
17 17 1 4 
18 18 18 14 
19 19 19 12 
20 20 2 20 
21 21 13 20 
22 22 24 15 
23 23 2 14 
24 24 14 6 
25 25 2 5 
26 26 7 18 
27 27 11 20 
28 28 14 22 
29 29 17 13 
#
EDGES (from-node to-node length a b):
0 1 13 0 
1 26 15 0 
1 23 17 0 
1 15 4 0 
1 12 12 0 
2 13 11 0 
2 11 13 0 
2 9 4 0 
2 7 3 0 
2 3 15 0 
3 29 11 0 
3 26 19 0 
3 18 12 0 
3 14 22 0 
3 12 17 0 
4 21 6 0 
5 25 14 0 
5 18 7 0 
5 16 9 0 
5 15 5 0 
6 29 20 0 
6 24 22 0 
6 13 26 0 
6 12 15 0 
7 25 6 0 
7 24 8 0 
8 28 15 0 
9 19 12 0 
9 11 14 0 
10 23 19 0 
11 17 17 0 
11 13 22 0 
12 29 7 0 
12 25 18 0 
12 21 1 0 
12 18 6 0 
13 25 11 0 
13 22 19 0 
13 18 15 0 
14 20 22 0 
15 22 8 0 
16 27 6 0 
16 21 5 0 
17 25 1 0 
18 28 9 0 
18 24 9 0 
19 28 11 0 
20 29 17 0 
20 24 18 0 
21 28 2 0 
21 25 19 0 
22 24 13 0 
23 26 6 0 
26 28 8 0 
