#GRAPH (#nodes #edges id uu vv ww xx yy zz):
#30 112 geo(0,{30,25,3,0.130,0.000,0.000}) 25 
#
VERTICES (index name u v w x y z):
0 0 16 15 
1 1 4 18 
2 2 23 2 
3 3 23 8 
4 4 4 2 
5 5 4 15 
6 6 17 15 
7 7 21 0 
8 8 5 1 
9 9 1 11 
10 10 4 14 
11 11 8 10 
12 12 7 13 
13 13 0 8 
14 14 0 2 
15 15 17 16 
16 16 11 14 
17 17 16 4 
18 18 9 15 
19 19 22 18 
20 20 21 5 
21 21 16 11 
22 22 13 4 
23 23 0 13 
24 24 7 8 
25 25 16 22 
26 26 9 9 
27 27 1 15 
28 28 24 18 
29 29 8 8 
#
EDGES (from-node to-node length a b):
0 21 4 0 
0 13 17 0 
0 11 9 0 
0 9 16 0 
1 19 18 0 
1 15 13 0 
1 14 16 0 
1 12 6 0 
2 28 16 0 
3 16 13 0 
3 14 24 0 
4 29 7 0 
4 23 12 0 
4 22 9 0 
4 16 14 0 
5 25 14 0 
5 18 5 0 
5 14 14 0 
5 13 8 0 
6 24 12 0 
6 21 4 0 
6 18 8 0 
6 17 11 0 
7 26 15 0 
8 27 15 0 
8 25 24 0 
8 16 14 0 
8 9 11 0 
9 25 19 0 
9 19 22 0 
10 21 12 0 
10 12 3 0 
11 16 5 0 
11 14 11 0 
12 27 6 0 
12 26 4 0 
12 25 13 0 
14 21 18 0 
14 19 27 0 
16 23 11 0 
16 19 12 0 
16 18 2 0 
16 17 11 0 
17 24 10 0 
18 27 8 0 
18 24 7 0 
20 29 13 0 
20 27 22 0 
20 22 8 0 
20 21 8 0 
21 26 7 0 
22 28 18 0 
23 29 9 0 
23 26 10 0 
24 26 2 0 
27 28 23 0 
