#GRAPH (#nodes #edges id uu vv ww xx yy zz):
#30 134 geo(0,{30,25,3,0.130,0.000,0.000}) 25 
#
VERTICES (index name u v w x y z):
0 0 6 23 
1 1 8 15 
2 2 24 19 
3 3 17 5 
4 4 24 1 
5 5 17 21 
6 6 3 9 
7 7 5 21 
8 8 22 12 
9 9 17 24 
10 10 24 14 
11 11 0 20 
12 12 19 24 
13 13 22 14 
14 14 5 3 
15 15 3 22 
16 16 18 20 
17 17 4 4 
18 18 21 5 
19 19 13 24 
20 20 18 1 
21 21 21 24 
22 22 1 0 
23 23 24 10 
24 24 10 18 
25 25 15 14 
26 26 20 22 
27 27 1 10 
28 28 21 0 
29 29 14 0 
#
EDGES (from-node to-node length a b):
0 23 22 0 
0 12 13 0 
0 7 2 0 
0 2 18 0 
1 27 9 0 
1 17 12 0 
1 10 16 0 
1 8 14 0 
2 28 19 0 
2 25 10 0 
2 20 19 0 
2 5 7 0 
3 29 6 0 
3 28 6 0 
3 21 19 0 
3 15 22 0 
3 12 19 0 
4 29 10 0 
4 28 3 0 
4 25 16 0 
4 7 28 0 
5 29 21 0 
5 20 20 0 
5 19 5 0 
5 15 14 0 
5 9 3 0 
5 6 18 0 
6 21 23 0 
6 19 18 0 
6 13 20 0 
7 29 23 0 
7 28 26 0 
8 24 13 0 
8 19 15 0 
8 13 2 0 
8 9 13 0 
9 25 10 0 
9 14 24 0 
10 25 9 0 
10 23 4 0 
10 20 14 0 
10 14 22 0 
10 11 25 0 
11 26 20 0 
11 25 16 0 
11 14 18 0 
12 15 16 0 
13 26 8 0 
13 23 4 0 
13 16 7 0 
14 26 24 0 
14 23 20 0 
14 22 5 0 
15 27 12 0 
15 25 14 0 
16 27 20 0 
17 29 11 0 
17 24 15 0 
18 26 17 0 
18 19 21 0 
19 25 10 0 
20 27 19 0 
20 23 11 0 
21 29 25 0 
23 29 14 0 
23 28 10 0 
24 25 6 0 
