#GRAPH (#nodes #edges id uu vv ww xx yy zz):
#30 106 geo(0,{30,25,3,0.130,0.000,0.000}) 25 
#
VERTICES (index name u v w x y z):
0 0 13 11 
1 1 10 3 
2 2 7 17 
3 3 18 0 
4 4 19 18 
5 5 21 7 
6 6 17 12 
7 7 6 5 
8 8 4 16 
9 9 1 21 
10 10 21 24 
11 11 1 14 
12 12 1 12 
13 13 13 16 
14 14 6 20 
15 15 11 10 
16 16 22 16 
17 17 4 19 
18 18 20 11 
19 19 8 18 
20 20 12 14 
21 21 20 12 
22 22 15 1 
23 23 5 17 
24 24 11 22 
25 25 0 8 
26 26 17 24 
27 27 13 10 
28 28 13 4 
29 29 2 16 
#
EDGES (from-node to-node length a b):
0 18 7 0 
0 17 12 0 
0 2 8 0 
1 15 7 0 
1 13 13 0 
1 9 20 0 
1 8 14 0 
1 5 12 0 
2 23 2 0 
2 19 1 0 
2 18 14 0 
3 29 23 0 
3 25 20 0 
3 7 13 0 
4 27 10 0 
4 12 19 0 
5 21 5 0 
5 8 19 0 
6 27 4 0 
6 24 12 0 
6 19 11 0 
6 14 14 0 
6 13 6 0 
6 9 18 0 
7 27 9 0 
8 24 9 0 
8 22 19 0 
8 18 17 0 
8 15 9 0 
8 13 9 0 
9 19 8 0 
9 15 15 0 
9 11 7 0 
10 24 10 0 
11 25 6 0 
11 19 8 0 
11 13 12 0 
12 19 9 0 
12 13 13 0 
15 29 11 0 
15 28 6 0 
16 27 11 0 
16 22 17 0 
17 28 17 0 
17 19 4 0 
18 26 13 0 
19 23 3 0 
20 25 13 0 
22 27 9 0 
23 26 14 0 
24 25 18 0 
26 27 15 0 
27 28 6 0 
