#GRAPH (#nodes #edges id uu vv ww xx yy zz):
#300 1016 geo(0,{300,100,3,0.011,0.000,0.000}) 100 
#
VERTICES (index name u v w x y z):
0 0 42 46 
1 1 49 70 
2 2 10 70 
3 3 57 52 
4 4 81 34 
5 5 44 4 
6 6 49 19 
7 7 65 22 
8 8 14 14 
9 9 66 70 
10 10 18 17 
11 11 45 21 
12 12 63 9 
13 13 87 3 
14 14 11 67 
15 15 28 29 
16 16 15 88 
17 17 67 95 
18 18 98 80 
19 19 40 32 
20 20 45 96 
21 21 97 14 
22 22 38 93 
23 23 32 93 
24 24 10 18 
25 25 46 91 
26 26 10 17 
27 27 67 16 
28 28 24 85 
29 29 86 67 
30 30 6 95 
31 31 78 49 
32 32 20 13 
33 33 68 2 
34 34 22 7 
35 35 48 42 
36 36 19 68 
37 37 89 87 
38 38 42 67 
39 39 57 11 
40 40 82 18 
41 41 47 39 
42 42 75 9 
43 43 59 46 
44 44 21 31 
45 45 41 63 
46 46 0 55 
47 47 66 72 
48 48 51 50 
49 49 28 58 
50 50 79 96 
51 51 52 24 
52 52 21 41 
53 53 20 37 
54 54 2 6 
55 55 29 21 
56 56 74 67 
57 57 39 77 
58 58 80 38 
59 59 30 73 
60 60 63 88 
61 61 89 41 
62 62 79 66 
63 63 22 0 
64 64 65 63 
65 65 99 70 
66 66 19 99 
67 67 54 29 
68 68 66 14 
69 69 44 88 
70 70 8 41 
71 71 59 17 
72 72 11 41 
73 73 61 29 
74 74 28 82 
75 75 20 67 
76 76 3 26 
77 77 36 20 
78 78 96 58 
79 79 5 1 
80 80 52 33 
81 81 95 35 
82 82 49 18 
83 83 87 4 
84 84 20 48 
85 85 2 71 
86 86 27 32 
87 87 52 32 
88 88 47 42 
89 89 71 37 
90 90 57 85 
91 91 54 68 
92 92 78 4 
93 93 29 37 
94 94 11 49 
95 95 93 77 
96 96 80 19 
97 97 20 58 
98 98 77 49 
99 99 27 53 
100 100 85 47 
101 101 18 90 
102 102 46 97 
103 103 85 95 
104 104 41 30 
105 105 36 5 
106 106 36 37 
107 107 82 73 
108 108 16 50 
109 109 12 58 
110 110 38 6 
111 111 4 62 
112 112 11 86 
113 113 73 83 
114 114 21 54 
115 115 85 54 
116 116 4 24 
117 117 40 87 
118 118 80 25 
119 119 64 12 
120 120 98 25 
121 121 18 2 
122 122 75 41 
123 123 71 62 
124 124 84 18 
125 125 79 0 
126 126 5 65 
127 127 81 33 
128 128 29 78 
129 129 76 91 
130 130 72 52 
131 131 21 99 
132 132 99 16 
133 133 7 78 
134 134 44 79 
135 135 87 63 
136 136 13 9 
137 137 74 85 
138 138 90 1 
139 139 57 24 
140 140 56 16 
141 141 69 29 
142 142 19 66 
143 143 31 13 
144 144 83 33 
145 145 81 14 
146 146 77 67 
147 147 17 23 
148 148 49 98 
149 149 4 56 
150 150 78 44 
151 151 97 96 
152 152 27 55 
153 153 90 56 
154 154 35 86 
155 155 93 91 
156 156 41 7 
157 157 54 66 
158 158 48 45 
159 159 43 75 
160 160 24 20 
161 161 46 67 
162 162 63 75 
163 163 65 88 
164 164 39 72 
165 165 58 49 
166 166 30 95 
167 167 88 86 
168 168 37 69 
169 169 92 18 
170 170 26 26 
171 171 81 24 
172 172 5 56 
173 173 1 35 
174 174 31 58 
175 175 59 72 
176 176 66 82 
177 177 86 55 
178 178 9 86 
179 179 87 88 
180 180 85 1 
181 181 40 53 
182 182 32 7 
183 183 28 25 
184 184 47 30 
185 185 14 30 
186 186 40 91 
187 187 87 80 
188 188 90 44 
189 189 58 90 
190 190 87 41 
191 191 19 34 
192 192 46 40 
193 193 59 82 
194 194 27 44 
195 195 13 25 
196 196 4 22 
197 197 60 68 
198 198 75 38 
199 199 39 13 
200 200 86 15 
201 201 24 28 
202 202 59 71 
203 203 39 15 
204 204 96 28 
205 205 4 43 
206 206 4 96 
207 207 53 49 
208 208 70 7 
209 209 64 37 
210 210 81 77 
211 211 4 88 
212 212 49 64 
213 213 34 31 
214 214 13 95 
215 215 43 71 
216 216 59 29 
217 217 30 92 
218 218 84 37 
219 219 96 39 
220 220 31 73 
221 221 43 39 
222 222 46 41 
223 223 67 85 
224 224 32 96 
225 225 14 90 
226 226 74 8 
227 227 81 59 
228 228 11 6 
229 229 24 84 
230 230 15 9 
231 231 82 4 
232 232 23 2 
233 233 58 91 
234 234 98 72 
235 235 6 19 
236 236 38 64 
237 237 2 85 
238 238 12 79 
239 239 32 75 
240 240 4 66 
241 241 4 75 
242 242 4 78 
243 243 33 92 
244 244 5 2 
245 245 33 61 
246 246 98 29 
247 247 43 51 
248 248 69 0 
249 249 35 37 
250 250 16 0 
251 251 42 9 
252 252 22 4 
253 253 51 3 
254 254 48 34 
255 255 16 51 
256 256 6 58 
257 257 83 71 
258 258 12 8 
259 259 23 76 
260 260 72 9 
261 261 45 9 
262 262 73 67 
263 263 74 10 
264 264 87 71 
265 265 60 47 
266 266 43 8 
267 267 0 14 
268 268 49 44 
269 269 45 22 
270 270 29 47 
271 271 94 37 
272 272 47 87 
273 273 76 15 
274 274 90 92 
275 275 1 30 
276 276 97 99 
277 277 41 49 
278 278 48 88 
279 279 29 34 
280 280 65 58 
281 281 95 89 
282 282 75 1 
283 283 2 45 
284 284 35 4 
285 285 43 70 
286 286 84 34 
287 287 51 43 
288 288 28 93 
289 289 11 50 
290 290 3 8 
291 291 53 82 
292 292 86 96 
293 293 63 94 
294 294 96 11 
295 295 6 26 
296 296 41 68 
297 297 14 23 
298 298 73 39 
299 299 64 48 
#
EDGES (from-node to-node length a b):
0 217 48 0 
0 161 21 0 
0 45 17 0 
0 25 45 0 
0 4 41 0 
1 71 54 0 
2 265 55 0 
2 233 52 0 
2 184 54 0 
2 14 3 0 
3 139 28 0 
4 126 82 0 
5 250 28 0 
5 226 30 0 
5 213 29 0 
5 104 26 0 
5 33 24 0 
6 210 66 0 
7 96 15 0 
8 258 6 0 
8 209 55 0 
8 156 28 0 
8 150 71 0 
8 103 108 0 
9 229 44 0 
9 222 35 0 
9 107 16 0 
9 60 18 0 
10 226 57 0 
10 97 41 0 
10 19 27 0 
11 281 84 0 
11 173 46 0 
11 160 21 0 
11 138 49 0 
11 12 22 0 
12 125 18 0 
13 241 110 0 
14 184 52 0 
14 113 64 0 
14 55 49 0 
15 292 89 0 
15 289 27 0 
15 164 44 0 
15 91 47 0 
15 45 36 0 
15 32 18 0 
16 185 58 0 
16 149 34 0 
16 135 76 0 
16 126 25 0 
16 89 76 0 
16 33 101 0 
17 205 82 0 
17 187 25 0 
18 230 109 0 
18 196 110 0 
18 69 55 0 
20 250 100 0 
20 224 13 0 
20 93 61 0 
20 80 63 0 
20 57 20 0 
21 292 83 0 
21 43 50 0 
22 211 34 0 
22 193 24 0 
22 170 68 0 
22 150 63 0 
22 99 41 0 
23 140 81 0 
23 92 100 0 
23 32 81 0 
24 297 6 0 
24 76 11 0 
25 210 38 0 
26 119 54 0 
27 227 45 0 
27 200 19 0 
27 125 20 0 
27 93 43 0 
28 264 65 0 
29 257 5 0 
30 182 92 0 
30 145 110 0 
30 138 126 0 
30 99 47 0 
30 47 64 0 
31 190 12 0 
31 130 7 0 
32 137 90 0 
32 108 37 0 
32 89 56 0 
32 39 37 0 
33 183 46 0 
33 139 25 0 
34 194 37 0 
34 191 27 0 
34 104 30 0 
35 216 17 0 
35 204 50 0 
35 88 1 0 
35 82 24 0 
36 272 34 0 
36 268 38 0 
36 253 72 0 
36 191 34 0 
36 114 14 0 
37 285 49 0 
37 60 26 0 
38 116 57 0 
39 271 45 0 
39 46 72 0 
40 237 104 0 
40 155 74 0 
40 120 17 0 
40 50 78 0 
41 294 56 0 
42 290 72 0 
42 97 74 0 
42 96 11 0 
43 234 47 0 
43 135 33 0 
43 88 13 0 
43 54 70 0 
43 47 27 0 
44 221 23 0 
44 192 27 0 
44 78 80 0 
45 249 27 0 
45 206 50 0 
45 163 35 0 
45 103 54 0 
45 86 34 0 
45 48 16 0 
46 268 50 0 
46 152 27 0 
46 62 80 0 
47 103 30 0 
48 243 46 0 
48 187 47 0 
49 201 30 0 
49 70 26 0 
50 81 63 0 
50 53 83 0 
51 297 38 0 
51 206 87 0 
52 284 40 0 
52 239 36 0 
52 210 70 0 
53 256 25 0 
53 221 23 0 
53 131 62 0 
54 108 46 0 
54 65 116 0 
55 240 51 0 
55 124 55 0 
56 271 36 0 
56 61 30 0 
57 66 30 0 
58 206 96 0 
58 187 43 0 
58 166 76 0 
58 141 14 0 
58 70 72 0 
59 289 30 0 
59 259 8 0 
59 148 31 0 
59 101 21 0 
60 286 58 0 
60 251 82 0 
60 243 30 0 
60 160 78 0 
60 90 7 0 
60 71 71 0 
61 164 59 0 
61 131 89 0 
61 69 65 0 
62 227 7 0 
62 221 45 0 
62 173 84 0 
62 113 18 0 
63 261 25 0 
63 249 39 0 
63 124 65 0 
64 190 31 0 
64 143 60 0 
64 133 60 0 
66 265 66 0 
66 219 98 0 
66 145 105 0 
66 136 90 0 
66 76 75 0 
67 248 33 0 
67 144 29 0 
68 191 51 0 
69 210 39 0 
69 201 63 0 
69 190 64 0 
69 183 65 0 
69 158 43 0 
70 226 74 0 
71 273 17 0 
71 160 35 0 
72 105 44 0 
73 269 17 0 
73 206 88 0 
73 135 43 0 
73 97 50 0 
74 135 62 0 
75 220 13 0 
75 146 57 0 
76 197 71 0 
76 149 30 0 
77 214 78 0 
77 210 73 0 
77 208 36 0 
77 116 32 0 
77 111 53 0 
78 280 31 0 
78 264 16 0 
78 83 55 0 
79 262 95 0 
79 218 87 0 
80 259 52 0 
80 191 33 0 
80 88 10 0 
81 275 94 0 
81 257 38 0 
83 157 70 0 
84 179 78 0 
85 280 64 0 
85 188 92 0 
86 298 47 0 
87 274 71 0 
87 182 32 0 
87 99 33 0 
88 170 26 0 
88 102 55 0 
89 296 43 0 
89 274 58 0 
90 252 88 0 
90 216 56 0 
91 263 61 0 
91 179 39 0 
91 150 34 0 
91 106 36 0 
92 217 100 0 
92 183 54 0 
93 259 39 0 
93 109 27 0 
94 270 18 0 
94 266 52 0 
94 252 46 0 
94 180 88 0 
94 112 37 0 
95 270 71 0 
95 109 83 0 
96 283 82 0 
96 229 86 0 
96 100 28 0 
97 228 53 0 
98 298 11 0 
98 273 34 0 
98 142 60 0 
99 293 55 0 
100 170 63 0 
100 109 74 0 
101 147 67 0 
101 104 64 0 
102 286 74 0 
102 179 42 0 
102 178 39 0 
102 150 62 0 
103 116 108 0 
104 112 64 0 
105 158 42 0 
105 156 5 0 
107 268 44 0 
107 197 23 0 
107 192 49 0 
108 153 74 0 
108 143 40 0 
109 145 82 0 
110 290 35 0 
111 217 40 0 
112 130 70 0 
112 127 88 0 
112 119 91 0 
113 269 67 0 
114 213 26 0 
114 165 37 0 
115 288 69 0 
115 282 54 0 
115 278 50 0 
115 204 28 0 
115 168 50 0 
115 163 39 0 
116 271 91 0 
117 247 36 0 
117 121 88 0 
118 244 78 0 
118 177 31 0 
118 127 8 0 
119 256 74 0 
119 138 28 0 
120 264 47 0 
121 250 3 0 
121 214 93 0 
121 182 15 0 
121 131 97 0 
122 280 20 0 
122 267 80 0 
122 158 27 0 
123 277 33 0 
123 233 32 0 
124 262 50 0 
125 255 81 0 
125 243 103 0 
125 230 65 0 
126 232 66 0 
126 214 31 0 
127 201 57 0 
127 173 80 0 
127 169 19 0 
127 144 2 0 
127 135 31 0 
128 289 33 0 
128 257 54 0 
128 227 55 0 
129 186 36 0 
129 182 95 0 
130 287 23 0 
131 135 75 0 
132 168 82 0 
133 220 25 0 
133 194 39 0 
133 173 43 0 
134 251 70 0 
134 216 52 0 
134 199 66 0 
135 253 70 0 
136 267 14 0 
136 230 2 0 
137 222 52 0 
137 171 61 0 
137 160 82 0 
138 251 49 0 
139 241 74 0 
139 169 36 0 
139 144 28 0 
141 265 20 0 
141 188 26 0 
142 275 40 0 
142 232 64 0 
142 180 93 0 
143 172 50 0 
144 253 44 0 
144 154 72 0 
146 273 52 0 
146 192 41 0 
146 177 15 0 
147 274 100 0 
148 269 76 0 
150 297 67 0 
150 222 32 0 
151 299 58 0 
151 291 46 0 
151 258 122 0 
151 175 45 0 
154 299 48 0 
154 227 53 0 
154 169 89 0 
155 294 80 0 
155 280 43 0 
155 215 54 0 
157 181 19 0 
158 166 53 0 
158 162 34 0 
159 238 31 0 
159 233 22 0 
159 187 44 0 
160 294 73 0 
160 289 33 0 
160 239 56 0 
160 228 19 0 
160 208 48 0 
161 248 71 0 
161 190 49 0 
162 253 73 0 
164 249 35 0 
166 224 2 0 
166 216 72 0 
167 248 88 0 
167 236 55 0 
167 212 45 0 
167 202 33 0 
168 195 50 0 
169 218 21 0 
170 255 27 0 
171 298 17 0 
173 191 18 0 
174 291 33 0 
175 253 69 0 
175 190 42 0 
176 299 34 0 
177 256 80 0 
179 256 86 0 
179 243 54 0 
179 202 33 0 
179 190 47 0 
180 286 33 0 
180 280 60 0 
182 193 80 0 
183 283 33 0 
184 231 44 0 
184 226 35 0 
185 269 32 0 
185 267 21 0 
185 197 60 0 
186 260 88 0 
186 256 47 0 
187 200 65 0 
188 289 79 0 
188 229 77 0 
188 204 17 0 
189 213 64 0 
190 234 33 0 
190 198 12 0 
191 217 59 0 
192 282 49 0 
192 251 31 0 
192 212 24 0 
192 209 18 0 
193 255 53 0 
193 232 88 0 
193 231 81 0 
195 285 54 0 
196 254 46 0 
197 211 59 0 
198 229 69 0 
198 208 31 0 
199 241 71 0 
201 221 22 0 
202 243 33 0 
202 218 42 0 
203 207 37 0 
204 248 39 0 
204 242 105 0 
204 236 68 0 
205 295 17 0 
205 233 72 0 
205 209 60 0 
206 278 45 0 
206 233 54 0 
206 213 72 0 
207 295 52 0 
207 245 23 0 
207 244 67 0 
208 227 53 0 
209 281 61 0 
209 256 62 0 
213 229 54 0 
215 262 30 0 
215 254 37 0 
215 225 35 0 
216 284 35 0 
217 244 93 0 
219 291 61 0 
220 249 36 0 
220 227 52 0 
221 266 31 0 
222 235 46 0 
223 226 77 0 
225 254 66 0 
228 293 102 0 
229 290 79 0 
230 239 68 0 
231 268 52 0 
231 252 60 0 
232 248 46 0 
236 264 49 0 
237 275 55 0 
238 286 85 0 
239 287 37 0 
240 280 62 0 
241 290 67 0 
244 296 75 0 
244 276 134 0 
246 296 69 0 
248 298 39 0 
251 279 28 0 
252 289 47 0 
253 284 16 0 
257 261 73 0 
258 291 85 0 
258 284 23 0 
259 285 21 0 
263 272 82 0 
264 279 69 0 
265 299 4 0 
266 273 34 0 
270 285 27 0 
272 295 73 0 
272 291 8 0 
278 287 45 0 
286 289 75 0 
293 296 34 0 
