#GRAPH (#nodes #edges id uu vv ww xx yy zz):
#300 1074 geo(0,{300,100,3,0.011,0.000,0.000}) 100 
#
VERTICES (index name u v w x y z):
0 0 74 50 
1 1 32 50 
2 2 81 54 
3 3 58 17 
4 4 1 28 
5 5 91 28 
6 6 86 33 
7 7 73 80 
8 8 48 89 
9 9 14 86 
10 10 20 93 
11 11 67 46 
12 12 31 66 
13 13 20 5 
14 14 50 68 
15 15 84 62 
16 16 89 50 
17 17 99 28 
18 18 58 99 
19 19 45 52 
20 20 36 61 
21 21 25 77 
22 22 23 55 
23 23 0 68 
24 24 31 30 
25 25 30 64 
26 26 87 60 
27 27 2 39 
28 28 65 68 
29 29 83 15 
30 30 84 48 
31 31 29 82 
32 32 92 45 
33 33 29 92 
34 34 19 65 
35 35 95 30 
36 36 59 47 
37 37 26 89 
38 38 50 81 
39 39 45 61 
40 40 71 91 
41 41 33 53 
42 42 31 39 
43 43 47 52 
44 44 41 76 
45 45 51 56 
46 46 70 97 
47 47 91 90 
48 48 82 20 
49 49 68 42 
50 50 16 87 
51 51 8 37 
52 52 97 41 
53 53 29 36 
54 54 67 60 
55 55 33 10 
56 56 39 91 
57 57 81 48 
58 58 28 50 
59 59 13 66 
60 60 53 26 
61 61 29 1 
62 62 97 38 
63 63 80 70 
64 64 56 98 
65 65 66 99 
66 66 89 19 
67 67 83 73 
68 68 76 93 
69 69 15 45 
70 70 24 27 
71 71 69 74 
72 72 92 51 
73 73 11 66 
74 74 16 57 
75 75 98 37 
76 76 39 76 
77 77 71 99 
78 78 40 26 
79 79 26 98 
80 80 15 88 
81 81 86 34 
82 82 63 54 
83 83 27 28 
84 84 20 53 
85 85 96 96 
86 86 56 54 
87 87 79 52 
88 88 56 18 
89 89 63 31 
90 90 94 48 
91 91 86 43 
92 92 51 96 
93 93 45 87 
94 94 73 27 
95 95 31 59 
96 96 19 28 
97 97 52 80 
98 98 94 59 
99 99 35 49 
100 100 70 11 
101 101 38 66 
102 102 92 32 
103 103 84 13 
104 104 95 70 
105 105 2 2 
106 106 94 56 
107 107 90 65 
108 108 22 87 
109 109 93 44 
110 110 97 91 
111 111 79 75 
112 112 15 2 
113 113 87 68 
114 114 22 72 
115 115 23 39 
116 116 55 21 
117 117 73 56 
118 118 47 54 
119 119 86 74 
120 120 37 74 
121 121 27 75 
122 122 57 36 
123 123 97 93 
124 124 86 94 
125 125 57 88 
126 126 80 7 
127 127 29 65 
128 128 63 90 
129 129 58 38 
130 130 1 32 
131 131 57 77 
132 132 7 71 
133 133 8 46 
134 134 18 95 
135 135 62 26 
136 136 90 6 
137 137 71 4 
138 138 64 70 
139 139 71 93 
140 140 39 74 
141 141 77 33 
142 142 44 69 
143 143 37 94 
144 144 18 83 
145 145 40 18 
146 146 45 68 
147 147 52 51 
148 148 76 23 
149 149 28 41 
150 150 75 9 
151 151 4 70 
152 152 63 13 
153 153 91 89 
154 154 76 2 
155 155 50 9 
156 156 51 38 
157 157 64 29 
158 158 57 66 
159 159 22 86 
160 160 46 52 
161 161 47 64 
162 162 9 36 
163 163 37 16 
164 164 79 44 
165 165 82 26 
166 166 93 1 
167 167 11 80 
168 168 25 90 
169 169 8 38 
170 170 38 32 
171 171 72 41 
172 172 22 9 
173 173 85 57 
174 174 39 24 
175 175 35 13 
176 176 63 47 
177 177 70 86 
178 178 25 18 
179 179 82 7 
180 180 97 35 
181 181 25 6 
182 182 31 5 
183 183 70 77 
184 184 9 79 
185 185 33 36 
186 186 29 76 
187 187 16 63 
188 188 60 29 
189 189 19 89 
190 190 84 86 
191 191 88 4 
192 192 16 74 
193 193 90 76 
194 194 82 4 
195 195 62 45 
196 196 37 9 
197 197 77 8 
198 198 86 30 
199 199 89 3 
200 200 38 90 
201 201 7 42 
202 202 20 8 
203 203 72 12 
204 204 3 8 
205 205 84 17 
206 206 67 7 
207 207 66 80 
208 208 53 47 
209 209 61 78 
210 210 94 90 
211 211 0 67 
212 212 71 43 
213 213 98 97 
214 214 4 75 
215 215 89 99 
216 216 44 62 
217 217 50 8 
218 218 51 75 
219 219 41 17 
220 220 69 62 
221 221 95 6 
222 222 48 73 
223 223 79 58 
224 224 4 92 
225 225 12 96 
226 226 2 82 
227 227 73 24 
228 228 72 69 
229 229 83 46 
230 230 99 97 
231 231 53 28 
232 232 4 37 
233 233 14 79 
234 234 5 33 
235 235 96 38 
236 236 28 55 
237 237 30 62 
238 238 66 38 
239 239 59 22 
240 240 34 86 
241 241 61 54 
242 242 3 56 
243 243 36 91 
244 244 51 77 
245 245 14 50 
246 246 59 56 
247 247 95 57 
248 248 14 30 
249 249 0 61 
250 250 6 22 
251 251 6 47 
252 252 58 1 
253 253 18 50 
254 254 95 72 
255 255 74 70 
256 256 73 14 
257 257 67 19 
258 258 3 39 
259 259 59 91 
260 260 59 49 
261 261 58 91 
262 262 86 38 
263 263 90 3 
264 264 24 20 
265 265 74 11 
266 266 20 52 
267 267 61 85 
268 268 30 34 
269 269 73 90 
270 270 17 13 
271 271 78 65 
272 272 70 57 
273 273 81 31 
274 274 54 67 
275 275 79 92 
276 276 29 24 
277 277 79 73 
278 278 58 16 
279 279 81 21 
280 280 82 43 
281 281 67 1 
282 282 28 13 
283 283 95 87 
284 284 80 2 
285 285 23 64 
286 286 51 95 
287 287 32 30 
288 288 43 33 
289 289 89 42 
290 290 20 45 
291 291 16 0 
292 292 53 21 
293 293 42 60 
294 294 67 80 
295 295 39 1 
296 296 64 95 
297 297 88 12 
298 298 46 86 
299 299 89 69 
#
EDGES (from-node to-node length a b):
0 213 53 0 
0 168 63 0 
1 82 31 0 
1 76 27 0 
1 73 26 0 
2 198 25 0 
2 188 33 0 
2 182 70 0 
2 168 67 0 
2 144 69 0 
2 43 34 0 
3 175 23 0 
3 166 38 0 
3 148 19 0 
3 56 76 0 
3 41 44 0 
4 281 71 0 
4 233 53 0 
4 197 79 0 
4 107 96 0 
4 41 41 0 
5 279 12 0 
5 274 54 0 
5 259 71 0 
5 246 43 0 
5 69 78 0 
5 10 96 0 
6 257 24 0 
6 185 53 0 
6 131 53 0 
6 113 35 0 
6 110 59 0 
7 274 23 0 
7 241 29 0 
7 154 78 0 
7 148 57 0 
7 88 64 0 
8 296 17 0 
8 253 49 0 
8 218 14 0 
8 147 38 0 
8 145 71 0 
8 10 28 0 
9 288 60 0 
9 260 58 0 
9 239 78 0 
9 232 50 0 
9 215 76 0 
9 198 91 0 
9 177 56 0 
9 134 10 0 
9 100 94 0 
9 73 20 0 
9 48 95 0 
9 35 98 0 
9 26 77 0 
10 217 90 0 
10 141 83 0 
10 96 65 0 
10 48 96 0 
11 271 22 0 
11 269 44 0 
11 75 32 0 
11 17 37 0 
12 266 18 0 
12 248 40 0 
12 245 23 0 
12 94 57 0 
13 296 100 0 
13 292 37 0 
13 278 40 0 
13 274 71 0 
13 241 64 0 
13 90 86 0 
14 221 77 0 
14 210 49 0 
14 165 53 0 
14 35 59 0 
15 296 39 0 
15 267 33 0 
16 205 33 0 
16 200 65 0 
16 126 44 0 
16 106 8 0 
17 263 27 0 
17 99 67 0 
17 81 14 0 
18 269 17 0 
18 197 93 0 
19 284 61 0 
19 215 64 0 
20 259 38 0 
20 213 72 0 
20 109 59 0 
20 57 47 0 
20 53 26 0 
21 190 60 0 
21 91 70 0 
21 90 75 0 
22 284 78 0 
22 189 34 0 
22 49 47 0 
23 190 86 0 
23 186 30 0 
23 164 83 0 
23 90 96 0 
23 34 19 0 
24 214 52 0 
24 65 77 0 
25 247 65 0 
25 201 32 0 
25 159 23 0 
25 150 71 0 
25 94 57 0 
26 273 30 0 
26 252 66 0 
26 143 60 0 
26 128 38 0 
27 240 57 0 
27 213 112 0 
27 54 68 0 
28 195 23 0 
28 129 31 0 
28 34 46 0 
29 62 27 0 
29 59 87 0 
30 151 83 0 
31 182 77 0 
31 57 62 0 
32 172 79 0 
33 218 28 0 
33 134 11 0 
33 112 91 0 
33 82 51 0 
33 39 35 0 
34 199 94 0 
34 184 17 0 
35 258 92 0 
35 176 36 0 
35 158 52 0 
36 285 40 0 
36 188 18 0 
37 232 56 0 
37 62 87 0 
38 298 6 0 
38 267 12 0 
38 155 72 0 
38 41 33 0 
39 145 43 0 
39 93 26 0 
39 47 54 0 
40 288 64 0 
40 212 48 0 
40 121 47 0 
40 50 55 0 
41 289 57 0 
41 271 47 0 
41 242 30 0 
41 104 64 0 
42 269 66 0 
42 200 51 0 
42 87 50 0 
42 79 59 0 
42 76 38 0 
43 272 24 0 
43 139 48 0 
43 71 31 0 
43 55 44 0 
44 156 39 0 
44 69 40 0 
44 68 39 0 
44 55 66 0 
44 52 66 0 
45 256 47 0 
46 237 53 0 
46 212 54 0 
46 165 72 0 
47 290 84 0 
47 258 102 0 
47 115 85 0 
48 292 29 0 
48 218 63 0 
48 186 77 0 
48 138 53 0 
48 136 16 0 
48 89 22 0 
49 293 32 0 
50 246 53 0 
50 110 81 0 
51 274 55 0 
51 206 66 0 
51 162 1 0 
51 144 47 0 
51 125 71 0 
53 230 93 0 
53 77 76 0 
53 69 17 0 
54 235 36 0 
54 172 68 0 
54 58 40 0 
55 234 36 0 
55 108 78 0 
55 64 91 0 
55 56 81 0 
56 270 81 0 
56 186 18 0 
57 293 41 0 
57 153 42 0 
58 260 31 0 
58 255 50 0 
58 203 58 0 
58 123 81 0 
59 272 58 0 
59 240 29 0 
59 195 53 0 
60 172 35 0 
60 113 54 0 
61 94 51 0 
61 72 80 0 
62 96 79 0 
63 274 26 0 
64 256 86 0 
64 151 59 0 
65 266 66 0 
66 272 42 0 
66 247 38 0 
66 174 50 0 
66 157 27 0 
66 112 76 0 
66 88 33 0 
66 73 91 0 
67 263 70 0 
67 127 55 0 
67 112 98 0 
68 250 100 0 
68 206 86 0 
68 191 90 0 
70 124 91 0 
70 80 62 0 
71 118 30 0 
72 199 48 0 
72 82 29 0 
73 192 9 0 
74 183 58 0 
75 276 70 0 
76 287 47 0 
76 237 17 0 
76 211 40 0 
76 203 72 0 
76 171 48 0 
76 108 20 0 
76 100 72 0 
77 290 74 0 
77 224 67 0 
78 287 9 0 
78 145 8 0 
78 137 38 0 
79 271 62 0 
79 269 48 0 
79 245 49 0 
79 210 68 0 
79 140 27 0 
80 176 63 0 
80 143 23 0 
81 268 56 0 
81 202 71 0 
83 294 66 0 
83 293 35 0 
83 282 15 0 
84 293 23 0 
84 120 27 0 
85 261 38 0 
85 225 84 0 
85 114 78 0 
85 104 26 0 
86 219 40 0 
86 124 50 0 
87 269 38 0 
87 186 55 0 
87 180 25 0 
88 189 80 0 
89 200 64 0 
89 104 50 0 
90 276 69 0 
90 207 43 0 
90 184 90 0 
90 175 69 0 
91 284 41 0 
91 232 82 0 
91 192 77 0 
91 154 42 0 
92 291 102 0 
92 170 65 0 
92 113 46 0 
93 279 75 0 
95 290 18 0 
95 203 62 0 
96 283 96 0 
96 259 75 0 
96 187 35 0 
96 104 87 0 
97 210 43 0 
97 144 34 0 
97 114 31 0 
98 241 33 0 
98 184 87 0 
99 237 14 0 
101 216 7 0 
101 121 14 0 
102 270 77 0 
102 268 62 0 
103 135 26 0 
104 150 64 0 
105 151 68 0 
106 292 54 0 
107 259 40 0 
107 115 72 0 
108 218 31 0 
108 204 81 0 
108 181 81 0 
108 163 73 0 
109 165 21 0 
109 156 42 0 
110 198 62 0 
110 194 88 0 
111 219 69 0 
111 171 35 0 
111 161 34 0 
112 279 69 0 
112 151 69 0 
112 142 73 0 
113 173 11 0 
113 147 39 0 
115 183 60 0 
116 182 29 0 
116 181 34 0 
116 179 30 0 
116 143 75 0 
117 293 31 0 
117 146 30 0 
118 276 35 0 
118 188 28 0 
118 181 53 0 
118 169 42 0 
118 160 2 0 
118 153 56 0 
119 251 84 0 
120 284 84 0 
122 190 57 0 
123 250 115 0 
124 236 70 0 
124 215 6 0 
125 264 76 0 
125 253 54 0 
126 195 42 0 
126 171 35 0 
126 138 65 0 
127 146 16 0 
128 244 18 0 
128 143 26 0 
129 279 29 0 
129 182 43 0 
130 298 70 0 
130 266 28 0 
130 233 49 0 
130 204 24 0 
131 299 33 0 
131 134 43 0 
132 278 75 0 
132 178 56 0 
132 159 21 0 
133 279 77 0 
133 212 63 0 
133 137 76 0 
134 174 74 0 
135 277 50 0 
135 176 21 0 
135 167 74 0 
136 196 53 0 
136 152 28 0 
137 269 86 0 
137 206 5 0 
138 253 50 0 
138 211 64 0 
138 190 26 0 
138 171 30 0 
138 168 44 0 
138 151 60 0 
139 227 69 0 
139 162 84 0 
140 217 67 0 
142 158 13 0 
143 273 77 0 
143 266 45 0 
143 214 38 0 
145 243 73 0 
145 156 23 0 
147 268 28 0 
147 166 65 0 
149 259 59 0 
149 251 23 0 
149 207 54 0 
150 270 58 0 
150 250 70 0 
150 203 4 0 
150 185 50 0 
150 159 93 0 
152 196 26 0 
153 281 91 0 
153 235 51 0 
153 210 3 0 
153 170 78 0 
154 255 68 0 
155 262 46 0 
155 251 58 0 
157 268 34 0 
157 200 66 0 
158 199 71 0 
160 249 47 0 
160 185 21 0 
161 299 42 0 
161 287 37 0 
161 254 49 0 
161 253 32 0 
162 288 34 0 
162 247 89 0 
162 238 57 0 
163 281 34 0 
164 178 60 0 
164 175 54 0 
164 166 45 0 
165 272 33 0 
165 239 23 0 
165 222 58 0 
165 205 9 0 
165 169 75 0 
166 264 72 0 
167 277 68 0 
167 193 79 0 
168 219 75 0 
168 210 69 0 
170 247 62 0 
170 192 47 0 
171 261 52 0 
171 253 55 0 
171 250 69 0 
172 297 66 0 
172 270 6 0 
172 226 76 0 
172 201 36 0 
174 265 37 0 
174 226 69 0 
175 223 63 0 
175 217 16 0 
176 181 56 0 
177 253 63 0 
178 247 80 0 
178 200 73 0 
181 264 14 0 
181 217 25 0 
182 271 76 0 
182 196 7 0 
183 249 72 0 
183 186 41 0 
185 255 53 0 
186 235 77 0 
186 206 79 0 
187 214 17 0 
188 283 68 0 
188 231 7 0 
188 201 55 0 
188 196 30 0 
189 269 54 0 
190 255 19 0 
192 275 66 0 
193 270 96 0 
194 266 78 0 
195 229 21 0 
197 249 93 0 
197 240 89 0 
198 290 68 0 
199 244 83 0 
200 238 59 0 
201 246 54 0 
202 209 81 0 
204 231 54 0 
207 230 37 0 
208 209 32 0 
209 288 48 0 
210 260 54 0 
211 298 50 0 
211 272 71 0 
211 248 40 0 
212 244 39 0 
212 242 69 0 
212 226 79 0 
213 248 107 0 
215 296 25 0 
215 252 103 0 
216 286 34 0 
218 276 56 0 
218 241 23 0 
218 221 82 0 
220 254 28 0 
221 271 61 0 
221 241 59 0 
222 296 27 0 
225 280 88 0 
227 258 72 0 
228 252 69 0 
228 239 49 0 
233 284 101 0 
234 296 86 0 
234 237 38 0 
235 274 51 0 
238 286 59 0 
238 269 52 0 
238 253 49 0 
239 296 73 0 
240 295 85 0 
240 292 68 0 
241 275 42 0 
241 258 60 0 
242 262 85 0 
251 290 14 0 
253 289 71 0 
253 271 62 0 
255 273 40 0 
259 290 60 0 
261 283 37 0 
264 285 44 0 
269 291 107 0 
272 292 40 0 
275 299 25 0 
278 279 24 0 
281 293 64 0 
283 291 118 0 
