#GRAPH (#nodes #edges id uu vv ww xx yy zz):
#300 1020 geo(0,{300,100,3,0.011,0.000,0.000}) 100 
#
VERTICES (index name u v w x y z):
0 0 44 3 
1 1 34 51 
2 2 39 29 
3 3 10 64 
4 4 15 5 
5 5 56 27 
6 6 55 9 
7 7 45 3 
8 8 91 17 
9 9 18 41 
10 10 8 40 
11 11 79 93 
12 12 98 61 
13 13 11 96 
14 14 90 22 
15 15 25 40 
16 16 69 79 
17 17 35 17 
18 18 76 44 
19 19 47 31 
20 20 58 47 
21 21 28 47 
22 22 37 23 
23 23 47 29 
24 24 29 7 
25 25 8 47 
26 26 43 59 
27 27 66 1 
28 28 18 28 
29 29 34 54 
30 30 53 25 
31 31 16 49 
32 32 60 72 
33 33 49 8 
34 34 75 14 
35 35 87 38 
36 36 26 17 
37 37 49 80 
38 38 62 35 
39 39 74 91 
40 40 85 54 
41 41 17 33 
42 42 76 33 
43 43 96 66 
44 44 45 32 
45 45 78 47 
46 46 34 31 
47 47 64 1 
48 48 91 49 
49 49 40 76 
50 50 26 44 
51 51 32 22 
52 52 38 91 
53 53 68 93 
54 54 29 73 
55 55 39 40 
56 56 82 16 
57 57 16 36 
58 58 58 21 
59 59 1 43 
60 60 74 77 
61 61 62 18 
62 62 99 72 
63 63 97 7 
64 64 69 65 
65 65 79 50 
66 66 78 93 
67 67 62 26 
68 68 46 18 
69 69 38 65 
70 70 67 95 
71 71 96 65 
72 72 98 72 
73 73 94 57 
74 74 63 15 
75 75 41 67 
76 76 48 32 
77 77 1 12 
78 78 5 33 
79 79 60 40 
80 80 96 24 
81 81 4 84 
82 82 12 99 
83 83 52 27 
84 84 18 19 
85 85 0 16 
86 86 13 45 
87 87 60 92 
88 88 69 4 
89 89 19 5 
90 90 58 99 
91 91 62 46 
92 92 95 44 
93 93 37 45 
94 94 9 88 
95 95 36 3 
96 96 98 45 
97 97 36 42 
98 98 56 4 
99 99 83 30 
100 100 56 58 
101 101 47 42 
102 102 93 71 
103 103 70 83 
104 104 61 33 
105 105 20 99 
106 106 92 15 
107 107 92 71 
108 108 14 84 
109 109 71 56 
110 110 68 92 
111 111 78 48 
112 112 34 56 
113 113 93 4 
114 114 28 84 
115 115 46 88 
116 116 76 41 
117 117 61 9 
118 118 96 29 
119 119 32 81 
120 120 18 76 
121 121 28 96 
122 122 7 74 
123 123 89 0 
124 124 30 57 
125 125 0 4 
126 126 12 85 
127 127 6 31 
128 128 77 65 
129 129 86 1 
130 130 50 14 
131 131 12 4 
132 132 75 89 
133 133 11 62 
134 134 2 32 
135 135 66 78 
136 136 28 42 
137 137 52 76 
138 138 10 60 
139 139 62 88 
140 140 70 49 
141 141 68 8 
142 142 77 88 
143 143 43 55 
144 144 36 30 
145 145 13 8 
146 146 53 36 
147 147 56 77 
148 148 52 92 
149 149 82 66 
150 150 34 94 
151 151 34 44 
152 152 36 20 
153 153 55 58 
154 154 45 21 
155 155 20 82 
156 156 73 66 
157 157 16 72 
158 158 76 82 
159 159 72 40 
160 160 21 65 
161 161 5 34 
162 162 55 13 
163 163 76 62 
164 164 86 12 
165 165 60 6 
166 166 74 78 
167 167 57 8 
168 168 98 82 
169 169 92 86 
170 170 56 46 
171 171 65 71 
172 172 41 85 
173 173 27 32 
174 174 23 15 
175 175 14 90 
176 176 90 98 
177 177 48 56 
178 178 14 92 
179 179 92 8 
180 180 58 43 
181 181 44 5 
182 182 99 71 
183 183 62 65 
184 184 37 28 
185 185 29 21 
186 186 13 61 
187 187 36 35 
188 188 64 21 
189 189 15 47 
190 190 70 2 
191 191 93 13 
192 192 67 46 
193 193 5 21 
194 194 62 27 
195 195 34 52 
196 196 99 54 
197 197 3 35 
198 198 32 11 
199 199 4 34 
200 200 49 84 
201 201 67 56 
202 202 91 74 
203 203 17 73 
204 204 93 14 
205 205 49 1 
206 206 64 78 
207 207 22 46 
208 208 31 38 
209 209 31 21 
210 210 14 54 
211 211 15 55 
212 212 84 43 
213 213 65 15 
214 214 18 43 
215 215 5 93 
216 216 25 78 
217 217 22 88 
218 218 64 11 
219 219 4 95 
220 220 47 3 
221 221 90 48 
222 222 42 25 
223 223 73 62 
224 224 73 93 
225 225 76 45 
226 226 43 41 
227 227 78 71 
228 228 44 37 
229 229 25 30 
230 230 38 82 
231 231 57 72 
232 232 47 50 
233 233 31 62 
234 234 33 9 
235 235 27 85 
236 236 81 10 
237 237 7 35 
238 238 68 63 
239 239 4 78 
240 240 88 30 
241 241 31 18 
242 242 92 17 
243 243 27 28 
244 244 43 31 
245 245 24 21 
246 246 86 92 
247 247 0 78 
248 248 75 47 
249 249 50 20 
250 250 20 89 
251 251 24 47 
252 252 73 17 
253 253 52 0 
254 254 51 36 
255 255 14 97 
256 256 83 39 
257 257 12 43 
258 258 25 12 
259 259 95 69 
260 260 28 91 
261 261 98 22 
262 262 53 32 
263 263 38 26 
264 264 68 7 
265 265 41 43 
266 266 90 42 
267 267 5 95 
268 268 2 34 
269 269 89 90 
270 270 47 19 
271 271 1 93 
272 272 74 30 
273 273 70 78 
274 274 7 33 
275 275 52 78 
276 276 32 73 
277 277 36 59 
278 278 57 16 
279 279 96 52 
280 280 60 31 
281 281 77 50 
282 282 70 56 
283 283 75 50 
284 284 57 94 
285 285 99 56 
286 286 33 15 
287 287 74 45 
288 288 15 77 
289 289 84 61 
290 290 32 8 
291 291 99 21 
292 292 57 69 
293 293 71 49 
294 294 66 58 
295 295 22 33 
296 296 30 72 
297 297 80 75 
298 298 73 44 
299 299 64 16 
#
EDGES (from-node to-node length a b):
0 98 12 0 
1 227 48 0 
1 196 65 0 
1 9 19 0 
2 218 31 0 
2 126 62 0 
2 114 56 0 
2 86 31 0 
3 275 44 0 
3 140 62 0 
3 29 26 0 
4 201 73 0 
4 174 13 0 
5 290 31 0 
5 228 16 0 
5 187 22 0 
5 162 14 0 
5 113 44 0 
5 51 25 0 
6 85 55 0 
6 38 27 0 
7 124 56 0 
7 69 62 0 
7 57 44 0 
7 38 36 0 
8 217 99 0 
9 237 13 0 
9 205 51 0 
9 44 28 0 
10 244 36 0 
10 131 36 0 
10 36 29 0 
10 31 12 0 
11 253 97 0 
11 195 61 0 
11 159 53 0 
12 233 67 0 
12 193 101 0 
12 147 45 0 
13 262 77 0 
13 197 62 0 
13 69 41 0 
14 245 66 0 
14 173 64 0 
15 294 45 0 
15 259 76 0 
15 200 50 0 
16 226 46 0 
16 177 31 0 
17 282 52 0 
17 202 80 0 
18 116 3 0 
18 81 82 0 
19 251 28 0 
19 188 20 0 
19 168 72 0 
19 164 43 0 
19 156 44 0 
20 279 38 0 
20 269 53 0 
20 263 29 0 
20 186 47 0 
20 87 45 0 
21 237 24 0 
21 211 15 0 
21 205 51 0 
21 157 28 0 
21 150 47 0 
21 104 36 0 
22 112 33 0 
23 268 45 0 
23 204 48 0 
23 98 27 0 
24 234 4 0 
24 202 91 0 
24 201 62 0 
24 106 64 0 
24 76 31 0 
25 222 40 0 
25 162 58 0 
25 42 69 0 
26 270 40 0 
26 137 19 0 
26 113 74 0 
26 58 41 0 
27 166 77 0 
27 160 78 0 
28 283 61 0 
28 277 36 0 
28 59 23 0 
29 107 60 0 
29 106 70 0 
29 78 36 0 
29 61 46 0 
30 108 71 0 
30 100 33 0 
32 249 53 0 
32 232 26 0 
32 166 15 0 
32 163 19 0 
32 48 39 0 
33 174 27 0 
33 106 44 0 
34 294 45 0 
34 247 99 0 
34 192 33 0 
34 161 73 0 
34 147 66 0 
34 115 79 0 
35 171 40 0 
35 92 10 0 
35 75 54 0 
36 136 25 0 
36 91 46 0 
36 41 18 0 
37 235 23 0 
37 181 75 0 
37 75 15 0 
38 219 83 0 
38 193 59 0 
38 45 20 0 
39 229 78 0 
39 155 55 0 
39 63 87 0 
40 281 9 0 
40 278 47 0 
40 153 30 0 
41 135 67 0 
41 101 31 0 
41 96 82 0 
41 93 23 0 
42 204 25 0 
42 167 31 0 
43 189 83 0 
43 171 31 0 
44 270 13 0 
44 269 73 0 
44 112 26 0 
45 264 41 0 
45 58 33 0 
46 182 76 0 
47 183 64 0 
48 237 85 0 
48 174 76 0 
48 123 49 0 
48 82 93 0 
49 214 40 0 
49 164 79 0 
50 277 18 0 
50 163 53 0 
51 273 68 0 
51 192 42 0 
51 173 11 0 
52 229 62 0 
52 92 74 0 
53 219 64 0 
53 160 55 0 
53 58 73 0 
54 295 41 0 
54 103 42 0 
54 76 45 0 
55 287 35 0 
55 266 51 0 
55 219 65 0 
56 212 27 0 
56 175 100 0 
56 165 24 0 
57 275 55 0 
57 250 53 0 
57 194 47 0 
58 245 34 0 
58 234 28 0 
58 186 60 0 
58 112 42 0 
58 97 30 0 
59 255 56 0 
59 245 32 0 
60 241 73 0 
60 98 75 0 
60 80 57 0 
61 120 73 0 
62 144 76 0 
62 102 6 0 
63 267 127 0 
63 259 62 0 
63 192 49 0 
64 120 52 0 
65 258 66 0 
65 237 74 0 
65 96 20 0 
66 299 78 0 
66 260 50 0 
66 251 71 0 
66 243 83 0 
66 169 16 0 
67 176 77 0 
67 119 63 0 
68 109 45 0 
69 188 51 0 
69 130 52 0 
70 203 55 0 
70 106 84 0 
71 223 23 0 
71 73 8 0 
72 207 80 0 
72 183 37 0 
72 131 110 0 
72 128 22 0 
73 280 43 0 
73 194 44 0 
73 155 78 0 
74 253 19 0 
75 198 57 0 
75 122 35 0 
76 276 44 0 
76 243 21 0 
76 233 34 0 
77 175 79 0 
77 146 57 0 
78 161 1 0 
78 145 26 0 
79 275 39 0 
79 268 58 0 
79 238 24 0 
79 109 19 0 
80 293 35 0 
80 232 55 0 
81 162 87 0 
81 152 72 0 
82 136 59 0 
83 167 20 0 
83 144 16 0 
83 97 22 0 
84 287 62 0 
84 138 42 0 
85 227 95 0 
85 163 89 0 
86 281 64 0 
87 211 58 0 
87 209 77 0 
88 251 62 0 
88 225 42 0 
89 249 34 0 
89 208 35 0 
89 160 60 0 
90 257 72 0 
90 242 89 0 
90 233 46 0 
90 138 62 0 
90 91 53 0 
92 169 42 0 
93 139 50 0 
94 221 90 0 
95 257 47 0 
95 153 58 0 
95 109 64 0 
96 234 74 0 
96 211 84 0 
97 190 52 0 
98 283 50 0 
98 279 62 0 
98 228 35 0 
99 266 14 0 
99 198 54 0 
99 178 93 0 
99 155 82 0 
99 140 23 0 
100 278 42 0 
100 174 54 0 
100 125 78 0 
102 108 80 0 
103 261 67 0 
104 269 64 0 
104 182 54 0 
105 246 66 0 
105 198 89 0 
105 112 45 0 
107 296 62 0 
107 209 79 0 
107 185 80 0 
108 206 50 0 
108 174 70 0 
108 163 66 0 
109 277 35 0 
109 177 23 0 
109 144 44 0 
110 203 54 0 
110 164 82 0 
111 266 13 0 
111 248 3 0 
111 210 64 0 
111 148 51 0 
112 246 63 0 
112 183 29 0 
113 213 30 0 
113 128 63 0 
114 247 29 0 
114 189 39 0 
114 145 77 0 
115 295 60 0 
115 239 43 0 
115 227 36 0 
115 211 45 0 
115 199 68 0 
116 249 33 0 
116 220 48 0 
116 185 51 0 
116 179 37 0 
116 122 76 0 
117 246 87 0 
117 187 36 0 
118 266 14 0 
118 184 59 0 
120 224 58 0 
121 259 72 0 
121 252 91 0 
121 160 32 0 
122 195 35 0 
123 247 118 0 
123 198 58 0 
123 139 92 0 
123 135 81 0 
123 130 41 0 
124 268 36 0 
124 243 29 0 
125 296 74 0 
127 263 32 0 
128 282 11 0 
128 191 54 0 
128 170 28 0 
129 250 110 0 
129 154 46 0 
131 259 105 0 
131 196 100 0 
132 288 61 0 
132 160 59 0 
132 149 24 0 
133 288 16 0 
133 248 66 0 
133 246 81 0 
133 245 43 0 
133 206 55 0 
134 273 82 0 
134 219 63 0 
134 189 20 0 
135 190 76 0 
135 155 46 0 
136 153 31 0 
139 293 40 0 
139 225 45 0 
140 178 71 0 
141 180 36 0 
142 286 85 0 
142 209 81 0 
143 208 21 0 
143 194 34 0 
144 221 57 0 
145 281 77 0 
146 288 56 0 
146 263 18 0 
146 192 17 0 
147 246 34 0 
149 183 20 0 
150 187 59 0 
151 289 53 0 
151 277 15 0 
151 227 52 0 
152 296 52 0 
152 184 8 0 
153 298 23 0 
153 271 64 0 
153 261 56 0 
153 231 14 0 
153 223 18 0 
154 169 80 0 
155 258 70 0 
155 226 47 0 
155 208 45 0 
155 197 50 0 
155 166 54 0 
157 197 39 0 
158 277 46 0 
158 263 68 0 
158 232 43 0 
159 237 65 0 
161 242 89 0 
161 214 16 0 
164 271 117 0 
164 205 39 0 
165 190 11 0 
165 184 32 0 
167 260 88 0 
167 192 39 0 
168 277 66 0 
168 226 69 0 
168 218 79 0 
168 206 34 0 
169 264 83 0 
169 187 76 0 
170 296 37 0 
170 285 44 0 
170 201 15 0 
170 174 45 0 
171 272 42 0 
171 252 55 0 
171 214 55 0 
172 267 37 0 
174 208 24 0 
174 189 33 0 
174 182 94 0 
175 294 61 0 
175 233 33 0 
176 296 65 0 
176 273 28 0 
176 256 59 0 
177 204 62 0 
177 193 55 0 
178 244 68 0 
178 198 83 0 
179 295 74 0 
179 291 15 0 
179 286 59 0 
180 190 43 0 
182 255 89 0 
182 223 28 0 
184 234 19 0 
185 274 25 0 
185 241 4 0 
185 236 53 0 
185 207 26 0 
186 223 60 0 
187 230 47 0 
188 279 45 0 
188 271 96 0 
190 267 113 0 
190 217 98 0 
191 265 60 0 
191 247 113 0 
192 238 17 0 
192 227 27 0 
194 272 12 0 
195 283 41 0 
195 251 11 0 
197 224 91 0 
199 283 73 0 
199 206 74 0 
201 277 31 0 
201 241 52 0 
203 206 47 0 
204 228 54 0 
205 252 29 0 
206 298 35 0 
207 264 60 0 
207 262 34 0 
207 239 37 0 
208 218 43 0 
209 289 66 0 
209 221 65 0 
209 217 68 0 
210 292 46 0 
210 284 59 0 
211 254 41 0 
212 240 14 0 
214 285 82 0 
214 234 37 0 
215 249 86 0 
216 235 7 0 
217 240 88 0 
218 268 66 0 
220 287 50 0 
223 284 36 0 
223 270 50 0 
224 283 43 0 
225 286 52 0 
225 247 83 0 
226 266 47 0 
227 234 77 0 
229 278 35 0 
229 276 44 0 
230 251 38 0 
231 296 27 0 
232 237 43 0 
234 276 64 0 
234 260 82 0 
235 259 70 0 
242 250 102 0 
243 298 49 0 
244 249 13 0 
246 275 37 0 
248 253 52 0 
250 258 77 0 
251 272 53 0 
253 291 51 0 
254 298 23 0 
258 261 74 0 
259 289 14 0 
259 260 71 0 
260 296 19 0 
260 269 61 0 
265 277 17 0 
265 271 64 0 
266 267 100 0 
271 294 74 0 
271 289 89 0 
272 278 22 0 
276 294 37 0 
279 292 43 0 
282 295 53 0 
292 294 14 0 
295 297 72 0 
