#GRAPH (#nodes #edges id uu vv ww xx yy zz):
#300 1044 geo(0,{300,100,3,0.011,0.000,0.000}) 100 
#
VERTICES (index name u v w x y z):
0 0 54 48 
1 1 22 71 
2 2 66 3 
3 3 60 51 
4 4 27 96 
5 5 96 63 
6 6 18 56 
7 7 41 71 
8 8 0 64 
9 9 78 36 
10 10 77 0 
11 11 88 45 
12 12 2 39 
13 13 86 31 
14 14 96 99 
15 15 47 18 
16 16 89 20 
17 17 31 30 
18 18 5 27 
19 19 46 53 
20 20 0 90 
21 21 99 99 
22 22 32 11 
23 23 55 83 
24 24 99 14 
25 25 41 39 
26 26 71 13 
27 27 67 49 
28 28 95 43 
29 29 97 95 
30 30 39 42 
31 31 80 91 
32 32 29 16 
33 33 34 22 
34 34 24 5 
35 35 72 57 
36 36 7 83 
37 37 54 1 
38 38 82 56 
39 39 62 67 
40 40 3 81 
41 41 69 77 
42 42 74 25 
43 43 71 81 
44 44 63 65 
45 45 31 65 
46 46 32 84 
47 47 99 43 
48 48 5 95 
49 49 82 76 
50 50 18 32 
51 51 83 35 
52 52 84 5 
53 53 10 19 
54 54 25 70 
55 55 47 56 
56 56 57 66 
57 57 99 88 
58 58 95 10 
59 59 2 57 
60 60 85 52 
61 61 17 10 
62 62 60 42 
63 63 8 22 
64 64 9 24 
65 65 49 17 
66 66 96 36 
67 67 39 2 
68 68 30 60 
69 69 88 53 
70 70 17 91 
71 71 80 87 
72 72 20 9 
73 73 45 78 
74 74 49 85 
75 75 74 30 
76 76 0 13 
77 77 8 26 
78 78 76 1 
79 79 99 9 
80 80 37 69 
81 81 8 28 
82 82 1 76 
83 83 45 70 
84 84 14 18 
85 85 39 69 
86 86 94 68 
87 87 21 0 
88 88 97 59 
89 89 53 66 
90 90 85 95 
91 91 95 7 
92 92 64 78 
93 93 18 85 
94 94 58 3 
95 95 0 68 
96 96 80 93 
97 97 2 81 
98 98 41 35 
99 99 75 90 
100 100 61 49 
101 101 89 90 
102 102 85 62 
103 103 29 90 
104 104 66 54 
105 105 92 75 
106 106 8 68 
107 107 73 72 
108 108 89 99 
109 109 46 33 
110 110 82 9 
111 111 1 96 
112 112 89 7 
113 113 48 60 
114 114 49 92 
115 115 4 72 
116 116 90 13 
117 117 14 25 
118 118 14 22 
119 119 65 66 
120 120 16 61 
121 121 71 99 
122 122 64 37 
123 123 87 98 
124 124 40 98 
125 125 50 61 
126 126 9 5 
127 127 55 29 
128 128 24 20 
129 129 29 18 
130 130 93 42 
131 131 13 0 
132 132 17 97 
133 133 80 1 
134 134 4 43 
135 135 54 52 
136 136 89 91 
137 137 33 14 
138 138 29 56 
139 139 42 8 
140 140 66 13 
141 141 33 59 
142 142 4 93 
143 143 7 82 
144 144 4 5 
145 145 57 13 
146 146 36 24 
147 147 56 12 
148 148 30 16 
149 149 64 82 
150 150 59 99 
151 151 62 64 
152 152 78 16 
153 153 11 65 
154 154 36 11 
155 155 13 8 
156 156 57 57 
157 157 16 1 
158 158 86 89 
159 159 58 4 
160 160 31 3 
161 161 35 30 
162 162 26 88 
163 163 36 76 
164 164 68 34 
165 165 50 92 
166 166 17 44 
167 167 16 16 
168 168 63 20 
169 169 50 86 
170 170 64 98 
171 171 12 42 
172 172 57 74 
173 173 68 43 
174 174 42 80 
175 175 12 4 
176 176 70 42 
177 177 36 57 
178 178 19 38 
179 179 66 78 
180 180 46 43 
181 181 32 66 
182 182 29 9 
183 183 70 62 
184 184 48 83 
185 185 45 41 
186 186 30 76 
187 187 48 74 
188 188 46 70 
189 189 94 50 
190 190 80 72 
191 191 46 0 
192 192 18 16 
193 193 33 18 
194 194 30 52 
195 195 86 95 
196 196 9 33 
197 197 19 75 
198 198 23 2 
199 199 77 75 
200 200 40 9 
201 201 14 10 
202 202 68 6 
203 203 87 50 
204 204 40 85 
205 205 49 19 
206 206 78 76 
207 207 48 70 
208 208 63 56 
209 209 67 37 
210 210 23 10 
211 211 65 82 
212 212 82 7 
213 213 77 32 
214 214 12 6 
215 215 65 20 
216 216 2 51 
217 217 8 48 
218 218 8 90 
219 219 28 24 
220 220 99 40 
221 221 34 8 
222 222 97 66 
223 223 49 80 
224 224 0 58 
225 225 52 39 
226 226 21 12 
227 227 49 6 
228 228 77 97 
229 229 70 47 
230 230 48 99 
231 231 87 76 
232 232 73 68 
233 233 34 20 
234 234 81 87 
235 235 75 65 
236 236 79 41 
237 237 88 2 
238 238 9 10 
239 239 29 38 
240 240 80 41 
241 241 85 98 
242 242 80 2 
243 243 51 28 
244 244 36 43 
245 245 75 28 
246 246 62 58 
247 247 60 27 
248 248 51 41 
249 249 34 59 
250 250 78 42 
251 251 42 96 
252 252 18 65 
253 253 10 50 
254 254 48 35 
255 255 55 89 
256 256 79 75 
257 257 2 65 
258 258 99 19 
259 259 10 45 
260 260 77 5 
261 261 46 89 
262 262 28 58 
263 263 45 48 
264 264 50 99 
265 265 58 90 
266 266 42 29 
267 267 68 73 
268 268 97 22 
269 269 25 2 
270 270 58 37 
271 271 43 24 
272 272 89 34 
273 273 85 40 
274 274 41 79 
275 275 60 12 
276 276 53 64 
277 277 66 93 
278 278 43 67 
279 279 39 57 
280 280 12 55 
281 281 91 61 
282 282 20 41 
283 283 87 9 
284 284 83 70 
285 285 54 14 
286 286 76 49 
287 287 46 74 
288 288 70 91 
289 289 21 64 
290 290 96 46 
291 291 11 51 
292 292 63 47 
293 293 74 38 
294 294 47 17 
295 295 58 68 
296 296 22 24 
297 297 35 14 
298 298 30 44 
299 299 2 55 
#
EDGES (from-node to-node length a b):
0 271 26 0 
0 268 50 0 
0 62 8 0 
0 21 68 0 
0 11 34 0 
1 137 58 0 
1 117 47 0 
1 24 96 0 
2 164 31 0 
2 64 61 0 
2 54 79 0 
2 38 55 0 
2 29 97 0 
3 245 27 0 
3 243 25 0 
3 86 38 0 
3 16 42 0 
3 9 23 0 
4 225 62 0 
4 224 47 0 
4 196 66 0 
4 164 74 0 
5 232 24 0 
5 96 34 0 
5 77 95 0 
5 44 33 0 
6 298 17 0 
6 268 86 0 
6 267 53 0 
6 179 53 0 
6 178 18 0 
6 47 82 0 
7 237 83 0 
7 113 13 0 
7 102 45 0 
7 85 3 0 
8 269 67 0 
8 236 82 0 
8 85 39 0 
9 298 49 0 
9 256 39 0 
9 126 76 0 
10 78 1 0 
10 34 53 0 
10 28 47 0 
11 101 45 0 
12 299 16 0 
12 124 70 0 
12 31 94 0 
13 255 66 0 
13 237 29 0 
13 210 66 0 
13 143 94 0 
13 97 98 0 
13 20 104 0 
14 214 125 0 
14 183 45 0 
14 157 127 0 
14 156 57 0 
14 85 64 0 
14 45 73 0 
15 284 63 0 
15 257 65 0 
15 169 68 0 
15 157 35 0 
16 214 78 0 
16 184 75 0 
16 147 34 0 
17 288 72 0 
17 239 8 0 
17 227 30 0 
18 254 44 0 
18 216 24 0 
19 130 48 0 
20 185 67 0 
20 55 58 0 
21 184 53 0 
21 156 59 0 
22 275 28 0 
22 178 30 0 
22 149 78 0 
22 131 22 0 
23 291 54 0 
23 216 62 0 
23 78 85 0 
24 288 82 0 
24 271 57 0 
24 150 94 0 
24 141 80 0 
24 132 117 0 
24 116 9 0 
24 65 50 0 
24 39 65 0 
24 31 79 0 
25 160 37 0 
25 107 46 0 
25 104 29 0 
26 182 42 0 
26 162 87 0 
26 155 58 0 
26 150 87 0 
26 61 54 0 
26 44 53 0 
27 92 29 0 
28 299 94 0 
28 146 62 0 
28 41 43 0 
30 283 58 0 
30 269 42 0 
30 252 31 0 
30 178 20 0 
30 152 47 0 
31 282 78 0 
31 233 85 0 
31 191 97 0 
32 183 62 0 
33 54 49 0 
34 188 69 0 
35 187 29 0 
35 186 46 0 
35 128 61 0 
36 231 80 0 
36 184 41 0 
37 97 95 0 
38 266 48 0 
38 230 55 0 
38 66 24 0 
38 58 48 0 
40 141 37 0 
40 47 103 0 
41 274 28 0 
41 232 10 0 
41 178 63 0 
42 285 23 0 
42 282 56 0 
42 187 55 0 
42 167 59 0 
42 139 36 0 
42 55 41 0 
43 67 85 0 
44 297 58 0 
44 289 42 0 
44 174 26 0 
44 171 56 0 
44 56 6 0 
45 202 70 0 
45 134 35 0 
46 279 28 0 
46 174 11 0 
47 263 54 0 
47 151 43 0 
48 266 76 0 
48 238 85 0 
48 160 96 0 
48 131 95 0 
48 121 66 0 
48 56 60 0 
49 222 18 0 
49 99 16 0 
50 187 52 0 
50 172 57 0 
50 116 74 0 
50 89 49 0 
50 53 15 0 
51 236 7 0 
51 148 56 0 
51 124 76 0 
51 121 65 0 
51 93 82 0 
51 83 52 0 
52 152 13 0 
53 129 19 0 
56 163 23 0 
56 143 52 0 
57 231 17 0 
57 229 50 0 
57 182 106 0 
58 217 95 0 
58 150 96 0 
58 71 78 0 
59 216 6 0 
59 154 57 0 
60 264 59 0 
60 249 51 0 
60 240 12 0 
60 144 94 0 
61 204 78 0 
62 171 48 0 
62 152 32 0 
63 168 55 0 
63 130 87 0 
64 160 30 0 
64 148 22 0 
64 147 49 0 
64 141 42 0 
65 251 79 0 
65 230 82 0 
65 212 34 0 
65 200 12 0 
65 124 81 0 
66 192 81 0 
66 173 29 0 
66 112 30 0 
67 178 41 0 
67 88 81 0 
68 267 40 0 
68 217 25 0 
68 207 21 0 
68 195 66 0 
68 173 42 0 
68 122 41 0 
68 100 33 0 
69 294 55 0 
69 171 77 0 
70 293 78 0 
70 130 90 0 
71 295 29 0 
71 248 54 0 
71 211 16 0 
71 159 86 0 
72 245 58 0 
72 89 66 0 
73 195 44 0 
73 139 70 0 
74 263 37 0 
74 135 33 0 
74 128 70 0 
75 150 71 0 
75 130 22 0 
75 124 76 0 
75 120 66 0 
76 250 83 0 
76 217 36 0 
76 208 76 0 
76 120 51 0 
76 85 68 0 
77 284 87 0 
77 251 78 0 
77 140 59 0 
77 118 7 0 
77 95 43 0 
79 113 72 0 
79 97 121 0 
79 80 86 0 
80 160 66 0 
81 130 86 0 
82 270 69 0 
82 249 37 0 
82 208 65 0 
83 254 35 0 
83 237 80 0 
83 134 49 0 
84 220 88 0 
84 132 79 0 
84 114 82 0 
85 224 41 0 
85 222 58 0 
85 197 21 0 
86 258 49 0 
86 255 44 0 
86 236 31 0 
86 167 94 0 
87 216 54 0 
87 137 18 0 
87 89 73 0 
88 268 37 0 
88 228 43 0 
89 125 6 0 
89 103 34 0 
90 256 21 0 
90 120 77 0 
91 294 49 0 
92 278 24 0 
92 276 18 0 
93 273 81 0 
93 206 61 0 
94 204 84 0 
94 150 96 0 
95 175 65 0 
95 128 54 0 
96 275 83 0 
96 235 28 0 
96 182 98 0 
97 287 45 0 
97 280 28 0 
97 238 71 0 
98 294 19 0 
99 241 13 0 
99 139 88 0 
100 193 42 0 
101 288 19 0 
101 280 85 0 
102 261 47 0 
102 255 40 0 
102 231 14 0 
102 195 33 0 
103 212 98 0 
103 196 60 0 
104 199 24 0 
104 184 34 0 
105 189 25 0 
105 148 86 0 
105 110 67 0 
106 205 64 0 
106 187 40 0 
106 149 58 0 
108 258 81 0 
108 213 68 0 
109 282 27 0 
109 274 46 0 
109 176 26 0 
109 162 59 0 
110 210 59 0 
110 197 91 0 
110 145 25 0 
111 219 77 0 
112 287 80 0 
112 238 80 0 
112 153 97 0 
112 152 14 0 
113 261 29 0 
113 215 43 0 
113 190 34 0 
113 164 33 0 
114 148 78 0 
115 280 19 0 
115 195 85 0 
116 222 53 0 
118 286 68 0 
119 199 15 0 
120 260 83 0 
120 242 87 0 
120 186 21 0 
121 270 63 0 
121 243 74 0 
122 221 42 0 
122 213 14 0 
123 183 40 0 
123 157 120 0 
124 272 81 0 
124 207 29 0 
124 153 44 0 
124 140 89 0 
126 201 7 0 
127 146 20 0 
128 229 53 0 
128 154 15 0 
129 267 67 0 
129 200 14 0 
129 167 13 0 
130 250 15 0 
130 167 81 0 
131 209 65 0 
132 296 73 0 
132 288 53 0 
132 244 57 0 
132 206 65 0 
132 192 81 0 
133 220 43 0 
134 296 26 0 
134 254 45 0 
134 208 60 0 
135 167 52 0 
136 187 44 0 
137 281 75 0 
137 231 82 0 
137 209 41 0 
137 161 16 0 
138 217 22 0 
139 247 26 0 
140 259 64 0 
140 240 31 0 
140 210 43 0 
141 238 55 0 
141 226 49 0 
141 217 27 0 
141 213 52 0 
142 275 98 0 
142 265 54 0 
143 270 68 0 
143 224 25 0 
143 216 31 0 
144 228 117 0 
144 189 101 0 
144 173 74 0 
145 266 22 0 
145 253 60 0 
146 272 54 0 
146 194 29 0 
146 177 33 0 
147 297 21 0 
147 268 42 0 
148 278 53 0 
148 238 22 0 
149 209 45 0 
150 296 84 0 
151 223 21 0 
151 195 39 0 
151 188 17 0 
152 284 54 0 
152 229 32 0 
152 220 32 0 
152 210 55 0 
152 203 35 0 
153 293 69 0 
153 162 27 0 
154 268 62 0 
154 256 77 0 
154 182 7 0 
155 160 19 0 
156 247 30 0 
157 160 15 0 
158 265 28 0 
158 198 107 0 
158 188 44 0 
159 265 86 0 
160 283 56 0 
160 282 40 0 
160 278 65 0 
160 164 48 0 
161 182 22 0 
162 165 24 0 
163 258 85 0 
163 245 62 0 
163 225 40 0 
165 248 51 0 
165 207 22 0 
166 255 59 0 
167 202 53 0 
167 201 6 0 
168 200 25 0 
170 258 86 0 
173 279 32 0 
173 265 48 0 
173 194 39 0 
174 291 42 0 
175 177 58 0 
176 287 40 0 
176 280 59 0 
176 233 42 0 
177 205 40 0 
180 296 31 0 
181 248 31 0 
182 203 71 0 
184 267 22 0 
184 225 44 0 
185 280 36 0 
186 239 38 0 
188 244 29 0 
188 204 16 0 
189 253 84 0 
194 212 69 0 
194 206 54 0 
196 245 66 0 
197 228 62 0 
198 248 48 0 
200 256 77 0 
200 252 60 0 
200 247 27 0 
201 229 67 0 
202 205 23 0 
205 299 59 0 
205 287 55 0 
205 249 43 0 
206 220 42 0 
207 265 22 0 
207 220 59 0 
208 251 45 0 
209 291 58 0 
209 256 40 0 
210 298 35 0 
210 289 54 0 
210 281 85 0 
210 257 59 0 
211 268 68 0 
212 277 87 0 
213 219 50 0 
214 250 75 0 
216 226 43 0 
217 273 77 0 
217 219 31 0 
218 290 98 0 
220 281 22 0 
220 246 41 0 
221 283 53 0 
221 241 103 0 
223 239 47 0 
223 227 74 0 
225 266 14 0 
225 247 14 0 
226 299 47 0 
226 296 12 0 
226 284 85 0 
227 255 83 0 
229 283 42 0 
229 281 25 0 
229 270 16 0 
230 285 85 0 
231 280 78 0 
231 255 35 0 
234 247 64 0 
236 292 17 0 
236 273 6 0 
237 241 96 0 
240 278 45 0 
241 281 37 0 
244 245 42 0 
245 246 33 0 
246 273 29 0 
247 257 69 0 
249 277 47 0 
249 262 6 0 
250 281 23 0 
253 274 42 0 
257 265 61 0 
260 287 76 0 
261 270 53 0 
263 268 58 0 
266 268 55 0 
278 279 11 0 
287 290 57 0 
288 298 62 0 
