#GRAPH (#nodes #edges id uu vv ww xx yy zz):
#300 1094 geo(0,{300,100,3,0.011,0.000,0.000}) 100 
#
VERTICES (index name u v w x y z):
0 0 57 41 
1 1 17 51 
2 2 82 85 
3 3 15 49 
4 4 62 27 
5 5 64 29 
6 6 3 42 
7 7 28 30 
8 8 38 9 
9 9 74 15 
10 10 1 20 
11 11 33 59 
12 12 25 31 
13 13 35 63 
14 14 29 38 
15 15 53 36 
16 16 39 64 
17 17 99 67 
18 18 89 36 
19 19 54 5 
20 20 19 79 
21 21 13 9 
22 22 74 91 
23 23 82 23 
24 24 2 80 
25 25 7 22 
26 26 46 98 
27 27 45 78 
28 28 78 23 
29 29 14 55 
30 30 97 65 
31 31 31 93 
32 32 88 99 
33 33 55 17 
34 34 89 91 
35 35 28 91 
36 36 30 49 
37 37 34 80 
38 38 14 22 
39 39 74 32 
40 40 73 43 
41 41 42 3 
42 42 73 67 
43 43 83 92 
44 44 76 96 
45 45 41 82 
46 46 72 59 
47 47 51 47 
48 48 79 73 
49 49 81 21 
50 50 54 59 
51 51 85 41 
52 52 6 92 
53 53 69 26 
54 54 65 34 
55 55 53 95 
56 56 88 51 
57 57 74 7 
58 58 12 95 
59 59 54 72 
60 60 48 88 
61 61 76 53 
62 62 85 71 
63 63 88 3 
64 64 71 47 
65 65 40 86 
66 66 83 32 
67 67 21 16 
68 68 85 1 
69 69 91 82 
70 70 7 62 
71 71 18 31 
72 72 87 18 
73 73 48 27 
74 74 47 89 
75 75 3 75 
76 76 26 35 
77 77 40 28 
78 78 39 42 
79 79 11 57 
80 80 6 89 
81 81 60 91 
82 82 60 69 
83 83 22 93 
84 84 9 71 
85 85 82 93 
86 86 12 62 
87 87 44 52 
88 88 95 94 
89 89 29 26 
90 90 20 46 
91 91 41 70 
92 92 58 50 
93 93 85 75 
94 94 26 13 
95 95 30 26 
96 96 52 65 
97 97 74 79 
98 98 62 12 
99 99 23 79 
100 100 86 96 
101 101 41 45 
102 102 45 90 
103 103 10 49 
104 104 89 38 
105 105 49 8 
106 106 54 56 
107 107 86 59 
108 108 49 74 
109 109 56 28 
110 110 48 6 
111 111 8 56 
112 112 80 0 
113 113 86 50 
114 114 92 61 
115 115 65 77 
116 116 46 2 
117 117 79 31 
118 118 42 65 
119 119 60 19 
120 120 73 18 
121 121 1 18 
122 122 98 14 
123 123 25 5 
124 124 76 93 
125 125 77 27 
126 126 88 93 
127 127 75 71 
128 128 70 82 
129 129 9 17 
130 130 52 76 
131 131 10 39 
132 132 77 67 
133 133 22 56 
134 134 15 64 
135 135 49 47 
136 136 37 81 
137 137 50 35 
138 138 24 30 
139 139 52 15 
140 140 26 7 
141 141 36 28 
142 142 86 34 
143 143 39 98 
144 144 9 82 
145 145 34 83 
146 146 96 18 
147 147 8 23 
148 148 24 96 
149 149 4 48 
150 150 10 95 
151 151 31 57 
152 152 13 45 
153 153 38 26 
154 154 88 28 
155 155 32 37 
156 156 52 48 
157 157 77 59 
158 158 17 42 
159 159 59 98 
160 160 94 5 
161 161 14 98 
162 162 52 30 
163 163 22 19 
164 164 28 32 
165 165 37 10 
166 166 53 47 
167 167 87 33 
168 168 78 9 
169 169 40 93 
170 170 7 16 
171 171 28 27 
172 172 21 65 
173 173 81 58 
174 174 8 40 
175 175 48 3 
176 176 46 76 
177 177 73 32 
178 178 10 81 
179 179 69 1 
180 180 78 78 
181 181 12 2 
182 182 17 19 
183 183 29 63 
184 184 2 38 
185 185 58 68 
186 186 75 21 
187 187 17 79 
188 188 50 34 
189 189 22 99 
190 190 95 32 
191 191 76 37 
192 192 48 58 
193 193 64 30 
194 194 68 33 
195 195 19 62 
196 196 5 79 
197 197 84 91 
198 198 23 73 
199 199 88 2 
200 200 35 32 
201 201 46 77 
202 202 75 2 
203 203 50 91 
204 204 81 18 
205 205 28 66 
206 206 10 58 
207 207 93 28 
208 208 82 30 
209 209 55 59 
210 210 31 27 
211 211 23 76 
212 212 42 19 
213 213 25 92 
214 214 98 92 
215 215 74 30 
216 216 99 92 
217 217 53 51 
218 218 91 20 
219 219 85 32 
220 220 68 35 
221 221 64 18 
222 222 32 75 
223 223 15 30 
224 224 74 4 
225 225 44 73 
226 226 5 47 
227 227 4 96 
228 228 55 82 
229 229 85 79 
230 230 45 8 
231 231 7 59 
232 232 52 62 
233 233 90 21 
234 234 77 32 
235 235 23 57 
236 236 51 5 
237 237 45 36 
238 238 76 50 
239 239 70 92 
240 240 50 44 
241 241 57 90 
242 242 84 22 
243 243 14 66 
244 244 18 42 
245 245 99 98 
246 246 7 46 
247 247 8 74 
248 248 30 35 
249 249 48 92 
250 250 97 33 
251 251 42 87 
252 252 69 92 
253 253 15 73 
254 254 68 20 
255 255 40 35 
256 256 92 20 
257 257 81 45 
258 258 81 78 
259 259 16 37 
260 260 86 26 
261 261 1 16 
262 262 19 18 
263 263 78 12 
264 264 29 30 
265 265 62 65 
266 266 39 58 
267 267 86 36 
268 268 15 32 
269 269 40 10 
270 270 83 40 
271 271 94 45 
272 272 56 35 
273 273 86 27 
274 274 6 64 
275 275 69 40 
276 276 30 85 
277 277 80 60 
278 278 58 77 
279 279 82 68 
280 280 46 28 
281 281 98 50 
282 282 56 20 
283 283 40 76 
284 284 90 52 
285 285 89 12 
286 286 62 38 
287 287 62 11 
288 288 55 57 
289 289 82 38 
290 290 91 48 
291 291 99 0 
292 292 89 42 
293 293 21 90 
294 294 12 9 
295 295 53 5 
296 296 36 64 
297 297 96 74 
298 298 64 11 
299 299 54 8 
#
EDGES (from-node to-node length a b):
0 227 76 0 
0 154 34 0 
0 80 70 0 
1 8 47 0 
2 260 59 0 
2 217 45 0 
2 159 26 0 
2 50 38 0 
2 22 10 0 
3 277 66 0 
3 261 36 0 
3 86 13 0 
4 194 8 0 
4 144 76 0 
4 41 31 0 
4 20 67 0 
5 173 34 0 
5 38 50 0 
5 19 26 0 
6 290 88 0 
6 110 58 0 
6 42 74 0 
7 63 66 0 
8 198 66 0 
8 45 73 0 
9 292 31 0 
9 238 35 0 
9 215 15 0 
9 185 55 0 
9 179 15 0 
9 152 68 0 
9 77 36 0 
10 247 54 0 
10 218 90 0 
10 145 71 0 
10 122 97 0 
10 40 76 0 
11 286 36 0 
11 158 23 0 
11 57 66 0 
11 23 61 0 
12 229 77 0 
12 80 61 0 
13 297 62 0 
13 177 49 0 
14 141 12 0 
14 103 22 0 
14 71 13 0 
14 34 80 0 
15 257 29 0 
15 146 47 0 
15 69 60 0 
16 171 39 0 
16 92 24 0 
16 36 17 0 
17 80 96 0 
18 226 85 0 
18 217 39 0 
19 115 73 0 
20 227 23 0 
20 152 35 0 
21 213 84 0 
21 147 15 0 
21 104 81 0 
21 62 95 0 
22 274 73 0 
22 158 75 0 
23 254 14 0 
24 114 92 0 
25 259 17 0 
25 56 86 0 
26 137 63 0 
26 104 74 0 
26 103 61 0 
27 211 22 0 
27 123 76 0 
28 241 70 0 
28 184 77 0 
28 147 70 0 
29 293 36 0 
29 271 81 0 
29 255 33 0 
29 242 77 0 
29 240 38 0 
29 184 21 0 
29 81 58 0 
30 124 35 0 
31 286 63 0 
31 284 72 0 
31 234 76 0 
31 128 41 0 
32 285 87 0 
32 220 67 0 
32 201 47 0 
33 255 23 0 
33 218 36 0 
33 198 64 0 
33 119 5 0 
33 114 57 0 
33 79 59 0 
34 287 84 0 
34 172 73 0 
34 92 51 0 
35 104 81 0 
35 74 19 0 
36 179 62 0 
36 157 48 0 
36 73 28 0 
37 235 25 0 
38 222 56 0 
38 139 39 0 
38 115 75 0 
38 60 74 0 
38 59 64 0 
39 266 44 0 
39 256 22 0 
39 170 69 0 
39 138 50 0 
40 228 43 0 
40 197 49 0 
40 89 47 0 
41 128 84 0 
41 106 54 0 
41 100 103 0 
42 240 33 0 
42 177 35 0 
42 169 42 0 
43 149 90 0 
44 289 58 0 
44 233 76 0 
44 189 54 0 
45 253 28 0 
45 205 21 0 
45 190 74 0 
45 151 27 0 
46 290 22 0 
46 171 54 0 
46 96 21 0 
47 142 37 0 
47 89 30 0 
48 278 21 0 
48 277 13 0 
48 245 32 0 
48 134 65 0 
49 248 53 0 
49 157 38 0 
50 295 54 0 
50 173 27 0 
50 118 13 0 
51 138 62 0 
51 66 9 0 
52 260 104 0 
52 99 21 0 
52 86 31 0 
53 81 66 0 
54 275 7 0 
54 119 16 0 
54 81 57 0 
55 295 90 0 
55 234 67 0 
55 67 85 0 
56 274 83 0 
56 224 49 0 
57 221 15 0 
57 120 11 0 
57 100 90 0 
57 69 77 0 
58 229 75 0 
58 205 33 0 
58 182 76 0 
58 138 66 0 
58 99 19 0 
59 184 62 0 
59 95 52 0 
60 201 11 0 
60 156 40 0 
61 273 28 0 
61 264 52 0 
61 221 37 0 
61 156 25 0 
61 147 74 0 
62 189 69 0 
62 89 72 0 
62 72 53 0 
63 164 67 0 
63 77 54 0 
64 68 48 0 
65 240 43 0 
65 219 70 0 
65 189 22 0 
65 175 83 0 
65 173 50 0 
66 265 39 0 
66 107 27 0 
67 193 45 0 
67 177 54 0 
68 230 41 0 
68 209 65 0 
68 114 60 0 
68 107 58 0 
69 258 11 0 
69 229 7 0 
69 82 34 0 
69 77 74 0 
70 90 21 0 
70 77 47 0 
71 254 51 0 
71 220 50 0 
71 217 40 0 
71 206 28 0 
71 82 57 0 
72 112 19 0 
73 229 64 0 
73 174 42 0 
74 196 43 0 
74 176 13 0 
74 135 42 0 
74 93 40 0 
75 269 75 0 
75 253 12 0 
76 265 47 0 
76 146 72 0 
76 126 85 0 
77 263 41 0 
78 203 50 0 
78 195 28 0 
78 153 16 0 
79 269 55 0 
79 86 5 0 
80 229 80 0 
80 128 64 0 
80 106 58 0 
83 219 88 0 
83 210 67 0 
84 140 66 0 
85 287 84 0 
85 185 35 0 
85 180 16 0 
85 151 62 0 
86 274 6 0 
86 258 71 0 
86 190 88 0 
87 276 36 0 
87 150 55 0 
87 100 61 0 
88 187 79 0 
89 250 68 0 
89 123 21 0 
90 294 38 0 
90 178 36 0 
91 134 27 0 
91 127 34 0 
92 225 27 0 
92 199 57 0 
92 141 31 0 
92 123 56 0 
92 97 33 0 
93 270 35 0 
93 259 79 0 
93 196 80 0 
93 166 43 0 
94 243 54 0 
94 218 65 0 
94 200 21 0 
94 160 68 0 
94 127 76 0 
95 236 30 0 
95 230 23 0 
95 216 95 0 
95 167 57 0 
96 193 37 0 
97 290 35 0 
97 98 68 0 
98 285 27 0 
98 216 88 0 
98 212 21 0 
98 182 46 0 
98 132 57 0 
99 199 101 0 
100 232 48 0 
100 208 66 0 
100 175 100 0 
100 153 85 0 
100 139 88 0 
101 274 40 0 
101 225 28 0 
101 139 32 0 
102 178 36 0 
102 159 16 0 
102 125 71 0 
103 173 72 0 
105 174 52 0 
105 148 91 0 
106 123 59 0 
108 142 54 0 
108 140 71 0 
109 237 14 0 
109 232 34 0 
109 190 39 0 
109 144 72 0 
109 120 20 0 
111 295 68 0 
111 278 54 0 
111 242 83 0 
111 129 39 0 
112 293 108 0 
112 291 19 0 
112 223 72 0 
112 159 100 0 
112 151 75 0 
112 126 93 0 
113 206 76 0 
113 200 54 0 
113 190 20 0 
114 287 58 0 
114 227 95 0 
114 219 30 0 
114 188 50 0 
115 296 32 0 
115 271 43 0 
115 240 36 0 
115 194 44 0 
115 144 56 0 
115 125 51 0 
116 226 61 0 
116 204 38 0 
116 187 82 0 
117 290 21 0 
117 119 22 0 
118 290 52 0 
118 285 71 0 
118 273 58 0 
118 240 22 0 
118 238 37 0 
119 250 40 0 
120 285 17 0 
120 188 28 0 
120 149 75 0 
121 292 91 0 
121 270 85 0 
121 260 85 0 
121 209 68 0 
121 164 30 0 
122 253 102 0 
123 140 2 0 
124 228 24 0 
125 288 37 0 
125 269 41 0 
125 212 36 0 
125 204 10 0 
126 189 66 0 
126 144 80 0 
126 138 90 0 
127 160 69 0 
128 296 38 0 
128 238 33 0 
128 215 52 0 
129 293 74 0 
129 278 77 0 
130 242 63 0 
130 232 14 0 
130 178 42 0 
131 291 97 0 
131 286 52 0 
131 262 23 0 
131 244 9 0 
131 164 19 0 
132 206 68 0 
132 149 75 0 
132 136 42 0 
133 266 17 0 
133 213 36 0 
134 247 12 0 
135 295 42 0 
135 183 26 0 
136 269 71 0 
136 207 77 0 
136 189 23 0 
136 174 50 0 
138 240 30 0 
138 226 25 0 
138 170 22 0 
139 292 46 0 
140 277 76 0 
140 167 66 0 
141 159 74 0 
143 285 99 0 
143 274 47 0 
143 237 62 0 
144 253 11 0 
144 226 35 0 
146 286 39 0 
146 255 59 0 
146 154 13 0 
147 271 89 0 
147 245 118 0 
147 222 57 0 
147 178 58 0 
148 269 87 0 
148 262 78 0 
148 249 24 0 
148 221 88 0 
148 201 29 0 
148 162 72 0 
150 262 78 0 
150 196 17 0 
151 288 24 0 
151 286 36 0 
151 261 51 0 
151 172 13 0 
152 283 41 0 
152 262 28 0 
152 237 33 0 
152 160 90 0 
154 222 73 0 
154 204 12 0 
155 282 29 0 
156 263 44 0 
156 181 61 0 
157 291 63 0 
157 205 49 0 
157 174 72 0 
158 203 59 0 
158 180 71 0 
159 273 76 0 
159 191 63 0 
159 178 52 0 
161 296 40 0 
162 276 59 0 
163 225 58 0 
164 184 27 0 
165 299 17 0 
165 231 57 0 
165 171 19 0 
166 204 40 0 
166 202 50 0 
167 289 7 0 
168 216 86 0 
169 266 35 0 
169 252 29 0 
171 294 24 0 
171 280 18 0 
171 245 100 0 
171 179 49 0 
172 262 47 0 
172 233 82 0 
174 286 54 0 
174 239 81 0 
174 220 60 0 
174 215 67 0 
174 214 104 0 
174 192 44 0 
176 249 16 0 
176 213 26 0 
177 274 74 0 
178 288 51 0 
180 201 32 0 
181 279 96 0 
181 248 38 0 
181 209 71 0 
181 202 63 0 
182 275 56 0 
182 264 16 0 
183 248 28 0 
183 241 39 0 
184 280 45 0 
184 201 59 0 
184 198 41 0 
185 263 59 0 
186 223 61 0 
186 209 43 0 
186 201 63 0 
187 216 83 0 
187 212 65 0 
188 205 39 0 
189 297 78 0 
189 260 97 0 
189 202 111 0 
189 192 49 0 
190 262 77 0 
190 256 12 0 
192 261 63 0 
192 227 58 0 
194 281 34 0 
194 232 33 0 
195 243 6 0 
195 226 21 0 
199 291 11 0 
199 286 44 0 
201 294 76 0 
202 289 37 0 
203 254 73 0 
203 231 54 0 
204 274 88 0 
204 251 79 0 
204 223 67 0 
204 206 81 0 
205 274 22 0 
205 258 54 0 
205 246 29 0 
207 297 46 0 
208 235 65 0 
209 286 22 0 
210 267 56 0 
213 268 61 0 
214 264 93 0 
214 235 83 0 
215 281 31 0 
215 253 73 0 
216 272 71 0 
217 219 37 0 
218 264 63 0 
219 225 58 0 
222 299 71 0 
222 242 74 0 
223 224 64 0 
228 275 44 0 
228 269 74 0 
231 295 71 0 
231 277 73 0 
231 266 32 0 
235 286 43 0 
236 282 16 0 
237 278 43 0 
238 246 69 0 
239 298 81 0 
239 290 49 0 
241 284 50 0 
242 289 16 0 
242 249 79 0 
244 271 76 0 
244 255 23 0 
245 296 72 0 
245 280 88 0 
245 256 78 0 
246 269 49 0 
247 285 102 0 
249 253 38 0 
254 274 76 0 
260 277 35 0 
265 284 31 0 
266 289 47 0 
271 285 33 0 
274 291 113 0 
275 284 24 0 
279 284 18 0 
284 291 53 0 
