#GRAPH (#nodes #edges id uu vv ww xx yy zz):
#300 1064 geo(0,{300,100,3,0.011,0.000,0.000}) 100 
#
VERTICES (index name u v w x y z):
0 0 43 66 
1 1 69 99 
2 2 1 67 
3 3 57 98 
4 4 89 28 
5 5 91 53 
6 6 53 17 
7 7 0 23 
8 8 57 1 
9 9 26 10 
10 10 13 88 
11 11 6 72 
12 12 99 13 
13 13 50 62 
14 14 72 21 
15 15 94 40 
16 16 82 31 
17 17 24 85 
18 18 27 23 
19 19 73 74 
20 20 28 67 
21 21 15 45 
22 22 56 78 
23 23 91 19 
24 24 11 2 
25 25 37 21 
26 26 97 64 
27 27 55 81 
28 28 51 30 
29 29 12 32 
30 30 30 56 
31 31 40 93 
32 32 77 65 
33 33 76 35 
34 34 4 25 
35 35 38 57 
36 36 25 16 
37 37 18 74 
38 38 58 86 
39 39 10 89 
40 40 89 23 
41 41 54 11 
42 42 11 11 
43 43 58 96 
44 44 99 74 
45 45 25 18 
46 46 61 23 
47 47 33 0 
48 48 24 10 
49 49 92 87 
50 50 78 68 
51 51 10 58 
52 52 24 75 
53 53 8 9 
54 54 58 83 
55 55 30 86 
56 56 80 98 
57 57 10 71 
58 58 42 83 
59 59 83 48 
60 60 15 90 
61 61 90 46 
62 62 86 66 
63 63 34 61 
64 64 39 5 
65 65 8 57 
66 66 56 81 
67 67 14 20 
68 68 60 39 
69 69 38 17 
70 70 99 94 
71 71 30 28 
72 72 20 62 
73 73 83 40 
74 74 71 59 
75 75 82 5 
76 76 83 53 
77 77 78 53 
78 78 33 56 
79 79 57 34 
80 80 99 20 
81 81 21 89 
82 82 45 5 
83 83 44 97 
84 84 46 99 
85 85 87 55 
86 86 80 25 
87 87 5 50 
88 88 37 78 
89 89 48 50 
90 90 90 0 
91 91 19 98 
92 92 42 24 
93 93 42 37 
94 94 59 66 
95 95 77 66 
96 96 27 74 
97 97 84 35 
98 98 3 58 
99 99 43 13 
100 100 53 12 
101 101 98 36 
102 102 24 34 
103 103 90 41 
104 104 11 32 
105 105 15 67 
106 106 22 96 
107 107 43 94 
108 108 12 12 
109 109 33 64 
110 110 91 72 
111 111 85 55 
112 112 9 99 
113 113 73 2 
114 114 62 81 
115 115 65 67 
116 116 53 5 
117 117 94 91 
118 118 71 79 
119 119 42 9 
120 120 40 25 
121 121 60 37 
122 122 89 32 
123 123 62 39 
124 124 4 88 
125 125 82 78 
126 126 11 72 
127 127 33 70 
128 128 73 91 
129 129 4 99 
130 130 77 40 
131 131 4 33 
132 132 84 65 
133 133 77 22 
134 134 77 45 
135 135 52 36 
136 136 70 44 
137 137 53 73 
138 138 95 19 
139 139 28 83 
140 140 43 7 
141 141 56 14 
142 142 14 69 
143 143 76 79 
144 144 87 40 
145 145 54 75 
146 146 4 53 
147 147 29 13 
148 148 54 74 
149 149 86 91 
150 150 29 19 
151 151 43 59 
152 152 4 14 
153 153 94 48 
154 154 15 44 
155 155 39 74 
156 156 66 2 
157 157 85 96 
158 158 23 37 
159 159 28 27 
160 160 19 86 
161 161 99 46 
162 162 51 43 
163 163 96 93 
164 164 32 16 
165 165 32 63 
166 166 5 89 
167 167 79 97 
168 168 71 51 
169 169 0 85 
170 170 19 5 
171 171 48 80 
172 172 94 83 
173 173 93 2 
174 174 40 32 
175 175 73 75 
176 176 42 10 
177 177 49 79 
178 178 57 60 
179 179 20 46 
180 180 36 53 
181 181 62 29 
182 182 50 19 
183 183 31 7 
184 184 46 19 
185 185 30 2 
186 186 61 97 
187 187 88 79 
188 188 80 24 
189 189 42 98 
190 190 62 31 
191 191 39 58 
192 192 78 41 
193 193 34 86 
194 194 94 20 
195 195 15 51 
196 196 38 41 
197 197 85 3 
198 198 34 14 
199 199 92 99 
200 200 16 48 
201 201 19 36 
202 202 31 13 
203 203 42 97 
204 204 79 61 
205 205 2 8 
206 206 30 68 
207 207 13 59 
208 208 0 16 
209 209 19 34 
210 210 36 95 
211 211 67 45 
212 212 31 4 
213 213 49 8 
214 214 33 45 
215 215 31 88 
216 216 6 30 
217 217 58 12 
218 218 64 16 
219 219 40 3 
220 220 29 34 
221 221 48 0 
222 222 68 4 
223 223 64 87 
224 224 19 55 
225 225 95 59 
226 226 42 38 
227 227 88 43 
228 228 14 44 
229 229 49 56 
230 230 92 51 
231 231 28 57 
232 232 86 63 
233 233 31 82 
234 234 77 46 
235 235 84 79 
236 236 67 33 
237 237 5 26 
238 238 8 76 
239 239 70 35 
240 240 64 34 
241 241 29 31 
242 242 17 70 
243 243 47 93 
244 244 70 67 
245 245 85 79 
246 246 80 40 
247 247 84 74 
248 248 57 14 
249 249 15 6 
250 250 30 76 
251 251 94 89 
252 252 76 67 
253 253 34 99 
254 254 4 92 
255 255 64 25 
256 256 5 66 
257 257 95 73 
258 258 13 24 
259 259 64 94 
260 260 95 98 
261 261 72 61 
262 262 25 67 
263 263 13 1 
264 264 62 69 
265 265 57 63 
266 266 40 5 
267 267 92 39 
268 268 91 74 
269 269 4 3 
270 270 44 62 
271 271 99 37 
272 272 87 27 
273 273 74 71 
274 274 2 42 
275 275 12 31 
276 276 96 92 
277 277 3 35 
278 278 93 55 
279 279 45 28 
280 280 13 83 
281 281 66 40 
282 282 81 13 
283 283 26 90 
284 284 74 13 
285 285 26 42 
286 286 62 26 
287 287 66 71 
288 288 3 95 
289 289 31 39 
290 290 44 96 
291 291 54 99 
292 292 33 12 
293 293 11 51 
294 294 63 72 
295 295 40 53 
296 296 99 0 
297 297 98 22 
298 298 32 69 
299 299 32 49 
#
EDGES (from-node to-node length a b):
0 225 52 0 
0 183 60 0 
0 113 71 0 
0 18 46 0 
1 136 55 0 
1 135 65 0 
1 134 55 0 
1 79 66 0 
1 61 57 0 
2 269 64 0 
2 83 52 0 
3 224 57 0 
3 222 95 0 
3 191 44 0 
3 101 74 0 
4 231 68 0 
4 191 58 0 
4 7 89 0 
5 217 53 0 
5 198 69 0 
5 142 79 0 
5 93 52 0 
5 63 58 0 
5 54 45 0 
6 112 93 0 
7 297 98 0 
7 144 89 0 
7 139 66 0 
7 127 57 0 
8 161 62 0 
8 111 61 0 
9 279 26 0 
9 37 64 0 
10 284 97 0 
10 274 47 0 
11 279 59 0 
11 260 93 0 
11 140 75 0 
11 113 97 0 
12 288 126 0 
12 242 100 0 
12 81 109 0 
12 30 81 0 
13 146 47 0 
13 55 31 0 
14 257 57 0 
14 201 55 0 
14 141 17 0 
14 135 25 0 
14 120 32 0 
15 201 75 0 
15 61 7 0 
16 262 67 0 
16 212 58 0 
16 85 25 0 
17 229 38 0 
17 86 82 0 
17 61 77 0 
17 32 57 0 
17 19 50 0 
18 275 17 0 
18 123 38 0 
18 117 95 0 
19 176 71 0 
19 172 23 0 
19 141 62 0 
20 263 68 0 
20 242 11 0 
20 230 66 0 
20 158 30 0 
20 123 44 0 
21 298 29 0 
21 208 33 0 
21 171 48 0 
21 27 54 0 
22 262 33 0 
22 243 17 0 
23 191 65 0 
23 132 47 0 
23 108 79 0 
23 98 96 0 
23 97 17 0 
23 60 104 0 
24 231 58 0 
24 156 55 0 
25 33 41 0 
26 231 69 0 
26 208 108 0 
27 228 55 0 
28 183 30 0 
28 173 50 0 
28 167 73 0 
28 157 74 0 
29 71 18 0 
30 155 20 0 
31 167 39 0 
31 128 33 0 
31 72 37 0 
32 241 59 0 
32 225 19 0 
32 212 76 0 
32 202 69 0 
32 187 18 0 
32 143 14 0 
32 132 7 0 
33 93 34 0 
34 298 52 0 
34 256 41 0 
34 158 22 0 
34 114 81 0 
34 110 99 0 
35 256 34 0 
35 246 45 0 
35 148 23 0 
35 104 37 0 
36 297 73 0 
36 230 76 0 
36 174 22 0 
36 39 75 0 
37 274 36 0 
38 210 24 0 
38 145 12 0 
38 126 49 0 
38 61 51 0 
39 199 83 0 
39 186 52 0 
39 163 86 0 
39 43 49 0 
40 249 76 0 
40 106 99 0 
41 297 45 0 
41 198 20 0 
41 197 32 0 
41 50 62 0 
42 241 27 0 
43 299 54 0 
43 150 82 0 
43 122 71 0 
44 280 86 0 
44 227 33 0 
44 223 37 0 
44 107 59 0 
44 88 62 0 
45 226 26 0 
45 82 24 0 
46 285 40 0 
46 269 60 0 
46 193 69 0 
47 188 53 0 
47 186 101 0 
47 106 97 0 
47 70 115 0 
48 106 86 0 
49 140 94 0 
50 66 26 0 
50 51 69 0 
51 287 57 0 
51 98 7 0 
51 60 32 0 
51 54 54 0 
52 272 79 0 
52 242 9 0 
52 199 72 0 
53 288 86 0 
53 287 85 0 
53 200 40 0 
53 164 25 0 
53 139 77 0 
54 256 56 0 
54 216 74 0 
54 85 40 0 
54 80 75 0 
54 62 33 0 
54 55 28 0 
56 235 19 0 
57 266 72 0 
58 205 85 0 
58 196 42 0 
59 293 72 0 
59 224 64 0 
59 93 42 0 
60 286 79 0 
60 178 52 0 
61 246 12 0 
62 297 46 0 
62 246 27 0 
62 225 11 0 
62 87 83 0 
63 95 43 0 
64 205 37 0 
64 136 50 0 
64 134 55 0 
64 117 102 0 
65 223 64 0 
66 266 78 0 
66 247 29 0 
66 228 56 0 
66 221 81 0 
66 166 52 0 
67 278 86 0 
67 255 50 0 
67 132 83 0 
67 95 78 0 
67 76 76 0 
68 295 24 0 
68 71 32 0 
69 205 37 0 
69 183 12 0 
69 106 81 0 
71 141 30 0 
72 116 66 0 
72 77 59 0 
73 291 66 0 
73 267 9 0 
73 184 43 0 
74 247 20 0 
74 200 56 0 
74 196 38 0 
74 79 29 0 
75 276 88 0 
75 231 75 0 
75 111 50 0 
76 235 26 0 
77 190 27 0 
77 155 44 0 
78 231 5 0 
79 277 54 0 
79 268 52 0 
79 252 38 0 
79 126 60 0 
80 290 94 0 
80 162 53 0 
81 253 16 0 
81 209 55 0 
81 197 107 0 
81 115 49 0 
82 263 32 0 
82 226 33 0 
84 264 34 0 
84 185 98 0 
85 281 26 0 
86 184 35 0 
88 224 29 0 
88 143 39 0 
88 100 68 0 
89 270 13 0 
89 236 25 0 
89 229 6 0 
90 281 47 0 
90 257 73 0 
90 249 75 0 
90 202 60 0 
91 287 54 0 
91 236 81 0 
91 210 17 0 
91 117 75 0 
91 94 51 0 
92 235 69 0 
92 183 20 0 
92 127 47 0 
93 286 23 0 
93 281 24 0 
93 140 30 0 
93 130 35 0 
93 101 56 0 
94 153 39 0 
95 298 45 0 
95 157 31 0 
95 139 52 0 
96 283 16 0 
96 166 27 0 
96 129 34 0 
96 125 55 0 
97 182 38 0 
97 161 19 0 
98 241 37 0 
99 277 46 0 
99 217 15 0 
99 213 8 0 
100 275 45 0 
100 257 74 0 
100 244 58 0 
100 197 33 0 
100 161 57 0 
100 139 75 0 
101 169 110 0 
101 150 71 0 
101 132 32 0 
102 231 23 0 
102 187 78 0 
103 180 55 0 
104 181 51 0 
104 124 56 0 
105 213 68 0 
106 293 46 0 
106 225 82 0 
106 135 67 0 
107 165 33 0 
107 159 69 0 
108 297 87 0 
108 210 86 0 
108 163 117 0 
109 178 24 0 
110 292 83 0 
110 240 47 0 
110 224 74 0 
110 215 62 0 
110 119 80 0 
111 299 53 0 
111 233 60 0 
111 226 46 0 
111 179 66 0 
112 287 64 0 
112 253 25 0 
112 207 40 0 
112 200 51 0 
112 125 76 0 
112 117 85 0 
114 271 57 0 
115 261 9 0 
115 250 36 0 
115 173 71 0 
116 281 37 0 
116 240 31 0 
116 196 39 0 
116 173 40 0 
117 184 87 0 
118 235 13 0 
119 254 91 0 
119 253 90 0 
120 296 64 0 
120 234 43 0 
120 217 22 0 
121 237 56 0 
121 192 18 0 
121 153 36 0 
122 282 21 0 
122 227 11 0 
122 152 87 0 
123 249 57 0 
123 208 66 0 
123 178 22 0 
125 249 98 0 
125 139 54 0 
126 283 23 0 
126 266 73 0 
126 251 85 0 
126 192 74 0 
126 162 49 0 
127 218 62 0 
128 290 29 0 
128 187 19 0 
131 266 46 0 
131 179 21 0 
131 170 32 0 
131 152 19 0 
132 168 19 0 
132 165 52 0 
133 191 52 0 
134 280 74 0 
134 246 6 0 
134 236 16 0 
134 179 57 0 
134 156 44 0 
136 194 34 0 
137 239 42 0 
138 226 56 0 
139 275 54 0 
139 250 7 0 
139 212 79 0 
139 187 60 0 
139 169 28 0 
139 153 75 0 
140 234 52 0 
140 222 25 0 
141 250 67 0 
141 249 42 0 
141 155 62 0 
143 175 5 0 
143 164 77 0 
145 146 55 0 
146 275 23 0 
146 186 72 0 
146 154 14 0 
147 241 18 0 
148 259 22 0 
148 218 59 0 
149 278 37 0 
150 209 18 0 
150 200 32 0 
150 188 51 0 
151 232 43 0 
151 185 58 0 
152 277 21 0 
152 201 27 0 
153 276 44 0 
153 256 91 0 
153 245 32 0 
153 228 80 0 
153 180 58 0 
154 279 34 0 
154 250 35 0 
156 190 29 0 
157 276 12 0 
157 218 83 0 
158 232 68 0 
158 190 39 0 
160 284 91 0 
160 265 44 0 
160 161 89 0 
161 245 36 0 
161 226 58 0 
162 208 58 0 
163 271 56 0 
163 237 113 0 
164 299 33 0 
164 189 83 0 
165 242 17 0 
165 183 56 0 
166 246 90 0 
166 223 59 0 
166 181 83 0 
167 189 37 0 
168 272 29 0 
169 205 77 0 
170 284 56 0 
170 260 120 0 
170 182 34 0 
171 247 36 0 
171 183 75 0 
171 176 70 0 
172 252 24 0 
172 245 10 0 
175 258 79 0 
176 278 68 0 
176 272 48 0 
176 211 43 0 
177 189 20 0 
178 254 62 0 
178 252 20 0 
179 267 72 0 
179 201 10 0 
180 221 54 0 
180 181 35 0 
183 236 44 0 
184 297 52 0 
185 256 69 0 
185 255 41 0 
185 198 13 0 
187 260 20 0 
189 220 65 0 
190 269 64 0 
190 207 56 0 
190 203 69 0 
191 202 46 0 
193 280 21 0 
193 259 31 0 
193 244 41 0 
194 292 62 0 
195 272 76 0 
195 206 23 0 
196 218 36 0 
198 215 74 0 
200 203 55 0 
201 277 16 0 
201 260 98 0 
203 231 42 0 
203 219 94 0 
204 276 35 0 
204 258 76 0 
204 214 49 0 
205 229 67 0 
205 207 52 0 
206 262 5 0 
206 231 11 0 
207 225 82 0 
207 216 30 0 
208 293 37 0 
209 248 43 0 
211 229 21 0 
211 220 40 0 
214 230 59 0 
215 297 94 0 
217 262 64 0 
217 260 94 0 
218 285 46 0 
218 282 17 0 
220 291 70 0 
220 258 19 0 
220 231 23 0 
221 238 86 0 
224 296 97 0 
225 239 35 0 
225 236 38 0 
226 234 36 0 
227 266 61 0 
230 291 61 0 
232 278 11 0 
232 245 16 0 
233 260 66 0 
234 271 24 0 
234 236 16 0 
236 289 36 0 
237 283 67 0 
237 278 93 0 
239 245 46 0 
240 282 27 0 
241 294 53 0 
241 243 65 0 
242 290 37 0 
242 274 32 0 
243 249 93 0 
245 247 5 0 
247 271 40 0 
252 297 50 0 
252 273 4 0 
252 272 41 0 
254 293 42 0 
257 279 67 0 
259 272 71 0 
261 299 42 0 
261 289 47 0 
262 288 36 0 
265 274 59 0 
265 269 80 0 
266 270 57 0 
269 275 29 0 
273 291 34 0 
279 296 61 0 
282 283 95 0 
284 299 55 0 
292 295 42 0 
