#GRAPH (#nodes #edges id uu vv ww xx yy zz):
#300 1098 geo(0,{300,100,3,0.011,0.000,0.000}) 100 
#
VERTICES (index name u v w x y z):
0 0 60 56 
1 1 62 54 
2 2 90 61 
3 3 39 27 
4 4 19 92 
5 5 26 91 
6 6 30 49 
7 7 9 29 
8 8 75 29 
9 9 1 9 
10 10 79 72 
11 11 20 10 
12 12 54 63 
13 13 87 87 
14 14 57 83 
15 15 52 49 
16 16 18 29 
17 17 74 46 
18 18 59 15 
19 19 27 8 
20 20 24 10 
21 21 44 62 
22 22 56 2 
23 23 77 56 
24 24 24 47 
25 25 1 51 
26 26 60 32 
27 27 2 66 
28 28 71 93 
29 29 17 19 
30 30 41 62 
31 31 90 57 
32 32 18 83 
33 33 74 78 
34 34 72 92 
35 35 12 33 
36 36 36 31 
37 37 65 47 
38 38 26 79 
39 39 69 42 
40 40 33 69 
41 41 37 19 
42 42 20 77 
43 43 37 62 
44 44 52 43 
45 45 86 58 
46 46 28 56 
47 47 90 83 
48 48 1 16 
49 49 95 47 
50 50 37 73 
51 51 47 98 
52 52 60 98 
53 53 8 84 
54 54 30 89 
55 55 48 85 
56 56 77 31 
57 57 60 1 
58 58 35 19 
59 59 66 89 
60 60 57 76 
61 61 67 57 
62 62 65 4 
63 63 9 26 
64 64 87 51 
65 65 91 24 
66 66 50 13 
67 67 18 86 
68 68 16 34 
69 69 59 88 
70 70 75 19 
71 71 39 41 
72 72 86 97 
73 73 15 27 
74 74 56 26 
75 75 98 87 
76 76 26 34 
77 77 18 28 
78 78 59 73 
79 79 73 89 
80 80 42 64 
81 81 97 1 
82 82 23 28 
83 83 59 59 
84 84 5 37 
85 85 43 1 
86 86 0 12 
87 87 85 14 
88 88 90 9 
89 89 29 57 
90 90 62 74 
91 91 73 19 
92 92 56 44 
93 93 87 77 
94 94 14 68 
95 95 26 66 
96 96 26 23 
97 97 58 34 
98 98 19 54 
99 99 54 91 
100 100 38 77 
101 101 85 95 
102 102 9 2 
103 103 59 33 
104 104 40 64 
105 105 75 23 
106 106 97 87 
107 107 96 20 
108 108 38 38 
109 109 83 34 
110 110 33 22 
111 111 35 95 
112 112 59 86 
113 113 17 44 
114 114 76 41 
115 115 94 2 
116 116 1 36 
117 117 24 86 
118 118 41 70 
119 119 74 59 
120 120 18 89 
121 121 95 85 
122 122 72 10 
123 123 26 5 
124 124 59 91 
125 125 95 71 
126 126 68 15 
127 127 13 72 
128 128 44 13 
129 129 12 74 
130 130 78 75 
131 131 99 69 
132 132 96 75 
133 133 60 88 
134 134 90 28 
135 135 54 88 
136 136 42 77 
137 137 85 83 
138 138 23 71 
139 139 64 13 
140 140 51 96 
141 141 38 85 
142 142 3 65 
143 143 65 54 
144 144 75 22 
145 145 30 10 
146 146 32 43 
147 147 92 56 
148 148 37 52 
149 149 20 88 
150 150 70 25 
151 151 6 21 
152 152 98 37 
153 153 42 70 
154 154 53 45 
155 155 57 90 
156 156 71 6 
157 157 59 82 
158 158 17 7 
159 159 58 35 
160 160 17 91 
161 161 41 25 
162 162 29 84 
163 163 21 31 
164 164 89 82 
165 165 30 22 
166 166 8 67 
167 167 65 88 
168 168 52 93 
169 169 10 62 
170 170 58 53 
171 171 78 55 
172 172 59 11 
173 173 47 65 
174 174 96 49 
175 175 10 92 
176 176 82 82 
177 177 83 29 
178 178 36 52 
179 179 29 28 
180 180 38 18 
181 181 96 45 
182 182 24 77 
183 183 28 50 
184 184 3 19 
185 185 73 52 
186 186 11 70 
187 187 51 12 
188 188 87 76 
189 189 77 40 
190 190 45 46 
191 191 56 98 
192 192 41 72 
193 193 74 8 
194 194 69 28 
195 195 10 21 
196 196 51 88 
197 197 9 13 
198 198 44 88 
199 199 32 53 
200 200 52 65 
201 201 48 89 
202 202 39 75 
203 203 23 39 
204 204 89 6 
205 205 48 0 
206 206 78 84 
207 207 82 10 
208 208 27 30 
209 209 92 7 
210 210 78 46 
211 211 67 22 
212 212 75 57 
213 213 15 44 
214 214 62 69 
215 215 84 81 
216 216 14 76 
217 217 22 45 
218 218 94 76 
219 219 91 66 
220 220 1 17 
221 221 99 82 
222 222 83 81 
223 223 92 64 
224 224 37 67 
225 225 8 82 
226 226 98 33 
227 227 92 44 
228 228 26 17 
229 229 72 11 
230 230 52 13 
231 231 29 56 
232 232 55 59 
233 233 36 34 
234 234 11 84 
235 235 6 18 
236 236 20 63 
237 237 94 94 
238 238 20 13 
239 239 85 85 
240 240 55 0 
241 241 54 86 
242 242 52 80 
243 243 69 19 
244 244 48 96 
245 245 47 91 
246 246 72 22 
247 247 87 63 
248 248 0 21 
249 249 2 62 
250 250 20 78 
251 251 89 62 
252 252 15 76 
253 253 6 83 
254 254 29 82 
255 255 55 51 
256 256 97 98 
257 257 29 48 
258 258 42 79 
259 259 37 47 
260 260 88 92 
261 261 89 44 
262 262 54 92 
263 263 36 80 
264 264 84 2 
265 265 27 29 
266 266 32 33 
267 267 30 3 
268 268 3 8 
269 269 53 14 
270 270 22 37 
271 271 94 19 
272 272 95 62 
273 273 12 28 
274 274 27 14 
275 275 10 66 
276 276 4 2 
277 277 58 74 
278 278 16 69 
279 279 4 93 
280 280 46 92 
281 281 27 55 
282 282 97 59 
283 283 50 28 
284 284 96 10 
285 285 58 79 
286 286 98 82 
287 287 91 86 
288 288 1 8 
289 289 54 66 
290 290 25 97 
291 291 87 61 
292 292 43 96 
293 293 96 28 
294 294 19 40 
295 295 43 55 
296 296 91 58 
297 297 8 47 
298 298 42 7 
299 299 53 68 
#
EDGES (from-node to-node length a b):
0 145 55 0 
1 266 37 0 
1 195 62 0 
2 240 70 0 
2 140 52 0 
2 103 42 0 
3 221 81 0 
3 87 48 0 
3 38 54 0 
4 254 14 0 
4 134 96 0 
4 47 72 0 
5 197 80 0 
5 26 68 0 
6 87 65 0 
6 60 38 0 
6 54 40 0 
7 230 46 0 
7 210 71 0 
7 182 50 0 
7 100 56 0 
7 26 51 0 
8 212 28 0 
8 196 64 0 
8 159 18 0 
8 113 60 0 
8 85 43 0 
9 265 33 0 
9 185 84 0 
9 43 64 0 
10 190 43 0 
10 187 66 0 
10 87 58 0 
11 206 94 0 
11 159 45 0 
11 148 45 0 
11 147 85 0 
11 141 77 0 
11 140 91 0 
11 51 92 0 
12 280 30 0 
12 258 20 0 
12 72 47 0 
12 25 54 0 
13 250 68 0 
14 271 74 0 
14 250 37 0 
14 180 68 0 
14 106 40 0 
14 42 37 0 
15 269 35 0 
15 220 60 0 
15 188 44 0 
15 123 51 0 
16 172 45 0 
16 165 14 0 
16 126 52 0 
17 107 34 0 
17 76 49 0 
17 24 50 0 
18 287 78 0 
18 160 87 0 
18 156 15 0 
18 153 58 0 
18 145 29 0 
19 25 50 0 
20 297 40 0 
20 244 89 0 
20 235 20 0 
20 188 91 0 
21 210 38 0 
21 88 70 0 
22 284 41 0 
22 279 105 0 
22 164 87 0 
23 282 20 0 
23 260 38 0 
23 186 67 0 
23 140 48 0 
23 133 36 0 
23 69 37 0 
23 25 76 0 
24 113 8 0 
24 78 44 0 
25 242 59 0 
25 175 42 0 
25 97 59 0 
25 42 32 0 
26 135 56 0 
26 66 21 0 
27 285 57 0 
27 218 93 0 
27 178 37 0 
28 241 18 0 
28 188 23 0 
28 88 86 0 
29 218 96 0 
29 38 61 0 
30 168 33 0 
30 159 32 0 
30 73 44 0 
30 33 37 0 
31 212 15 0 
31 196 50 0 
31 70 41 0 
32 290 16 0 
32 276 82 0 
32 191 41 0 
32 144 83 0 
32 120 6 0 
32 65 94 0 
32 56 79 0 
33 249 74 0 
33 227 38 0 
34 287 20 0 
34 170 41 0 
34 117 48 0 
35 276 32 0 
35 105 64 0 
36 294 19 0 
36 269 24 0 
36 200 38 0 
36 199 22 0 
36 145 22 0 
36 114 41 0 
37 285 33 0 
37 159 14 0 
38 156 86 0 
38 145 69 0 
39 255 17 0 
40 104 9 0 
41 269 17 0 
41 212 54 0 
41 128 9 0 
42 189 68 0 
43 234 34 0 
43 46 11 0 
44 178 18 0 
44 171 29 0 
44 101 62 0 
44 97 11 0 
44 48 58 0 
45 294 69 0 
45 253 84 0 
46 288 55 0 
46 281 1 0 
46 229 63 0 
47 295 55 0 
47 272 22 0 
47 258 48 0 
47 189 45 0 
47 186 80 0 
47 68 89 0 
48 156 71 0 
48 95 56 0 
49 278 82 0 
49 238 82 0 
49 151 93 0 
49 149 85 0 
49 125 24 0 
49 62 52 0 
50 299 17 0 
50 262 25 0 
50 235 63 0 
50 172 66 0 
50 145 63 0 
50 128 60 0 
50 109 60 0 
51 290 22 0 
51 175 37 0 
51 127 43 0 
52 183 58 0 
52 181 64 0 
52 124 7 0 
52 113 69 0 
52 59 11 0 
53 224 34 0 
53 196 43 0 
53 167 57 0 
54 94 26 0 
55 226 72 0 
55 222 35 0 
55 139 74 0 
55 136 10 0 
55 101 38 0 
56 152 22 0 
56 151 72 0 
57 279 108 0 
57 178 56 0 
57 125 78 0 
57 97 33 0 
57 85 17 0 
58 186 56 0 
58 175 77 0 
58 95 48 0 
59 262 12 0 
59 209 86 0 
59 70 71 0 
60 270 52 0 
60 149 39 0 
60 99 15 0 
61 246 35 0 
61 230 46 0 
61 157 26 0 
61 103 25 0 
61 92 17 0 
61 68 56 0 
62 268 62 0 
62 176 80 0 
62 137 81 0 
63 238 17 0 
63 90 72 0 
64 276 96 0 
65 129 93 0 
66 151 45 0 
66 124 79 0 
66 76 32 0 
67 279 16 0 
67 271 101 0 
68 131 90 0 
69 272 44 0 
69 218 37 0 
69 119 33 0 
69 110 71 0 
70 142 85 0 
71 248 44 0 
71 245 51 0 
71 207 53 0 
72 285 33 0 
72 269 89 0 
72 231 70 0 
73 199 31 0 
74 254 62 0 
74 88 38 0 
75 195 110 0 
75 178 71 0 
75 117 74 0 
76 251 69 0 
76 237 91 0 
76 208 4 0 
76 188 74 0 
76 128 28 0 
77 231 30 0 
77 224 43 0 
77 218 90 0 
77 121 96 0 
78 230 60 0 
78 222 25 0 
79 285 18 0 
79 183 60 0 
80 242 19 0 
80 191 37 0 
80 187 53 0 
80 156 65 0 
80 126 55 0 
81 285 87 0 
82 84 20 0 
83 293 48 0 
83 88 59 0 
84 97 53 0 
85 257 49 0 
85 247 76 0 
85 157 83 0 
85 90 75 0 
86 201 91 0 
88 224 79 0 
89 293 73 0 
89 109 59 0 
90 293 57 0 
90 264 75 0 
90 144 54 0 
91 235 67 0 
91 206 65 0 
91 119 40 0 
92 279 71 0 
93 289 35 0 
93 262 36 0 
93 200 37 0 
93 196 38 0 
93 184 102 0 
94 297 22 0 
94 160 23 0 
94 158 61 0 
94 154 45 0 
94 109 77 0 
95 209 89 0 
95 189 57 0 
95 146 24 0 
96 158 18 0 
96 157 68 0 
97 109 25 0 
98 256 90 0 
98 208 25 0 
98 199 13 0 
98 184 38 0 
98 129 21 0 
100 271 81 0 
100 156 78 0 
100 148 25 0 
100 132 58 0 
101 235 110 0 
101 169 82 0 
101 127 76 0 
102 180 33 0 
102 166 65 0 
103 193 29 0 
103 155 57 0 
104 269 52 0 
104 240 66 0 
104 205 64 0 
104 204 76 0 
104 201 26 0 
105 195 65 0 
105 118 58 0 
105 110 42 0 
106 219 22 0 
106 138 76 0 
106 114 51 0 
107 264 22 0 
107 165 66 0 
107 109 19 0 
108 237 79 0 
108 142 44 0 
110 129 56 0 
111 223 65 0 
112 233 57 0 
112 126 72 0 
113 290 54 0 
113 260 86 0 
113 163 14 0 
114 299 35 0 
114 294 57 0 
114 289 33 0 
114 266 45 0 
114 225 79 0 
114 156 35 0 
115 288 93 0 
115 249 110 0 
115 228 70 0 
115 225 117 0 
115 170 62 0 
115 126 29 0 
116 293 95 0 
116 269 56 0 
116 207 85 0 
116 186 35 0 
116 148 39 0 
117 216 14 0 
118 184 64 0 
119 291 13 0 
119 236 54 0 
119 142 71 0 
119 140 44 0 
120 286 80 0 
120 182 13 0 
120 122 96 0 
121 286 4 0 
121 254 66 0 
122 146 52 0 
123 243 45 0 
123 184 27 0 
123 166 65 0 
123 149 83 0 
123 133 90 0 
124 271 80 0 
124 267 93 0 
124 161 68 0 
125 252 80 0 
125 206 21 0 
125 149 77 0 
126 212 43 0 
127 169 10 0 
128 299 56 0 
128 226 58 0 
128 150 29 0 
129 290 26 0 
129 283 60 0 
130 251 17 0 
130 248 95 0 
130 234 68 0 
130 140 34 0 
130 135 27 0 
131 271 50 0 
131 149 81 0 
131 140 55 0 
132 273 96 0 
132 245 52 0 
132 176 16 0 
132 161 74 0 
133 239 25 0 
133 187 77 0 
133 141 22 0 
135 137 31 0 
136 192 5 0 
136 172 68 0 
137 271 65 0 
137 183 66 0 
138 269 64 0 
138 202 16 0 
139 267 35 0 
140 290 26 0 
140 212 46 0 
140 155 8 0 
141 289 25 0 
141 199 33 0 
141 179 58 0 
141 147 61 0 
142 266 43 0 
142 257 31 0 
142 147 89 0 
143 291 23 0 
143 248 73 0 
144 287 66 0 
144 286 64 0 
144 285 59 0 
144 153 58 0 
147 205 71 0 
147 177 28 0 
148 284 72 0 
148 203 19 0 
149 187 82 0 
149 155 37 0 
150 221 64 0 
152 282 22 0 
152 238 82 0 
152 172 47 0 
153 271 73 0 
153 266 38 0 
153 256 62 0 
153 222 42 0 
156 291 57 0 
156 261 42 0 
156 260 88 0 
158 179 24 0 
159 291 39 0 
159 265 32 0 
159 256 74 0 
159 237 69 0 
159 224 38 0 
159 184 57 0 
160 264 111 0 
160 214 50 0 
161 176 70 0 
162 185 54 0 
162 177 77 0 
163 260 91 0 
164 290 66 0 
164 252 74 0 
164 247 19 0 
164 240 89 0 
165 236 42 0 
167 204 85 0 
168 293 78 0 
168 254 25 0 
168 219 47 0 
169 275 4 0 
169 252 15 0 
169 219 81 0 
173 227 50 0 
173 182 26 0 
174 252 85 0 
174 176 36 0 
175 267 91 0 
175 245 37 0 
176 246 61 0 
176 230 75 0 
176 214 24 0 
176 210 36 0 
176 192 42 0 
177 212 29 0 
177 198 71 0 
178 195 40 0 
179 237 93 0 
179 218 81 0 
180 198 70 0 
180 184 35 0 
181 293 17 0 
181 258 64 0 
181 241 59 0 
182 288 73 0 
182 232 36 0 
182 185 55 0 
185 259 36 0 
185 244 51 0 
187 276 48 0 
188 284 67 0 
188 194 51 0 
191 276 109 0 
191 214 30 0 
192 268 74 0 
193 230 23 0 
193 217 64 0 
196 238 81 0 
197 298 34 0 
197 277 78 0 
198 292 8 0 
198 269 75 0 
199 231 4 0 
199 218 66 0 
203 274 25 0 
205 242 80 0 
206 252 64 0 
206 210 38 0 
207 243 16 0 
209 241 88 0 
209 237 87 0 
210 289 31 0 
211 264 26 0 
211 221 68 0 
212 261 19 0 
213 267 44 0 
214 259 33 0 
215 296 24 0 
215 247 18 0 
216 233 47 0 
217 297 14 0 
217 228 28 0 
218 276 117 0 
219 236 71 0 
219 234 82 0 
219 228 81 0 
220 289 72 0 
222 241 29 0 
223 247 5 0 
225 280 39 0 
225 274 71 0 
225 226 102 0 
228 243 43 0 
229 269 19 0 
229 243 9 0 
234 265 57 0 
235 245 84 0 
239 285 28 0 
241 263 19 0 
243 248 69 0 
245 255 41 0 
248 273 14 0 
251 296 4 0 
253 270 49 0 
255 292 47 0 
265 298 27 0 
265 283 23 0 
269 293 45 0 
269 284 43 0 
275 299 43 0 
275 293 94 0 
277 294 52 0 
278 280 38 0 
297 299 50 0 
