#GRAPH (#nodes #edges id uu vv ww xx yy zz):
#300 1100 geo(0,{300,100,3,0.011,0.000,0.000}) 100 
#
VERTICES (index name u v w x y z):
0 0 56 23 
1 1 77 95 
2 2 87 21 
3 3 47 40 
4 4 29 8 
5 5 11 87 
6 6 18 56 
7 7 93 65 
8 8 18 97 
9 9 16 42 
10 10 49 68 
11 11 51 77 
12 12 83 65 
13 13 84 97 
14 14 41 90 
15 15 52 48 
16 16 67 97 
17 17 64 8 
18 18 8 32 
19 19 70 63 
20 20 10 98 
21 21 34 89 
22 22 42 25 
23 23 91 25 
24 24 86 7 
25 25 83 85 
26 26 10 32 
27 27 5 11 
28 28 25 29 
29 29 48 5 
30 30 58 30 
31 31 29 85 
32 32 82 47 
33 33 22 0 
34 34 42 42 
35 35 65 74 
36 36 0 60 
37 37 1 13 
38 38 49 95 
39 39 78 45 
40 40 46 48 
41 41 47 30 
42 42 63 17 
43 43 96 29 
44 44 33 26 
45 45 23 29 
46 46 62 41 
47 47 45 73 
48 48 15 20 
49 49 97 84 
50 50 53 37 
51 51 9 84 
52 52 81 19 
53 53 66 34 
54 54 28 4 
55 55 52 86 
56 56 12 86 
57 57 85 79 
58 58 18 29 
59 59 66 85 
60 60 31 62 
61 61 92 58 
62 62 20 2 
63 63 64 2 
64 64 26 12 
65 65 19 24 
66 66 4 1 
67 67 7 87 
68 68 65 10 
69 69 20 79 
70 70 60 15 
71 71 97 15 
72 72 84 72 
73 73 49 0 
74 74 56 8 
75 75 69 62 
76 76 81 82 
77 77 40 22 
78 78 32 18 
79 79 49 27 
80 80 4 79 
81 81 63 13 
82 82 60 29 
83 83 80 66 
84 84 42 99 
85 85 28 62 
86 86 33 37 
87 87 52 53 
88 88 87 63 
89 89 44 79 
90 90 5 91 
91 91 35 54 
92 92 15 35 
93 93 71 15 
94 94 92 23 
95 95 6 46 
96 96 44 34 
97 97 99 56 
98 98 60 96 
99 99 91 55 
100 100 44 7 
101 101 82 38 
102 102 68 84 
103 103 41 66 
104 104 20 44 
105 105 47 87 
106 106 48 24 
107 107 6 71 
108 108 84 14 
109 109 55 1 
110 110 24 29 
111 111 28 90 
112 112 66 18 
113 113 88 85 
114 114 69 15 
115 115 62 44 
116 116 23 45 
117 117 70 73 
118 118 21 81 
119 119 95 97 
120 120 31 22 
121 121 74 79 
122 122 42 13 
123 123 71 86 
124 124 44 3 
125 125 16 86 
126 126 55 21 
127 127 21 70 
128 128 80 76 
129 129 90 75 
130 130 47 65 
131 131 34 62 
132 132 10 62 
133 133 92 51 
134 134 10 33 
135 135 64 57 
136 136 28 53 
137 137 48 71 
138 138 86 60 
139 139 6 92 
140 140 42 14 
141 141 19 3 
142 142 10 85 
143 143 25 34 
144 144 80 3 
145 145 61 99 
146 146 98 44 
147 147 74 98 
148 148 21 19 
149 149 29 5 
150 150 4 6 
151 151 0 58 
152 152 39 1 
153 153 0 25 
154 154 52 34 
155 155 16 49 
156 156 83 42 
157 157 57 61 
158 158 18 87 
159 159 95 14 
160 160 68 80 
161 161 52 4 
162 162 51 58 
163 163 44 4 
164 164 82 68 
165 165 70 3 
166 166 24 56 
167 167 59 46 
168 168 82 40 
169 169 53 97 
170 170 92 5 
171 171 56 44 
172 172 65 84 
173 173 34 60 
174 174 54 70 
175 175 9 44 
176 176 89 66 
177 177 90 64 
178 178 75 41 
179 179 19 18 
180 180 95 16 
181 181 22 86 
182 182 20 56 
183 183 42 50 
184 184 2 29 
185 185 16 60 
186 186 50 88 
187 187 1 79 
188 188 62 84 
189 189 83 49 
190 190 80 21 
191 191 54 84 
192 192 3 14 
193 193 62 8 
194 194 55 81 
195 195 40 28 
196 196 45 58 
197 197 37 7 
198 198 61 71 
199 199 27 21 
200 200 90 15 
201 201 23 43 
202 202 24 9 
203 203 14 86 
204 204 45 27 
205 205 30 66 
206 206 1 72 
207 207 4 83 
208 208 47 99 
209 209 67 53 
210 210 64 78 
211 211 23 57 
212 212 22 69 
213 213 23 94 
214 214 28 55 
215 215 74 84 
216 216 19 96 
217 217 11 1 
218 218 65 71 
219 219 60 87 
220 220 39 21 
221 221 89 37 
222 222 34 24 
223 223 6 7 
224 224 86 29 
225 225 13 59 
226 226 17 46 
227 227 5 78 
228 228 65 35 
229 229 38 27 
230 230 56 83 
231 231 72 22 
232 232 43 63 
233 233 64 37 
234 234 41 35 
235 235 8 44 
236 236 17 2 
237 237 58 0 
238 238 97 83 
239 239 55 63 
240 240 51 89 
241 241 32 26 
242 242 76 71 
243 243 84 67 
244 244 2 64 
245 245 62 72 
246 246 42 60 
247 247 91 71 
248 248 84 62 
249 249 68 71 
250 250 62 60 
251 251 43 39 
252 252 23 96 
253 253 56 96 
254 254 12 92 
255 255 47 49 
256 256 57 88 
257 257 88 8 
258 258 37 20 
259 259 90 79 
260 260 20 73 
261 261 66 80 
262 262 37 70 
263 263 2 22 
264 264 70 72 
265 265 52 89 
266 266 20 62 
267 267 8 61 
268 268 75 55 
269 269 82 83 
270 270 26 44 
271 271 95 79 
272 272 60 68 
273 273 17 76 
274 274 7 47 
275 275 0 36 
276 276 30 25 
277 277 79 66 
278 278 91 89 
279 279 29 71 
280 280 99 21 
281 281 89 49 
282 282 41 58 
283 283 17 31 
284 284 60 6 
285 285 2 90 
286 286 74 99 
287 287 4 13 
288 288 93 9 
289 289 89 50 
290 290 13 81 
291 291 54 13 
292 292 65 53 
293 293 8 47 
294 294 75 1 
295 295 60 48 
296 296 86 82 
297 297 54 47 
298 298 94 39 
299 299 28 57 
#
EDGES (from-node to-node length a b):
0 163 22 0 
0 115 22 0 
0 66 56 0 
0 47 51 0 
1 234 70 0 
1 198 29 0 
1 110 85 0 
1 27 111 0 
2 245 57 0 
2 221 16 0 
2 166 72 0 
2 145 82 0 
2 18 80 0 
3 151 50 0 
4 254 86 0 
4 172 84 0 
4 72 84 0 
5 269 71 0 
5 259 79 0 
5 143 55 0 
6 290 25 0 
6 178 59 0 
6 176 72 0 
6 126 51 0 
7 188 36 0 
7 139 91 0 
7 127 72 0 
7 15 44 0 
8 289 85 0 
8 161 99 0 
9 212 28 0 
10 158 36 0 
10 102 25 0 
11 217 86 0 
11 167 32 0 
11 144 79 0 
12 275 88 0 
12 229 59 0 
12 189 16 0 
12 106 54 0 
12 45 70 0 
12 13 32 0 
13 243 30 0 
13 93 83 0 
13 34 69 0 
14 212 28 0 
14 174 24 0 
14 116 48 0 
14 91 36 0 
14 39 58 0 
15 200 50 0 
15 185 38 0 
15 174 22 0 
15 171 6 0 
15 60 25 0 
15 30 19 0 
16 257 91 0 
16 254 55 0 
16 129 32 0 
16 116 68 0 
16 48 93 0 
17 258 30 0 
17 117 65 0 
18 98 82 0 
18 32 76 0 
19 182 50 0 
19 132 60 0 
19 88 17 0 
20 171 71 0 
21 261 33 0 
21 186 16 0 
21 160 35 0 
21 53 64 0 
22 262 45 0 
22 196 33 0 
22 71 56 0 
23 237 41 0 
23 114 24 0 
23 112 26 0 
23 95 88 0 
23 84 89 0 
24 294 13 0 
24 276 59 0 
24 264 67 0 
24 186 89 0 
24 130 70 0 
25 293 84 0 
26 222 25 0 
26 204 35 0 
26 107 39 0 
27 244 53 0 
27 234 43 0 
27 211 49 0 
27 203 76 0 
27 171 61 0 
27 86 38 0 
27 62 17 0 
27 45 25 0 
27 39 81 0 
28 95 25 0 
29 151 72 0 
29 124 4 0 
29 96 29 0 
30 262 45 0 
30 145 69 0 
30 52 25 0 
31 275 57 0 
31 212 17 0 
31 206 31 0 
31 184 62 0 
31 81 80 0 
32 259 33 0 
32 218 29 0 
32 153 85 0 
32 150 88 0 
33 250 72 0 
33 247 99 0 
33 70 41 0 
33 40 54 0 
34 296 59 0 
35 278 30 0 
35 262 28 0 
35 246 27 0 
35 208 31 0 
35 197 73 0 
35 150 91 0 
35 85 39 0 
35 66 95 0 
36 299 28 0 
36 254 34 0 
36 86 40 0 
37 241 34 0 
37 210 91 0 
37 55 89 0 
38 295 48 0 
38 148 81 0 
38 69 33 0 
39 286 54 0 
39 135 18 0 
39 113 41 0 
39 70 35 0 
40 252 53 0 
40 145 53 0 
41 298 48 0 
41 79 4 0 
42 292 36 0 
42 233 20 0 
42 170 31 0 
43 254 105 0 
43 222 62 0 
44 233 33 0 
44 203 63 0 
44 185 38 0 
44 168 51 0 
44 92 20 0 
45 279 42 0 
45 266 33 0 
45 245 58 0 
45 167 40 0 
45 92 10 0 
45 73 39 0 
46 274 55 0 
46 175 53 0 
46 86 29 0 
46 79 19 0 
47 291 61 0 
47 244 44 0 
47 194 13 0 
48 268 69 0 
48 157 59 0 
49 288 75 0 
50 117 40 0 
51 209 66 0 
51 180 110 0 
51 173 35 0 
51 153 60 0 
51 103 37 0 
52 213 95 0 
52 189 30 0 
52 153 81 0 
52 125 93 0 
52 60 66 0 
53 226 50 0 
53 209 19 0 
53 167 14 0 
53 163 37 0 
53 102 50 0 
53 86 33 0 
54 213 90 0 
54 154 38 0 
54 124 16 0 
55 263 81 0 
55 252 31 0 
55 192 87 0 
55 164 35 0 
56 127 18 0 
57 267 79 0 
57 246 47 0 
57 193 75 0 
57 110 79 0 
57 71 65 0 
57 58 84 0 
58 296 86 0 
58 135 54 0 
59 270 57 0 
59 227 61 0 
60 247 61 0 
60 214 8 0 
60 91 9 0 
61 212 71 0 
61 200 43 0 
62 252 94 0 
62 223 15 0 
62 206 73 0 
63 275 72 0 
63 240 88 0 
64 166 44 0 
64 146 79 0 
64 83 76 0 
65 254 68 0 
65 146 81 0 
66 193 58 0 
66 125 86 0 
66 77 42 0 
67 243 80 0 
67 164 77 0 
67 86 56 0 
68 272 58 0 
68 271 75 0 
68 171 35 0 
68 156 37 0 
68 151 81 0 
70 275 64 0 
70 172 69 0 
70 97 57 0 
70 80 85 0 
72 112 57 0 
72 102 20 0 
73 207 94 0 
73 181 90 0 
73 151 76 0 
74 102 77 0 
74 91 51 0 
75 143 52 0 
75 133 25 0 
75 113 30 0 
75 105 33 0 
75 97 31 0 
76 288 74 0 
76 112 66 0 
76 77 73 0 
77 208 77 0 
77 137 50 0 
78 209 49 0 
78 158 70 0 
78 136 35 0 
78 123 78 0 
79 169 70 0 
79 114 23 0 
80 255 52 0 
80 132 18 0 
80 111 26 0 
80 90 12 0 
81 203 88 0 
82 173 40 0 
82 145 70 0 
83 213 64 0 
84 278 50 0 
85 299 5 0 
85 251 27 0 
85 117 43 0 
85 101 59 0 
86 242 55 0 
86 237 45 0 
86 228 32 0 
86 202 29 0 
86 163 35 0 
87 276 36 0 
87 180 57 0 
87 132 43 0 
87 100 47 0 
88 249 21 0 
88 248 3 0 
88 191 39 0 
89 285 43 0 
89 242 33 0 
89 92 53 0 
90 279 31 0 
90 239 57 0 
90 238 92 0 
90 237 105 0 
90 232 47 0 
90 111 23 0 
91 203 38 0 
91 168 49 0 
94 254 106 0 
94 121 59 0 
95 173 31 0 
96 100 27 0 
97 215 38 0 
98 131 43 0 
99 256 47 0 
100 151 67 0 
101 281 13 0 
101 259 42 0 
102 297 40 0 
102 106 63 0 
103 290 32 0 
103 241 41 0 
103 231 54 0 
103 214 17 0 
104 254 49 0 
104 236 42 0 
105 278 44 0 
105 205 27 0 
106 200 43 0 
106 195 9 0 
106 187 72 0 
106 174 46 0 
106 141 36 0 
107 255 47 0 
107 254 22 0 
107 220 60 0 
107 188 57 0 
107 147 73 0 
107 126 70 0 
108 240 82 0 
108 184 83 0 
108 178 28 0 
109 296 87 0 
109 219 86 0 
110 297 35 0 
111 246 33 0 
111 200 97 0 
112 189 35 0 
112 163 26 0 
112 153 66 0 
112 143 44 0 
112 119 84 0 
113 190 64 0 
113 157 39 0 
114 279 69 0 
114 157 48 0 
116 283 15 0 
116 241 21 0 
116 238 83 0 
117 292 21 0 
117 275 79 0 
117 228 38 0 
118 185 22 0 
118 163 80 0 
118 137 29 0 
119 272 45 0 
119 267 94 0 
119 263 119 0 
119 253 39 0 
119 175 101 0 
120 261 68 0 
120 168 54 0 
120 165 43 0 
120 140 14 0 
121 285 73 0 
121 272 18 0 
121 257 72 0 
121 238 23 0 
121 139 69 0 
122 278 90 0 
122 269 81 0 
122 222 14 0 
122 206 72 0 
124 284 16 0 
124 281 64 0 
124 271 92 0 
124 265 86 0 
124 250 60 0 
125 266 24 0 
125 247 76 0 
125 162 45 0 
125 142 6 0 
125 140 77 0 
126 228 17 0 
127 281 71 0 
127 227 18 0 
127 148 51 0 
128 276 71 0 
129 270 71 0 
129 164 11 0 
130 232 4 0 
130 178 37 0 
132 157 47 0 
133 203 85 0 
133 168 15 0 
134 296 90 0 
135 248 21 0 
136 294 70 0 
136 248 57 0 
137 261 20 0 
138 189 11 0 
139 291 92 0 
139 210 60 0 
139 145 55 0 
140 252 84 0 
140 159 53 0 
141 296 104 0 
141 223 14 0 
142 211 31 0 
143 285 61 0 
143 226 14 0 
143 146 74 0 
144 202 56 0 
145 277 38 0 
145 166 57 0 
146 173 66 0 
147 276 85 0 
148 246 46 0 
149 271 99 0 
149 206 73 0 
152 241 26 0 
152 217 28 0 
153 287 13 0 
153 227 53 0 
153 217 26 0 
154 296 59 0 
154 294 40 0 
155 289 73 0 
155 267 14 0 
155 185 11 0 
157 243 28 0 
157 234 31 0 
157 162 7 0 
158 253 39 0 
159 160 71 0 
160 274 69 0 
160 181 46 0 
161 172 81 0 
162 269 40 0 
162 257 62 0 
162 233 25 0 
162 203 46 0 
163 173 57 0 
164 229 60 0 
166 184 35 0 
167 274 52 0 
167 227 63 0 
167 170 53 0 
168 265 57 0 
168 259 40 0 
170 223 86 0 
171 181 54 0 
172 267 61 0 
173 260 19 0 
173 245 30 0 
173 177 56 0 
174 295 23 0 
174 188 16 0 
174 180 68 0 
175 225 16 0 
177 287 100 0 
177 271 16 0 
177 182 70 0 
178 189 11 0 
179 266 44 0 
179 201 25 0 
179 188 79 0 
180 282 68 0 
180 191 79 0 
180 189 35 0 
181 289 76 0 
183 256 41 0 
183 252 50 0 
184 242 85 0 
185 215 63 0 
186 283 66 0 
187 278 91 0 
187 251 58 0 
189 280 32 0 
189 250 24 0 
190 282 54 0 
191 214 39 0 
192 275 22 0 
192 264 89 0 
194 258 64 0 
196 212 25 0 
197 290 78 0 
197 269 88 0 
199 286 91 0 
199 263 25 0 
199 256 73 0 
200 284 31 0 
200 240 84 0 
202 268 69 0 
205 291 58 0 
205 226 24 0 
206 223 65 0 
207 233 76 0 
209 277 18 0 
209 215 32 0 
210 281 38 0 
211 278 75 0 
211 216 39 0 
212 298 78 0 
212 290 15 0 
212 234 39 0 
215 276 74 0 
216 234 65 0 
217 227 77 0 
219 294 87 0 
219 290 47 0 
222 270 22 0 
223 269 107 0 
224 294 30 0 
224 227 95 0 
225 297 43 0 
225 240 48 0 
226 288 85 0 
227 285 12 0 
230 267 53 0 
231 289 33 0 
232 235 40 0 
238 243 21 0 
239 252 46 0 
240 291 76 0 
240 284 83 0 
245 285 63 0 
245 268 21 0 
245 253 25 0 
245 252 46 0 
245 249 6 0 
246 277 37 0 
249 263 82 0 
250 265 31 0 
251 287 47 0 
254 281 88 0 
254 276 69 0 
255 273 40 0 
257 259 71 0 
258 280 62 0 
260 266 11 0 
264 278 27 0 
266 295 42 0 
267 273 17 0 
268 270 50 0 
270 280 77 0 
274 290 35 0 
275 298 94 0 
277 290 68 0 
280 298 19 0 
282 289 49 0 
283 288 79 0 
285 293 43 0 
