#GRAPH (#nodes #edges id uu vv ww xx yy zz):
#300 1006 geo(0,{300,100,3,0.011,0.000,0.000}) 100 
#
VERTICES (index name u v w x y z):
0 0 89 38 
1 1 65 50 
2 2 8 19 
3 3 14 88 
4 4 36 81 
5 5 93 10 
6 6 15 38 
7 7 54 54 
8 8 65 2 
9 9 39 17 
10 10 56 67 
11 11 69 36 
12 12 21 91 
13 13 1 94 
14 14 52 35 
15 15 11 48 
16 16 62 19 
17 17 26 25 
18 18 47 94 
19 19 54 98 
20 20 25 63 
21 21 29 65 
22 22 16 99 
23 23 44 19 
24 24 48 56 
25 25 93 81 
26 26 98 40 
27 27 7 68 
28 28 39 19 
29 29 23 6 
30 30 40 44 
31 31 72 83 
32 32 91 44 
33 33 27 76 
34 34 48 76 
35 35 21 97 
36 36 95 31 
37 37 76 92 
38 38 40 96 
39 39 37 5 
40 40 33 19 
41 41 37 95 
42 42 64 40 
43 43 53 62 
44 44 1 97 
45 45 71 42 
46 46 13 82 
47 47 25 1 
48 48 45 79 
49 49 36 62 
50 50 29 21 
51 51 47 16 
52 52 6 82 
53 53 5 5 
54 54 71 19 
55 55 95 48 
56 56 66 77 
57 57 54 53 
58 58 81 72 
59 59 21 72 
60 60 66 50 
61 61 77 2 
62 62 70 23 
63 63 72 80 
64 64 50 59 
65 65 76 41 
66 66 69 9 
67 67 72 98 
68 68 60 46 
69 69 50 37 
70 70 10 63 
71 71 99 6 
72 72 57 64 
73 73 53 72 
74 74 11 66 
75 75 82 28 
76 76 48 53 
77 77 73 41 
78 78 75 28 
79 79 81 83 
80 80 7 91 
81 81 45 75 
82 82 30 38 
83 83 63 95 
84 84 40 7 
85 85 89 89 
86 86 19 59 
87 87 19 17 
88 88 79 83 
89 89 89 88 
90 90 46 19 
91 91 83 71 
92 92 23 62 
93 93 60 22 
94 94 18 46 
95 95 86 23 
96 96 92 24 
97 97 31 37 
98 98 97 34 
99 99 71 63 
100 100 7 49 
101 101 41 55 
102 102 6 17 
103 103 68 33 
104 104 71 56 
105 105 64 95 
106 106 91 26 
107 107 12 37 
108 108 2 74 
109 109 54 21 
110 110 14 13 
111 111 83 94 
112 112 5 52 
113 113 79 56 
114 114 60 13 
115 115 8 63 
116 116 30 65 
117 117 25 28 
118 118 37 55 
119 119 71 70 
120 120 89 19 
121 121 97 47 
122 122 7 60 
123 123 81 23 
124 124 5 99 
125 125 86 29 
126 126 55 59 
127 127 13 26 
128 128 80 99 
129 129 96 80 
130 130 75 23 
131 131 77 42 
132 132 80 42 
133 133 73 71 
134 134 39 26 
135 135 90 69 
136 136 19 32 
137 137 51 68 
138 138 27 60 
139 139 50 29 
140 140 69 42 
141 141 7 74 
142 142 42 45 
143 143 56 29 
144 144 24 70 
145 145 22 68 
146 146 35 86 
147 147 47 81 
148 148 55 14 
149 149 69 32 
150 150 43 96 
151 151 3 47 
152 152 64 30 
153 153 20 88 
154 154 80 86 
155 155 2 58 
156 156 43 18 
157 157 13 92 
158 158 39 47 
159 159 68 83 
160 160 26 75 
161 161 17 33 
162 162 68 58 
163 163 83 4 
164 164 9 67 
165 165 27 27 
166 166 56 78 
167 167 67 31 
168 168 32 78 
169 169 49 25 
170 170 74 90 
171 171 93 12 
172 172 57 5 
173 173 49 61 
174 174 56 92 
175 175 30 36 
176 176 75 29 
177 177 82 95 
178 178 43 43 
179 179 64 49 
180 180 62 25 
181 181 52 17 
182 182 8 82 
183 183 89 93 
184 184 71 2 
185 185 73 60 
186 186 6 25 
187 187 2 7 
188 188 21 74 
189 189 13 69 
190 190 35 25 
191 191 72 79 
192 192 72 77 
193 193 54 74 
194 194 58 79 
195 195 51 46 
196 196 76 39 
197 197 30 56 
198 198 77 1 
199 199 21 10 
200 200 12 94 
201 201 93 41 
202 202 27 4 
203 203 16 64 
204 204 24 98 
205 205 82 0 
206 206 96 76 
207 207 45 19 
208 208 30 93 
209 209 38 45 
210 210 19 87 
211 211 61 72 
212 212 15 60 
213 213 64 63 
214 214 65 74 
215 215 68 11 
216 216 5 32 
217 217 13 43 
218 218 95 36 
219 219 4 43 
220 220 43 59 
221 221 79 63 
222 222 63 50 
223 223 32 99 
224 224 35 13 
225 225 96 43 
226 226 60 28 
227 227 87 10 
228 228 69 81 
229 229 2 35 
230 230 97 11 
231 231 31 10 
232 232 36 5 
233 233 4 5 
234 234 0 85 
235 235 64 59 
236 236 26 84 
237 237 82 48 
238 238 51 73 
239 239 85 13 
240 240 39 92 
241 241 7 53 
242 242 16 96 
243 243 15 20 
244 244 64 39 
245 245 67 45 
246 246 77 27 
247 247 67 35 
248 248 5 61 
249 249 75 51 
250 250 72 21 
251 251 15 63 
252 252 43 57 
253 253 65 51 
254 254 82 5 
255 255 18 54 
256 256 0 68 
257 257 92 55 
258 258 11 95 
259 259 65 57 
260 260 71 49 
261 261 16 16 
262 262 53 82 
263 263 87 67 
264 264 95 69 
265 265 88 51 
266 266 1 40 
267 267 41 94 
268 268 76 63 
269 269 18 29 
270 270 42 9 
271 271 40 91 
272 272 62 15 
273 273 91 10 
274 274 79 48 
275 275 61 84 
276 276 26 64 
277 277 73 88 
278 278 39 67 
279 279 12 70 
280 280 20 52 
281 281 93 18 
282 282 35 23 
283 283 69 25 
284 284 8 74 
285 285 52 79 
286 286 26 80 
287 287 69 69 
288 288 47 83 
289 289 6 18 
290 290 21 83 
291 291 64 96 
292 292 60 48 
293 293 67 25 
294 294 99 15 
295 295 47 37 
296 296 91 34 
297 297 91 42 
298 298 71 36 
299 299 47 84 
#
EDGES (from-node to-node length a b):
0 200 95 0 
0 136 70 0 
0 9 54 0 
1 266 65 0 
1 230 50 0 
1 187 76 0 
2 278 57 0 
2 133 83 0 
2 117 19 0 
2 109 46 0 
2 54 63 0 
3 235 58 0 
3 36 99 0 
4 257 62 0 
4 241 40 0 
4 38 16 0 
5 273 2 0 
5 265 41 0 
6 292 46 0 
6 242 58 0 
6 101 31 0 
7 254 56 0 
7 166 24 0 
8 249 50 0 
8 223 102 0 
8 42 38 0 
9 250 33 0 
9 133 64 0 
10 243 62 0 
11 109 21 0 
12 149 76 0 
12 76 47 0 
12 53 87 0 
12 50 70 0 
13 208 29 0 
13 185 80 0 
13 168 35 0 
14 299 49 0 
14 289 49 0 
14 271 57 0 
14 191 48 0 
14 189 52 0 
14 15 43 0 
15 181 51 0 
15 59 26 0 
15 51 48 0 
15 31 70 0 
16 201 38 0 
16 143 12 0 
16 124 98 0 
17 245 46 0 
17 178 25 0 
17 151 32 0 
17 131 54 0 
17 81 53 0 
18 274 56 0 
18 111 36 0 
19 284 52 0 
19 266 79 0 
19 229 82 0 
19 129 46 0 
20 269 35 0 
21 28 47 0 
22 226 84 0 
22 197 45 0 
22 170 59 0 
22 102 83 0 
22 58 70 0 
23 57 35 0 
24 174 37 0 
24 44 62 0 
25 69 62 0 
26 290 88 0 
26 289 95 0 
26 237 18 0 
26 204 94 0 
26 96 17 0 
27 259 59 0 
27 84 69 0 
27 69 53 0 
28 295 20 0 
28 195 30 0 
28 188 58 0 
28 82 21 0 
29 293 48 0 
29 192 86 0 
29 191 88 0 
29 141 70 0 
29 107 33 0 
30 286 39 0 
31 226 56 0 
32 264 25 0 
32 151 88 0 
33 291 42 0 
33 262 27 0 
33 221 54 0 
33 200 23 0 
33 197 20 0 
33 178 37 0 
33 142 34 0 
33 125 75 0 
34 193 6 0 
34 176 54 0 
34 124 49 0 
34 89 43 0 
34 71 87 0 
34 69 39 0 
35 261 81 0 
35 80 15 0 
35 38 19 0 
36 282 61 0 
36 216 90 0 
36 188 86 0 
37 253 42 0 
37 229 93 0 
37 174 20 0 
38 286 21 0 
38 115 46 0 
38 79 43 0 
39 266 50 0 
39 144 66 0 
39 141 75 0 
39 135 83 0 
39 87 22 0 
40 221 64 0 
40 165 10 0 
40 153 70 0 
40 139 20 0 
40 107 28 0 
40 56 67 0 
41 228 35 0 
41 226 71 0 
41 195 51 0 
42 250 21 0 
42 64 24 0 
42 54 22 0 
43 245 22 0 
43 244 25 0 
43 229 58 0 
44 249 87 0 
44 248 36 0 
44 169 87 0 
44 63 73 0 
45 186 67 0 
45 63 38 0 
46 108 14 0 
47 260 66 0 
48 210 27 0 
48 192 27 0 
48 187 84 0 
48 186 67 0 
48 127 62 0 
48 102 73 0 
48 99 31 0 
49 193 22 0 
50 145 48 0 
51 274 45 0 
51 62 24 0 
52 266 42 0 
52 157 12 0 
52 152 78 0 
53 295 53 0 
53 111 118 0 
53 84 35 0 
54 196 21 0 
54 175 44 0 
55 278 59 0 
55 84 69 0 
56 299 20 0 
56 264 30 0 
56 211 7 0 
56 203 52 0 
56 141 59 0 
57 232 51 0 
58 169 57 0 
58 151 82 0 
58 97 61 0 
59 172 76 0 
60 219 62 0 
60 161 52 0 
61 89 87 0 
61 63 78 0 
62 146 72 0 
65 244 12 0 
65 231 55 0 
66 278 65 0 
66 119 61 0 
67 275 18 0 
67 264 37 0 
67 74 69 0 
68 267 52 0 
68 251 48 0 
68 209 22 0 
69 294 54 0 
69 254 45 0 
69 180 17 0 
70 286 23 0 
70 267 44 0 
70 200 31 0 
70 179 56 0 
70 123 81 0 
70 122 4 0 
70 103 65 0 
71 211 76 0 
71 158 73 0 
72 262 18 0 
72 260 21 0 
72 209 27 0 
72 96 53 0 
73 157 45 0 
73 119 18 0 
73 107 54 0 
74 223 39 0 
74 153 24 0 
74 141 9 0 
74 117 40 0 
74 89 81 0 
75 263 39 0 
75 251 76 0 
75 221 35 0 
75 200 96 0 
76 202 53 0 
76 140 24 0 
76 112 43 0 
77 156 38 0 
77 144 57 0 
78 203 69 0 
78 102 70 0 
78 95 12 0 
79 161 81 0 
79 91 12 0 
80 223 26 0 
80 180 86 0 
80 170 67 0 
81 247 46 0 
81 138 23 0 
81 137 9 0 
82 250 45 0 
82 169 23 0 
83 205 97 0 
83 172 90 0 
83 165 77 0 
83 129 36 0 
84 244 40 0 
84 232 4 0 
85 109 76 0 
86 132 63 0 
87 275 79 0 
88 221 20 0 
88 174 25 0 
88 138 57 0 
89 194 32 0 
90 282 12 0 
90 186 40 0 
90 108 70 0 
91 145 61 0 
92 283 59 0 
92 93 54 0 
93 292 26 0 
93 239 27 0 
93 129 68 0 
93 108 78 0 
94 247 50 0 
95 276 73 0 
95 269 68 0 
95 102 80 0 
96 236 89 0 
96 169 43 0 
97 153 52 0 
98 299 71 0 
98 272 40 0 
98 229 95 0 
98 215 37 0 
98 208 89 0 
98 198 39 0 
98 144 81 0 
98 124 113 0 
99 242 64 0 
99 235 8 0 
99 109 45 0 
100 266 11 0 
100 246 73 0 
100 211 59 0 
100 113 72 0 
100 104 64 0 
101 165 31 0 
101 152 34 0 
102 279 53 0 
103 298 4 0 
103 292 17 0 
103 262 51 0 
103 216 63 0 
104 229 72 0 
104 143 31 0 
105 268 34 0 
105 263 36 0 
105 160 43 0 
106 251 85 0 
106 167 25 0 
107 233 33 0 
107 231 33 0 
108 258 23 0 
108 233 69 0 
108 206 94 0 
108 162 68 0 
109 265 45 0 
109 237 39 0 
109 195 25 0 
109 161 39 0 
110 190 24 0 
110 138 49 0 
110 125 74 0 
111 239 81 0 
111 214 27 0 
112 277 77 0 
114 147 69 0 
114 122 71 0 
115 232 64 0 
116 237 55 0 
116 174 37 0 
116 145 9 0 
117 258 68 0 
117 247 43 0 
117 188 46 0 
118 291 49 0 
119 249 19 0 
119 217 64 0 
119 175 53 0 
119 157 62 0 
120 262 73 0 
121 232 74 0 
121 171 35 0 
121 133 34 0 
122 296 88 0 
122 272 71 0 
122 153 31 0 
123 275 64 0 
123 196 17 0 
125 288 67 0 
125 192 50 0 
125 143 30 0 
125 135 40 0 
126 285 20 0 
126 146 34 0 
128 205 99 0 
129 150 55 0 
130 166 58 0 
130 144 69 0 
131 299 52 0 
131 193 39 0 
132 263 26 0 
133 191 8 0 
134 273 54 0 
135 284 82 0 
135 213 27 0 
136 169 31 0 
137 248 47 0 
138 271 34 0 
138 156 45 0 
139 272 18 0 
143 213 35 0 
143 178 19 0 
143 172 24 0 
144 257 70 0 
144 168 11 0 
145 168 14 0 
146 227 92 0 
146 187 86 0 
147 294 84 0 
147 276 27 0 
148 176 25 0 
148 171 38 0 
148 161 42 0 
149 184 30 0 
151 186 22 0 
153 281 101 0 
154 222 40 0 
155 266 18 0 
155 216 26 0 
155 181 65 0 
156 286 64 0 
156 237 49 0 
156 222 38 0 
156 172 19 0 
157 240 26 0 
158 265 49 0 
158 250 42 0 
159 168 36 0 
160 202 71 0 
160 197 19 0 
161 288 58 0 
161 218 78 0 
162 196 21 0 
163 259 56 0 
163 210 105 0 
164 283 73 0 
165 276 37 0 
167 292 18 0 
167 255 54 0 
168 278 13 0 
168 273 90 0 
169 249 37 0 
170 291 12 0 
170 276 55 0 
171 274 39 0 
171 260 43 0 
172 218 49 0 
172 184 14 0 
173 247 32 0 
173 218 52 0 
174 266 76 0 
174 229 79 0 
174 183 33 0 
175 295 17 0 
175 287 51 0 
176 285 55 0 
177 258 71 0 
177 251 74 0 
178 259 26 0 
178 240 49 0 
178 213 29 0 
179 295 21 0 
179 256 67 0 
179 221 21 0 
181 282 18 0 
182 187 75 0 
183 222 50 0 
183 202 108 0 
185 281 47 0 
185 241 66 0 
186 198 75 0 
187 256 61 0 
187 198 75 0 
188 238 30 0 
188 230 99 0 
189 192 60 0 
190 212 40 0 
191 221 17 0 
192 282 65 0 
192 259 21 0 
192 255 59 0 
192 221 16 0 
194 273 76 0 
195 286 42 0 
196 224 49 0 
196 213 27 0 
197 244 38 0 
198 234 114 0 
199 258 86 0 
199 250 52 0 
200 279 24 0 
202 226 41 0 
203 232 62 0 
204 250 91 0 
205 240 102 0 
205 210 107 0 
207 252 38 0 
207 250 27 0 
210 290 4 0 
212 297 78 0 
213 297 34 0 
213 241 58 0 
214 269 65 0 
214 265 33 0 
216 263 89 0 
216 261 19 0 
220 231 50 0 
221 262 32 0 
222 291 46 0 
222 266 63 0 
223 285 28 0 
223 283 83 0 
224 253 48 0 
225 261 84 0 
229 280 25 0 
230 282 63 0 
230 251 97 0 
230 247 38 0 
233 279 65 0 
234 278 43 0 
234 247 84 0 
235 283 34 0 
235 263 24 0 
236 253 51 0 
236 246 76 0 
238 244 36 0 
243 295 36 0 
243 254 69 0 
245 292 8 0 
246 264 46 0 
246 256 87 0 
247 291 61 0 
256 268 76 0 
261 285 73 0 
261 276 49 0 
263 299 43 0 
264 280 77 0 
264 279 83 0 
264 277 29 0 
265 274 9 0 
270 274 54 0 
275 281 73 0 
276 298 53 0 
