#GRAPH (#nodes #edges id uu vv ww xx yy zz):
#300 1106 geo(0,{300,100,3,0.011,0.000,0.000}) 100 
#
VERTICES (index name u v w x y z):
0 0 20 78 
1 1 6 53 
2 2 57 8 
3 3 7 57 
4 4 86 85 
5 5 22 61 
6 6 23 29 
7 7 91 5 
8 8 84 50 
9 9 97 90 
10 10 16 57 
11 11 21 59 
12 12 27 82 
13 13 70 72 
14 14 61 89 
15 15 65 8 
16 16 85 28 
17 17 74 99 
18 18 35 29 
19 19 67 96 
20 20 43 39 
21 21 14 52 
22 22 77 92 
23 23 96 75 
24 24 12 56 
25 25 92 81 
26 26 81 9 
27 27 81 81 
28 28 88 92 
29 29 48 63 
30 30 10 9 
31 31 16 61 
32 32 13 48 
33 33 47 26 
34 34 39 8 
35 35 44 76 
36 36 11 84 
37 37 60 48 
38 38 5 77 
39 39 56 35 
40 40 96 86 
41 41 10 41 
42 42 61 13 
43 43 6 79 
44 44 54 98 
45 45 97 66 
46 46 33 11 
47 47 20 6 
48 48 17 14 
49 49 61 67 
50 50 51 48 
51 51 42 92 
52 52 86 32 
53 53 62 68 
54 54 28 0 
55 55 2 54 
56 56 22 24 
57 57 50 69 
58 58 44 56 
59 59 76 85 
60 60 22 48 
61 61 39 10 
62 62 89 48 
63 63 33 20 
64 64 70 8 
65 65 19 61 
66 66 81 29 
67 67 94 14 
68 68 49 0 
69 69 31 14 
70 70 48 87 
71 71 21 70 
72 72 84 88 
73 73 58 2 
74 74 9 23 
75 75 75 93 
76 76 63 88 
77 77 90 73 
78 78 20 15 
79 79 89 30 
80 80 37 58 
81 81 10 95 
82 82 13 67 
83 83 58 84 
84 84 14 9 
85 85 8 31 
86 86 50 45 
87 87 79 72 
88 88 51 73 
89 89 25 78 
90 90 28 75 
91 91 3 4 
92 92 95 52 
93 93 58 81 
94 94 35 15 
95 95 73 67 
96 96 52 6 
97 97 28 3 
98 98 14 25 
99 99 83 70 
100 100 10 64 
101 101 71 98 
102 102 47 66 
103 103 5 0 
104 104 4 15 
105 105 15 79 
106 106 48 73 
107 107 86 93 
108 108 21 44 
109 109 35 62 
110 110 26 42 
111 111 31 11 
112 112 24 9 
113 113 88 11 
114 114 15 23 
115 115 17 53 
116 116 0 58 
117 117 41 55 
118 118 10 85 
119 119 9 20 
120 120 37 73 
121 121 19 95 
122 122 14 36 
123 123 63 56 
124 124 6 15 
125 125 8 90 
126 126 50 43 
127 127 49 48 
128 128 40 39 
129 129 47 74 
130 130 15 33 
131 131 57 81 
132 132 26 0 
133 133 48 5 
134 134 92 40 
135 135 40 6 
136 136 19 16 
137 137 10 20 
138 138 62 76 
139 139 97 99 
140 140 26 66 
141 141 1 99 
142 142 52 19 
143 143 6 82 
144 144 1 89 
145 145 82 43 
146 146 81 94 
147 147 53 73 
148 148 63 79 
149 149 18 70 
150 150 81 95 
151 151 35 60 
152 152 18 45 
153 153 84 24 
154 154 30 8 
155 155 55 81 
156 156 81 36 
157 157 25 6 
158 158 63 47 
159 159 39 12 
160 160 58 40 
161 161 77 44 
162 162 55 68 
163 163 69 94 
164 164 97 63 
165 165 54 26 
166 166 41 59 
167 167 6 11 
168 168 97 57 
169 169 18 58 
170 170 42 62 
171 171 90 8 
172 172 76 96 
173 173 85 20 
174 174 90 59 
175 175 22 59 
176 176 59 12 
177 177 8 39 
178 178 81 0 
179 179 48 0 
180 180 31 64 
181 181 54 74 
182 182 40 20 
183 183 9 52 
184 184 79 53 
185 185 44 26 
186 186 31 4 
187 187 57 7 
188 188 11 69 
189 189 35 96 
190 190 79 66 
191 191 45 32 
192 192 93 66 
193 193 54 29 
194 194 89 61 
195 195 75 73 
196 196 75 10 
197 197 3 61 
198 198 81 54 
199 199 31 18 
200 200 33 86 
201 201 81 68 
202 202 48 44 
203 203 39 76 
204 204 33 76 
205 205 33 9 
206 206 56 10 
207 207 27 98 
208 208 6 91 
209 209 26 51 
210 210 7 34 
211 211 10 68 
212 212 49 67 
213 213 5 22 
214 214 59 26 
215 215 68 31 
216 216 27 80 
217 217 54 20 
218 218 44 86 
219 219 73 81 
220 220 6 63 
221 221 48 37 
222 222 13 75 
223 223 42 11 
224 224 4 77 
225 225 21 9 
226 226 93 79 
227 227 87 28 
228 228 90 55 
229 229 96 96 
230 230 35 38 
231 231 24 29 
232 232 94 47 
233 233 85 4 
234 234 63 82 
235 235 50 76 
236 236 61 87 
237 237 70 4 
238 238 86 66 
239 239 63 36 
240 240 16 35 
241 241 20 0 
242 242 57 49 
243 243 52 4 
244 244 82 86 
245 245 72 0 
246 246 47 45 
247 247 48 30 
248 248 78 39 
249 249 81 51 
250 250 96 92 
251 251 53 13 
252 252 99 18 
253 253 2 59 
254 254 69 19 
255 255 79 23 
256 256 98 22 
257 257 69 81 
258 258 93 15 
259 259 32 75 
260 260 57 9 
261 261 91 6 
262 262 61 31 
263 263 40 30 
264 264 33 93 
265 265 68 72 
266 266 24 34 
267 267 36 52 
268 268 87 22 
269 269 27 54 
270 270 93 9 
271 271 45 19 
272 272 38 24 
273 273 13 57 
274 274 69 67 
275 275 84 31 
276 276 2 25 
277 277 36 14 
278 278 42 77 
279 279 0 12 
280 280 48 46 
281 281 73 51 
282 282 4 91 
283 283 7 11 
284 284 78 43 
285 285 6 18 
286 286 61 90 
287 287 80 41 
288 288 54 59 
289 289 42 55 
290 290 48 79 
291 291 8 40 
292 292 59 86 
293 293 19 13 
294 294 97 18 
295 295 73 84 
296 296 75 75 
297 297 2 42 
298 298 95 64 
299 299 55 80 
#
EDGES (from-node to-node length a b):
0 94 65 0 
0 38 15 0 
1 110 23 0 
2 230 37 0 
2 35 69 0 
3 173 86 0 
4 219 14 0 
4 184 33 0 
4 61 89 0 
5 260 63 0 
5 187 64 0 
5 165 47 0 
5 75 62 0 
5 60 13 0 
6 201 70 0 
6 123 48 0 
6 74 15 0 
7 137 82 0 
8 255 27 0 
8 224 84 0 
8 221 38 0 
8 179 62 0 
8 177 77 0 
8 56 67 0 
9 261 84 0 
9 104 119 0 
10 212 34 0 
10 206 62 0 
10 178 86 0 
10 46 49 0 
11 291 23 0 
11 279 51 0 
12 270 98 0 
12 259 9 0 
12 157 76 0 
12 153 81 0 
12 152 38 0 
12 110 40 0 
12 60 34 0 
13 139 38 0 
13 118 61 0 
13 114 74 0 
13 100 61 0 
13 30 87 0 
14 284 49 0 
14 251 76 0 
14 239 53 0 
14 185 65 0 
14 137 86 0 
14 118 51 0 
14 26 82 0 
15 68 18 0 
16 165 31 0 
16 83 62 0 
17 277 93 0 
17 234 20 0 
17 218 33 0 
17 203 42 0 
17 79 71 0 
17 49 35 0 
18 265 54 0 
18 264 64 0 
18 251 24 0 
18 233 56 0 
18 163 73 0 
18 118 61 0 
19 68 98 0 
20 196 43 0 
20 154 34 0 
20 148 45 0 
20 108 23 0 
20 80 20 0 
21 297 16 0 
21 165 48 0 
21 138 54 0 
21 123 49 0 
21 116 15 0 
21 41 12 0 
22 142 77 0 
22 105 63 0 
22 96 90 0 
23 279 115 0 
23 273 85 0 
23 256 53 0 
23 99 14 0 
24 207 45 0 
24 110 20 0 
25 147 40 0 
25 98 96 0 
26 145 34 0 
27 202 50 0 
27 172 16 0 
27 151 51 0 
27 81 72 0 
27 61 82 0 
28 235 41 0 
28 197 90 0 
28 172 13 0 
28 124 112 0 
28 42 83 0 
29 183 41 0 
29 98 51 0 
29 56 47 0 
30 211 59 0 
30 159 29 0 
30 142 43 0 
30 112 14 0 
31 187 68 0 
32 83 58 0 
32 63 34 0 
33 263 8 0 
33 181 49 0 
33 70 61 0 
33 35 50 0 
34 171 51 0 
34 134 62 0 
34 89 71 0 
34 87 75 0 
34 54 14 0 
35 148 19 0 
35 94 62 0 
35 76 22 0 
36 293 71 0 
36 261 112 0 
36 196 98 0 
37 262 17 0 
37 88 27 0 
38 224 1 0 
38 212 45 0 
38 170 40 0 
38 86 55 0 
39 299 45 0 
39 156 25 0 
39 146 64 0 
39 128 16 0 
39 108 36 0 
39 106 39 0 
40 295 23 0 
40 286 35 0 
40 151 66 0 
40 123 45 0 
40 62 39 0 
42 138 63 0 
42 59 74 0 
43 117 42 0 
43 107 81 0 
43 87 73 0 
44 190 41 0 
44 186 97 0 
44 144 54 0 
44 142 79 0 
44 109 41 0 
45 143 92 0 
46 291 38 0 
46 290 70 0 
46 248 53 0 
46 210 35 0 
46 116 57 0 
47 196 55 0 
47 119 18 0 
48 195 83 0 
48 193 40 0 
48 139 117 0 
49 240 55 0 
49 217 48 0 
49 214 41 0 
49 212 12 0 
49 203 24 0 
49 115 46 0 
49 94 58 0 
50 280 4 0 
50 145 31 0 
50 119 50 0 
51 168 65 0 
51 120 20 0 
51 90 22 0 
51 81 32 0 
51 76 21 0 
52 265 44 0 
52 235 57 0 
52 164 33 0 
52 83 59 0 
53 289 24 0 
53 189 39 0 
53 144 65 0 
53 81 59 0 
54 220 67 0 
54 186 5 0 
55 195 75 0 
55 158 61 0 
55 58 42 0 
56 205 19 0 
56 196 55 0 
56 169 34 0 
57 287 41 0 
57 239 35 0 
57 150 40 0 
58 249 37 0 
58 132 59 0 
59 202 50 0 
59 147 26 0 
59 116 81 0 
60 250 86 0 
60 178 76 0 
60 104 38 0 
61 291 43 0 
61 226 88 0 
61 117 45 0 
61 107 95 0 
61 89 69 0 
62 166 49 0 
63 281 51 0 
63 211 53 0 
64 235 71 0 
64 234 74 0 
64 178 14 0 
64 69 39 0 
65 132 61 0 
65 83 45 0 
66 276 79 0 
66 166 50 0 
66 118 90 0 
67 299 77 0 
67 261 9 0 
68 248 49 0 
69 299 70 0 
69 129 62 0 
70 210 67 0 
70 149 34 0 
70 120 18 0 
71 132 70 0 
71 77 69 0 
72 158 46 0 
72 118 74 0 
72 109 55 0 
73 241 38 0 
73 232 58 0 
74 284 72 0 
75 251 83 0 
75 85 91 0 
77 255 51 0 
77 101 31 0 
78 157 10 0 
78 83 79 0 
79 266 65 0 
79 216 80 0 
79 114 74 0 
80 245 68 0 
80 176 51 0 
80 124 53 0 
80 91 64 0 
80 89 23 0 
81 213 73 0 
82 252 99 0 
82 249 70 0 
82 208 25 0 
82 136 51 0 
82 100 4 0 
83 283 89 0 
83 251 71 0 
83 191 54 0 
83 177 67 0 
84 207 90 0 
84 133 34 0 
84 129 73 0 
84 95 83 0 
85 284 71 0 
86 264 51 0 
86 262 18 0 
86 238 42 0 
86 198 32 0 
86 177 42 0 
86 108 29 0 
86 91 62 0 
87 292 24 0 
87 281 22 0 
87 243 73 0 
88 288 14 0 
88 203 12 0 
88 155 9 0 
90 227 75 0 
90 197 29 0 
90 196 80 0 
90 146 56 0 
90 119 58 0 
91 286 104 0 
91 263 45 0 
91 192 109 0 
92 236 49 0 
92 189 74 0 
92 168 5 0 
92 124 96 0 
93 286 9 0 
93 231 62 0 
93 223 72 0 
93 200 25 0 
93 127 34 0 
94 248 49 0 
94 208 81 0 
94 105 67 0 
95 126 33 0 
96 278 72 0 
96 224 86 0 
96 147 67 0 
97 237 42 0 
99 282 82 0 
99 240 76 0 
99 200 52 0 
99 197 81 0 
99 126 43 0 
100 291 24 0 
100 221 47 0 
100 198 72 0 
102 136 57 0 
103 248 83 0 
104 222 61 0 
105 278 27 0 
106 173 65 0 
107 196 84 0 
108 130 13 0 
109 216 20 0 
109 138 30 0 
110 172 74 0 
111 277 6 0 
111 199 7 0 
111 195 76 0 
111 149 60 0 
112 233 61 0 
112 156 63 0 
113 256 15 0 
113 169 84 0 
114 212 56 0 
114 200 66 0 
114 177 17 0 
115 270 88 0 
115 263 33 0 
115 187 61 0 
115 134 76 0 
116 253 2 0 
116 213 36 0 
117 221 19 0 
117 132 57 0 
118 273 28 0 
118 121 13 0 
119 259 60 0 
120 189 23 0 
121 145 82 0 
122 299 60 0 
122 281 61 0 
122 252 87 0 
123 267 27 0 
123 261 57 0 
123 250 49 0 
123 152 46 0 
124 271 39 0 
124 191 43 0 
124 138 83 0 
125 236 53 0 
125 185 73 0 
126 186 43 0 
126 142 24 0 
127 290 31 0 
127 184 30 0 
127 179 48 0 
128 231 19 0 
128 227 48 0 
128 225 36 0 
128 218 47 0 
128 216 43 0 
128 209 18 0 
128 175 27 0 
128 158 24 0 
128 129 36 0 
129 258 75 0 
130 257 72 0 
130 222 42 0 
130 149 37 0 
131 164 44 0 
132 246 50 0 
133 226 87 0 
133 161 49 0 
134 143 96 0 
135 245 33 0 
135 224 80 0 
136 252 80 0 
136 194 83 0 
136 183 37 0 
136 180 49 0 
137 241 22 0 
137 213 5 0 
139 258 84 0 
140 223 57 0 
141 258 125 0 
141 256 124 0 
141 253 40 0 
142 276 50 0 
142 264 76 0 
142 259 59 0 
142 247 12 0 
142 157 30 0 
143 281 74 0 
144 272 75 0 
144 173 109 0 
144 161 88 0 
145 281 12 0 
145 246 35 0 
145 182 48 0 
146 250 15 0 
146 214 71 0 
146 188 74 0 
146 177 91 0 
147 213 70 0 
148 255 58 0 
148 234 3 0 
148 225 82 0 
148 198 31 0 
149 297 32 0 
149 222 7 0 
149 159 62 0 
150 200 49 0 
150 169 73 0 
154 267 44 0 
154 168 83 0 
154 166 52 0 
156 251 36 0 
156 172 60 0 
156 160 23 0 
157 194 84 0 
158 176 35 0 
159 296 73 0 
159 275 49 0 
159 222 68 0 
159 169 51 0 
161 211 71 0 
162 261 72 0 
162 237 66 0 
162 228 37 0 
162 182 50 0 
163 204 40 0 
165 295 61 0 
165 229 82 0 
166 238 46 0 
166 235 19 0 
167 277 30 0 
167 268 82 0 
168 191 58 0 
169 211 13 0 
171 240 79 0 
172 274 30 0 
172 218 34 0 
172 176 86 0 
174 292 41 0 
174 245 62 0 
176 253 74 0 
176 193 18 0 
177 191 38 0 
180 260 61 0 
181 263 46 0 
181 185 49 0 
182 260 20 0 
182 199 9 0 
183 290 47 0 
183 196 78 0 
184 294 39 0 
185 267 27 0 
185 230 15 0 
186 203 72 0 
187 270 36 0 
187 188 77 0 
188 289 34 0 
188 253 13 0 
191 209 27 0 
193 299 51 0 
193 297 54 0 
193 262 7 0 
193 210 47 0 
194 227 33 0 
194 223 69 0 
195 249 23 0 
197 280 47 0 
197 233 100 0 
198 250 41 0 
198 234 33 0 
199 249 60 0 
200 216 8 0 
203 277 62 0 
203 247 47 0 
203 229 60 0 
204 267 24 0 
204 234 31 0 
206 220 73 0 
207 214 79 0 
208 289 51 0 
209 264 43 0 
210 242 52 0 
210 236 76 0 
211 215 69 0 
213 228 91 0 
214 234 56 0 
215 239 7 0 
216 277 67 0 
216 267 29 0 
216 242 43 0 
221 227 40 0 
222 248 74 0 
224 298 92 0 
224 264 33 0 
225 278 71 0 
228 262 38 0 
229 253 101 0 
230 282 61 0 
230 275 49 0 
231 289 32 0 
231 262 37 0 
232 267 58 0 
232 255 28 0 
233 293 67 0 
233 264 103 0 
233 244 82 0 
234 257 6 0 
234 240 66 0 
235 243 72 0 
238 292 34 0 
238 272 64 0 
238 270 57 0 
238 260 64 0 
240 271 33 0 
241 285 23 0 
243 289 52 0 
245 252 32 0 
247 257 55 0 
248 264 70 0 
249 276 83 0 
252 295 71 0 
253 266 33 0 
254 294 28 0 
254 256 29 0 
256 289 65 0 
259 290 16 0 
262 297 60 0 
262 294 38 0 
262 269 41 0 
263 280 18 0 
265 280 33 0 
268 278 71 0 
271 291 43 0 
272 284 44 0 
276 281 76 0 
280 293 44 0 
280 284 30 0 
287 294 29 0 
291 296 76 0 
292 294 78 0 
