GRAPH (#nodes #edges id uu vv ww xx yy zz):
215 886 geo(0,{100,40,5,0.200,0.250,75.000}) 40

VERTICES (index name u v w x y z):
515 515 0 0
516 516 0 0
517 517 0 0
519 519 0 0
520 520 0 0
523 523 0 0
524 524 0 0
531 531 0 0
532 532 0 0
533 533 0 0
536 536 0 0
537 537 0 0
538 538 0 0
122 122 0 0
137 137 0 0
138 138 0 0
139 139 0 0
141 141 0 0
144 144 0 0
145 145 0 0
146 146 0 0
147 147 0 0
148 148 0 0
153 153 0 0
154 154 0 0
155 155 0 0
157 157 0 0
158 158 0 0
163 163 0 0
164 164 0 0
165 165 0 0
166 166 0 0
170 170 0 0
171 171 0 0
172 172 0 0
173 173 0 0
176 176 0 0
177 177 0 0
179 179 0 0
180 180 0 0
181 181 0 0
186 186 0 0
187 187 0 0
189 189 0 0
190 190 0 0
194 194 0 0
195 195 0 0
197 197 0 0
198 198 0 0
199 199 0 0
200 200 0 0
202 202 0 0
203 203 0 0
204 204 0 0
207 207 0 0
208 208 0 0
211 211 0 0
212 212 0 0
213 213 0 0
214 214 0 0
215 215 0 0
217 217 0 0
218 218 0 0
221 221 0 0
222 222 0 0
223 223 0 0
230 230 0 0
231 231 0 0
234 234 0 0
235 235 0 0
236 236 0 0
237 237 0 0
238 238 0 0
239 239 0 0
240 240 0 0
242 242 0 0
243 243 0 0
244 244 0 0
245 245 0 0
252 252 0 0
253 253 0 0
254 254 0 0
255 255 0 0
258 258 0 0
259 259 0 0
262 262 0 0
265 265 0 0
266 266 0 0
267 267 0 0
268 268 0 0
275 275 0 0
276 276 0 0
277 277 0 0
278 278 0 0
281 281 0 0
285 285 0 0
286 286 0 0
287 287 0 0
289 289 0 0
290 290 0 0
291 291 0 0
292 292 0 0
298 298 0 0
299 299 0 0
300 300 0 0
301 301 0 0
302 302 0 0
303 303 0 0
304 304 0 0
305 305 0 0
306 306 0 0
307 307 0 0
310 310 0 0
311 311 0 0
312 312 0 0
313 313 0 0
320 320 0 0
321 321 0 0
322 322 0 0
323 323 0 0
324 324 0 0
329 329 0 0
330 330 0 0
331 331 0 0
332 332 0 0
335 335 0 0
336 336 0 0
337 337 0 0
338 338 0 0
341 341 0 0
342 342 0 0
351 351 0 0
352 352 0 0
353 353 0 0
354 354 0 0
358 358 0 0
359 359 0 0
360 360 0 0
361 361 0 0
362 362 0 0
369 369 0 0
370 370 0 0
371 371 0 0
384 384 0 0
385 385 0 0
386 386 0 0
387 387 0 0
395 395 0 0
396 396 0 0
397 397 0 0
398 398 0 0
399 399 0 0
400 400 0 0
401 401 0 0
408 408 0 0
409 409 0 0
410 410 0 0
411 411 0 0
412 412 0 0
413 413 0 0
414 414 0 0
415 415 0 0
416 416 0 0
417 417 0 0
418 418 0 0
423 423 0 0
424 424 0 0
428 428 0 0
429 429 0 0
430 430 0 0
431 431 0 0
432 432 0 0
438 438 0 0
439 439 0 0
440 440 0 0
441 441 0 0
443 443 0 0
444 444 0 0
445 445 0 0
446 446 0 0
447 447 0 0
449 449 0 0
450 450 0 0
460 460 0 0
461 461 0 0
462 462 0 0
463 463 0 0
464 464 0 0
465 465 0 0
466 466 0 0
467 467 0 0
468 468 0 0
476 476 0 0
477 477 0 0
478 478 0 0
479 479 0 0
480 480 0 0
484 484 0 0
485 485 0 0
486 486 0 0
487 487 0 0
490 490 0 0
491 491 0 0
493 493 0 0
494 494 0 0
498 498 0 0
499 499 0 0
500 500 0 0
501 501 0 0
502 502 0 0
505 505 0 0
507 507 0 0
508 508 0 0
509 509 0 0
510 510 0 0

EDGES (from-node to-node length a b):
515 507 0 0
515 508 0 0
515 509 0 0
515 510 0 0
515 517 0 0
516 289 0 0
516 507 0 0
516 510 0 0
517 515 0 0
517 507 0 0
517 508 0 0
517 509 0 0
517 510 0 0
519 289 0 0
519 501 0 0
520 289 0 0
531 538 0 0
531 533 0 0
532 242 0 0
532 244 0 0
532 538 0 0
533 531 0 0
533 536 0 0
533 242 0 0
533 243 0 0
533 537 0 0
536 533 0 0
537 533 0 0
538 531 0 0
538 532 0 0
122 417 0 0
122 306 0 0
122 338 0 0
122 418 0 0
137 267 0 0
137 138 0 0
137 139 0 0
137 195 0 0
138 137 0 0
138 141 0 0
139 137 0 0
139 141 0 0
141 138 0 0
141 139 0 0
144 154 0 0
144 155 0 0
144 148 0 0
145 154 0 0
145 155 0 0
145 148 0 0
145 199 0 0
146 202 0 0
146 203 0 0
146 467 0 0
146 147 0 0
146 148 0 0
146 311 0 0
146 153 0 0
146 154 0 0
147 146 0 0
147 155 0 0
147 154 0 0
147 199 0 0
148 199 0 0
148 144 0 0
148 145 0 0
148 146 0 0
148 153 0 0
148 154 0 0
148 507 0 0
153 146 0 0
153 155 0 0
153 148 0 0
153 154 0 0
153 199 0 0
154 144 0 0
154 145 0 0
154 146 0 0
154 147 0 0
154 148 0 0
154 153 0 0
155 144 0 0
155 145 0 0
155 147 0 0
155 153 0 0
157 163 0 0
157 164 0 0
157 165 0 0
157 166 0 0
157 199 0 0
158 163 0 0
158 164 0 0
158 165 0 0
158 198 0 0
158 179 0 0
158 166 0 0
163 157 0 0
163 158 0 0
164 157 0 0
164 158 0 0
165 157 0 0
165 158 0 0
166 157 0 0
166 158 0 0
170 194 0 0
171 194 0 0
172 176 0 0
172 480 0 0
172 292 0 0
172 173 0 0
172 479 0 0
173 176 0 0
173 177 0 0
173 290 0 0
173 172 0 0
173 289 0 0
176 172 0 0
176 173 0 0
177 173 0 0
179 190 0 0
179 370 0 0
179 180 0 0
179 181 0 0
179 217 0 0
179 186 0 0
179 187 0 0
179 189 0 0
179 158 0 0
180 416 0 0
180 231 0 0
180 179 0 0
180 218 0 0
180 187 0 0
180 186 0 0
180 190 0 0
181 416 0 0
181 231 0 0
181 189 0 0
181 179 0 0
181 218 0 0
181 187 0 0
181 186 0 0
181 190 0 0
181 415 0 0
186 187 0 0
186 179 0 0
186 180 0 0
186 181 0 0
186 190 0 0
187 186 0 0
187 179 0 0
187 180 0 0
187 181 0 0
187 190 0 0
189 179 0 0
189 181 0 0
190 187 0 0
190 186 0 0
190 179 0 0
190 180 0 0
190 181 0 0
194 197 0 0
194 170 0 0
194 171 0 0
194 242 0 0
194 243 0 0
194 281 0 0
195 137 0 0
195 197 0 0
197 194 0 0
197 195 0 0
198 200 0 0
198 369 0 0
198 158 0 0
198 199 0 0
199 230 0 0
199 198 0 0
199 231 0 0
199 200 0 0
199 235 0 0
199 145 0 0
199 147 0 0
199 148 0 0
199 153 0 0
199 157 0 0
200 198 0 0
200 199 0 0
202 450 0 0
202 204 0 0
202 207 0 0
202 208 0 0
202 146 0 0
202 211 0 0
202 215 0 0
202 312 0 0
203 449 0 0
203 467 0 0
203 207 0 0
203 208 0 0
203 146 0 0
203 211 0 0
203 468 0 0
203 215 0 0
204 208 0 0
204 202 0 0
204 207 0 0
207 202 0 0
207 203 0 0
207 204 0 0
208 202 0 0
208 203 0 0
208 204 0 0
211 202 0 0
211 203 0 0
212 449 0 0
212 450 0 0
212 466 0 0
212 214 0 0
212 465 0 0
213 449 0 0
213 460 0 0
214 449 0 0
214 460 0 0
214 212 0 0
214 285 0 0
214 215 0 0
215 202 0 0
215 203 0 0
215 214 0 0
217 179 0 0
217 222 0 0
217 223 0 0
218 230 0 0
218 371 0 0
218 180 0 0
218 181 0 0
218 222 0 0
218 223 0 0
222 217 0 0
222 218 0 0
223 217 0 0
223 218 0 0
230 231 0 0
230 234 0 0
230 235 0 0
230 236 0 0
230 238 0 0
230 466 0 0
230 218 0 0
230 199 0 0
231 230 0 0
231 199 0 0
231 234 0 0
231 235 0 0
231 236 0 0
231 237 0 0
231 238 0 0
231 180 0 0
231 181 0 0
234 230 0 0
234 231 0 0
235 231 0 0
235 238 0 0
235 230 0 0
235 199 0 0
236 230 0 0
236 231 0 0
237 238 0 0
237 231 0 0
238 235 0 0
238 237 0 0
238 230 0 0
238 231 0 0
239 493 0 0
239 494 0 0
240 313 0 0
242 194 0 0
242 259 0 0
242 262 0 0
242 508 0 0
242 268 0 0
242 258 0 0
242 533 0 0
242 244 0 0
242 245 0 0
242 532 0 0
242 507 0 0
242 252 0 0
242 253 0 0
242 254 0 0
242 255 0 0
243 194 0 0
243 259 0 0
243 262 0 0
243 508 0 0
243 268 0 0
243 258 0 0
243 533 0 0
243 245 0 0
243 507 0 0
243 252 0 0
243 253 0 0
243 254 0 0
243 255 0 0
244 258 0 0
244 259 0 0
244 262 0 0
244 242 0 0
244 532 0 0
244 510 0 0
244 286 0 0
245 258 0 0
245 259 0 0
245 262 0 0
245 267 0 0
245 509 0 0
245 242 0 0
245 243 0 0
245 510 0 0
245 252 0 0
245 253 0 0
245 286 0 0
245 255 0 0
252 258 0 0
252 259 0 0
252 262 0 0
252 242 0 0
252 243 0 0
252 245 0 0
253 258 0 0
253 259 0 0
253 262 0 0
253 242 0 0
253 243 0 0
253 245 0 0
254 259 0 0
254 242 0 0
254 243 0 0
254 262 0 0
255 258 0 0
255 242 0 0
255 243 0 0
255 245 0 0
255 262 0 0
258 242 0 0
258 243 0 0
258 244 0 0
258 245 0 0
258 252 0 0
258 253 0 0
258 255 0 0
259 242 0 0
259 243 0 0
259 244 0 0
259 245 0 0
259 510 0 0
259 252 0 0
259 253 0 0
259 254 0 0
262 242 0 0
262 243 0 0
262 244 0 0
262 245 0 0
262 252 0 0
262 253 0 0
262 254 0 0
262 255 0 0
265 268 0 0
266 267 0 0
266 268 0 0
267 137 0 0
267 266 0 0
267 245 0 0
267 510 0 0
267 509 0 0
268 265 0 0
268 242 0 0
268 243 0 0
268 266 0 0
268 307 0 0
275 285 0 0
275 278 0 0
276 285 0 0
276 278 0 0
277 285 0 0
277 278 0 0
278 275 0 0
278 276 0 0
278 277 0 0
281 194 0 0
285 275 0 0
285 276 0 0
285 277 0 0
285 214 0 0
285 510 0 0
285 507 0 0
285 509 0 0
285 286 0 0
285 287 0 0
286 244 0 0
286 245 0 0
286 507 0 0
286 508 0 0
286 285 0 0
286 287 0 0
287 285 0 0
287 286 0 0
289 291 0 0
289 292 0 0
289 519 0 0
289 520 0 0
289 298 0 0
289 299 0 0
289 173 0 0
289 301 0 0
289 502 0 0
289 516 0 0
289 507 0 0
290 291 0 0
290 298 0 0
290 299 0 0
290 173 0 0
290 502 0 0
290 507 0 0
290 508 0 0
291 289 0 0
291 290 0 0
291 301 0 0
291 445 0 0
291 418 0 0
292 289 0 0
292 300 0 0
292 298 0 0
292 299 0 0
292 172 0 0
292 302 0 0
292 443 0 0
292 444 0 0
292 445 0 0
298 289 0 0
298 290 0 0
298 292 0 0
298 301 0 0
299 289 0 0
299 290 0 0
299 292 0 0
299 301 0 0
300 292 0 0
301 289 0 0
301 298 0 0
301 291 0 0
301 299 0 0
302 292 0 0
303 304 0 0
303 306 0 0
303 323 0 0
303 338 0 0
304 305 0 0
304 306 0 0
304 338 0 0
304 303 0 0
305 304 0 0
305 323 0 0
306 304 0 0
306 122 0 0
306 323 0 0
306 303 0 0
307 268 0 0
307 310 0 0
310 307 0 0
311 146 0 0
312 449 0 0
312 202 0 0
313 240 0 0
313 493 0 0
313 494 0 0
320 336 0 0
320 418 0 0
321 336 0 0
321 418 0 0
322 416 0 0
322 418 0 0
322 324 0 0
322 329 0 0
322 330 0 0
322 331 0 0
322 332 0 0
322 335 0 0
322 336 0 0
322 369 0 0
322 351 0 0
323 305 0 0
323 329 0 0
323 330 0 0
323 303 0 0
323 401 0 0
323 306 0 0
324 401 0 0
324 322 0 0
329 322 0 0
329 323 0 0
330 322 0 0
330 323 0 0
331 322 0 0
332 322 0 0
335 322 0 0
335 338 0 0
336 320 0 0
336 321 0 0
336 322 0 0
336 337 0 0
336 370 0 0
336 371 0 0
336 341 0 0
336 342 0 0
337 336 0 0
337 400 0 0
337 401 0 0
338 400 0 0
338 335 0 0
338 304 0 0
338 401 0 0
338 399 0 0
338 341 0 0
338 342 0 0
338 122 0 0
338 303 0 0
341 336 0 0
341 338 0 0
342 336 0 0
342 338 0 0
351 322 0 0
351 362 0 0
351 354 0 0
352 445 0 0
352 446 0 0
353 445 0 0
353 446 0 0
354 416 0 0
354 358 0 0
354 359 0 0
354 360 0 0
354 361 0 0
354 362 0 0
354 369 0 0
354 445 0 0
354 446 0 0
354 351 0 0
358 354 0 0
359 354 0 0
360 354 0 0
361 354 0 0
362 354 0 0
362 351 0 0
369 322 0 0
369 370 0 0
369 354 0 0
369 198 0 0
369 397 0 0
370 384 0 0
370 385 0 0
370 386 0 0
370 387 0 0
370 336 0 0
370 369 0 0
370 179 0 0
371 384 0 0
371 400 0 0
371 385 0 0
371 399 0 0
371 336 0 0
371 218 0 0
384 416 0 0
384 370 0 0
384 371 0 0
385 416 0 0
385 370 0 0
385 371 0 0
386 416 0 0
386 370 0 0
387 416 0 0
387 370 0 0
395 401 0 0
395 467 0 0
395 414 0 0
395 479 0 0
396 401 0 0
396 467 0 0
396 414 0 0
396 479 0 0
397 416 0 0
397 401 0 0
397 399 0 0
397 400 0 0
397 369 0 0
397 467 0 0
397 408 0 0
397 409 0 0
397 410 0 0
397 411 0 0
397 414 0 0
397 479 0 0
398 428 0 0
398 429 0 0
398 399 0 0
398 400 0 0
398 467 0 0
398 468 0 0
398 408 0 0
398 409 0 0
398 410 0 0
398 411 0 0
398 479 0 0
399 397 0 0
399 398 0 0
399 338 0 0
399 371 0 0
399 414 0 0
399 446 0 0
400 397 0 0
400 398 0 0
400 337 0 0
400 338 0 0
400 371 0 0
400 446 0 0
400 414 0 0
401 323 0 0
401 324 0 0
401 395 0 0
401 396 0 0
401 397 0 0
401 337 0 0
401 338 0 0
401 408 0 0
401 409 0 0
401 410 0 0
401 411 0 0
401 412 0 0
401 413 0 0
401 446 0 0
408 401 0 0
408 397 0 0
408 398 0 0
408 414 0 0
409 401 0 0
409 397 0 0
409 398 0 0
409 414 0 0
410 401 0 0
410 397 0 0
410 398 0 0
410 414 0 0
411 401 0 0
411 397 0 0
411 398 0 0
411 414 0 0
412 401 0 0
413 401 0 0
414 395 0 0
414 396 0 0
414 397 0 0
414 399 0 0
414 400 0 0
414 408 0 0
414 409 0 0
414 410 0 0
414 411 0 0
415 418 0 0
415 423 0 0
415 424 0 0
415 430 0 0
415 431 0 0
415 432 0 0
415 181 0 0
416 384 0 0
416 385 0 0
416 322 0 0
416 387 0 0
416 417 0 0
416 424 0 0
416 423 0 0
416 418 0 0
416 354 0 0
416 386 0 0
416 397 0 0
416 180 0 0
416 181 0 0
417 416 0 0
417 122 0 0
417 445 0 0
418 320 0 0
418 321 0 0
418 322 0 0
418 291 0 0
418 423 0 0
418 424 0 0
418 416 0 0
418 122 0 0
418 445 0 0
418 415 0 0
423 416 0 0
423 418 0 0
423 415 0 0
424 416 0 0
424 418 0 0
424 415 0 0
428 398 0 0
429 398 0 0
430 415 0 0
431 439 0 0
431 415 0 0
432 415 0 0
439 431 0 0
443 292 0 0
443 446 0 0
444 292 0 0
444 446 0 0
445 352 0 0
445 353 0 0
445 354 0 0
445 291 0 0
445 292 0 0
445 417 0 0
445 418 0 0
445 446 0 0
445 447 0 0
446 352 0 0
446 353 0 0
446 354 0 0
446 399 0 0
446 400 0 0
446 401 0 0
446 443 0 0
446 444 0 0
446 445 0 0
447 445 0 0
449 203 0 0
449 460 0 0
449 463 0 0
449 464 0 0
449 212 0 0
449 213 0 0
449 214 0 0
449 312 0 0
449 468 0 0
450 202 0 0
450 460 0 0
450 461 0 0
450 462 0 0
450 467 0 0
450 212 0 0
460 464 0 0
460 449 0 0
460 450 0 0
460 213 0 0
460 214 0 0
461 450 0 0
462 450 0 0
463 449 0 0
464 449 0 0
464 460 0 0
465 477 0 0
465 467 0 0
465 468 0 0
465 212 0 0
465 476 0 0
465 509 0 0
465 510 0 0
466 230 0 0
466 467 0 0
466 468 0 0
466 212 0 0
466 509 0 0
466 510 0 0
467 450 0 0
467 395 0 0
467 203 0 0
467 396 0 0
467 397 0 0
467 398 0 0
467 466 0 0
467 465 0 0
467 146 0 0
467 476 0 0
467 477 0 0
467 478 0 0
468 449 0 0
468 203 0 0
468 398 0 0
468 465 0 0
468 466 0 0
468 476 0 0
468 477 0 0
476 465 0 0
476 467 0 0
476 468 0 0
477 465 0 0
477 467 0 0
477 468 0 0
478 467 0 0
479 480 0 0
479 484 0 0
479 485 0 0
479 486 0 0
479 172 0 0
479 395 0 0
479 396 0 0
479 397 0 0
479 398 0 0
480 484 0 0
480 485 0 0
480 486 0 0
480 487 0 0
480 172 0 0
480 479 0 0
484 480 0 0
484 479 0 0
485 480 0 0
485 479 0 0
486 480 0 0
486 479 0 0
487 480 0 0
487 490 0 0
487 491 0 0
490 487 0 0
491 487 0 0
493 313 0 0
493 499 0 0
493 500 0 0
493 494 0 0
493 239 0 0
494 313 0 0
494 499 0 0
494 493 0 0
494 239 0 0
499 493 0 0
499 494 0 0
500 493 0 0
501 505 0 0
501 519 0 0
502 289 0 0
502 290 0 0
502 505 0 0
505 501 0 0
505 502 0 0
507 289 0 0
507 290 0 0
507 515 0 0
507 516 0 0
507 517 0 0
507 509 0 0
507 242 0 0
507 243 0 0
507 148 0 0
507 510 0 0
507 285 0 0
507 286 0 0
508 290 0 0
508 515 0 0
508 517 0 0
508 242 0 0
508 243 0 0
508 286 0 0
508 509 0 0
508 510 0 0
509 515 0 0
509 517 0 0
509 267 0 0
509 465 0 0
509 466 0 0
509 245 0 0
509 507 0 0
509 508 0 0
509 285 0 0
510 259 0 0
510 516 0 0
510 517 0 0
510 267 0 0
510 465 0 0
510 466 0 0
510 515 0 0
510 244 0 0
510 245 0 0
510 507 0 0
510 508 0 0
510 285 0 0
