#GRAPH (#nodes #edges id uu vv ww xx yy zz):
#40 176 geo(0,{40,25,3,0.100,0.000,0.000}) 25 
#
VERTICES (index name u v w x y z):
0 0 16 17 
1 1 20 23 
2 2 0 2 
3 3 4 14 
4 4 13 17 
5 5 24 5 
6 6 10 20 
7 7 10 0 
8 8 15 17 
9 9 0 20 
10 10 1 11 
11 11 16 18 
12 12 10 3 
13 13 23 0 
14 14 7 24 
15 15 23 15 
16 16 11 6 
17 17 2 10 
18 18 7 14 
19 19 1 21 
20 20 22 0 
21 21 18 19 
22 22 23 18 
23 23 17 12 
24 24 21 22 
25 25 0 3 
26 26 10 13 
27 27 4 8 
28 28 9 2 
29 29 24 6 
30 30 15 8 
31 31 13 19 
32 32 6 20 
33 33 18 7 
34 34 10 23 
35 35 17 10 
36 36 16 10 
37 37 11 23 
38 38 3 24 
39 39 21 6 
#
EDGES (from-node to-node length a b):
0 27 15 0 
0 26 7 0 
0 21 3 0 
0 17 16 0 
0 14 11 0 
0 10 16 0 
0 2 22 0 
1 37 9 0 
1 11 6 0 
1 10 22 0 
1 8 8 0 
2 20 22 0 
2 13 23 0 
2 11 23 0 
3 37 11 0 
3 30 13 0 
3 26 6 0 
3 17 4 0 
4 29 16 0 
4 5 16 0 
5 28 15 0 
5 27 20 0 
5 22 13 0 
5 11 15 0 
6 34 3 0 
6 31 3 0 
6 27 13 0 
6 25 20 0 
6 22 13 0 
6 18 7 0 
6 8 6 0 
7 37 23 0 
7 34 23 0 
7 20 12 0 
7 19 23 0 
8 28 16 0 
8 17 15 0 
9 23 19 0 
10 39 21 0 
10 35 16 0 
10 27 4 0 
10 25 8 0 
10 18 7 0 
11 36 8 0 
11 33 11 0 
11 28 17 0 
11 22 7 0 
11 13 19 0 
12 33 9 0 
12 32 17 0 
12 30 7 0 
12 29 14 0 
12 23 11 0 
13 30 11 0 
13 26 18 0 
13 23 13 0 
14 39 23 0 
14 32 4 0 
14 24 14 0 
15 39 9 0 
15 38 22 0 
15 34 15 0 
15 33 9 0 
15 22 3 0 
16 27 7 0 
17 37 16 0 
17 25 7 0 
18 31 8 0 
18 28 12 0 
19 38 4 0 
19 37 10 0 
19 31 12 0 
19 29 27 0 
19 23 18 0 
20 38 31 0 
20 33 8 0 
21 34 9 0 
21 27 18 0 
21 23 7 0 
22 23 8 0 
23 25 19 0 
24 35 13 0 
26 36 7 0 
26 33 10 0 
28 34 21 0 
30 36 2 0 
30 33 3 0 
32 34 5 0 
