#GRAPH (#nodes #edges id uu vv ww xx yy zz):
#40 148 geo(0,{40,25,3,0.100,0.000,0.000}) 25 
#
VERTICES (index name u v w x y z):
0 0 16 23 
1 1 14 7 
2 2 4 15 
3 3 0 22 
4 4 24 15 
5 5 9 23 
6 6 8 22 
7 7 14 1 
8 8 20 20 
9 9 12 18 
10 10 14 4 
11 11 6 9 
12 12 10 4 
13 13 1 12 
14 14 8 12 
15 15 8 21 
16 16 6 11 
17 17 0 15 
18 18 11 23 
19 19 18 8 
20 20 11 7 
21 21 19 18 
22 22 6 1 
23 23 11 12 
24 24 20 3 
25 25 13 4 
26 26 5 15 
27 27 5 9 
28 28 10 8 
29 29 8 20 
30 30 10 11 
31 31 2 16 
32 32 20 16 
33 33 12 12 
34 34 24 18 
35 35 17 24 
36 36 22 16 
37 37 10 5 
38 38 17 21 
39 39 17 10 
#
EDGES (from-node to-node length a b):
0 29 9 0 
0 22 24 0 
0 16 16 0 
0 14 14 0 
1 36 12 0 
1 33 5 0 
1 28 4 0 
1 4 13 0 
2 8 17 0 
3 12 21 0 
4 37 17 0 
4 20 15 0 
4 18 15 0 
4 6 17 0 
4 5 17 0 
5 26 9 0 
5 25 19 0 
5 17 12 0 
6 33 11 0 
6 17 11 0 
7 36 17 0 
7 32 16 0 
8 39 10 0 
8 23 12 0 
8 13 21 0 
9 35 8 0 
9 10 14 0 
10 13 15 0 
11 37 6 0 
11 23 6 0 
11 17 8 0 
12 33 8 0 
12 29 16 0 
12 25 3 0 
12 24 10 0 
14 36 15 0 
14 31 7 0 
14 20 6 0 
14 15 9 0 
15 39 14 0 
15 22 20 0 
15 21 11 0 
16 36 17 0 
16 32 15 0 
16 17 7 0 
17 34 24 0 
17 33 12 0 
17 29 9 0 
17 28 12 0 
17 23 11 0 
17 19 19 0 
18 39 14 0 
18 36 13 0 
18 21 9 0 
20 25 4 0 
20 23 5 0 
20 22 8 0 
21 37 16 0 
21 31 17 0 
22 32 21 0 
22 28 8 0 
23 25 8 0 
24 34 16 0 
24 28 11 0 
24 27 16 0 
24 26 19 0 
25 32 14 0 
25 31 16 0 
25 30 8 0 
25 27 9 0 
28 38 15 0 
29 36 15 0 
31 33 11 0 
33 38 10 0 
