#GRAPH (#nodes #edges id uu vv ww xx yy zz):
#40 168 geo(0,{40,25,3,0.100,0.000,0.000}) 25 
#
VERTICES (index name u v w x y z):
0 0 7 12 
1 1 23 21 
2 2 9 1 
3 3 4 3 
4 4 4 15 
5 5 2 4 
6 6 23 7 
7 7 7 20 
8 8 0 3 
9 9 15 19 
10 10 9 14 
11 11 6 24 
12 12 2 5 
13 13 1 6 
14 14 20 15 
15 15 19 18 
16 16 13 17 
17 17 19 11 
18 18 12 14 
19 19 4 22 
20 20 22 19 
21 21 13 6 
22 22 6 3 
23 23 8 1 
24 24 21 21 
25 25 11 24 
26 26 14 20 
27 27 8 23 
28 28 13 14 
29 29 3 12 
30 30 0 16 
31 31 15 5 
32 32 21 4 
33 33 0 14 
34 34 22 4 
35 35 2 18 
36 36 11 6 
37 37 9 10 
38 38 18 16 
39 39 23 9 
#
EDGES (from-node to-node length a b):
0 27 11 0 
0 20 17 0 
0 17 12 0 
1 39 12 0 
1 14 7 0 
1 3 26 0 
2 38 17 0 
2 19 22 0 
2 12 8 0 
2 3 5 0 
3 29 9 0 
3 20 24 0 
3 16 17 0 
3 4 12 0 
4 32 20 0 
4 31 15 0 
4 13 9 0 
4 10 5 0 
4 8 13 0 
5 28 15 0 
5 18 14 0 
6 36 12 0 
6 30 25 0 
6 24 14 0 
6 16 14 0 
7 14 14 0 
7 9 8 0 
8 37 11 0 
9 30 15 0 
9 25 6 0 
9 24 6 0 
9 23 19 0 
9 16 3 0 
9 14 6 0 
9 13 19 0 
10 36 8 0 
10 35 8 0 
10 14 11 0 
11 25 5 0 
11 21 19 0 
11 19 3 0 
12 38 19 0 
12 26 19 0 
12 18 13 0 
13 29 6 0 
13 17 19 0 
14 38 2 0 
14 33 20 0 
14 31 11 0 
14 30 20 0 
14 25 13 0 
15 37 13 0 
16 35 11 0 
17 38 5 0 
17 35 18 0 
17 30 20 0 
17 20 9 0 
18 28 1 0 
18 26 6 0 
19 37 13 0 
19 20 18 0 
20 34 15 0 
20 28 10 0 
21 38 11 0 
21 37 6 0 
21 23 7 0 
22 34 16 0 
22 31 9 0 
23 33 15 0 
24 37 16 0 
26 39 14 0 
26 37 11 0 
26 36 14 0 
26 29 14 0 
28 34 13 0 
28 32 13 0 
31 37 8 0 
31 32 6 0 
32 36 10 0 
33 36 14 0 
33 34 24 0 
34 39 5 0 
35 37 11 0 
36 39 12 0 
