#GRAPH (#nodes #edges id uu vv ww xx yy zz):
#40 168 geo(0,{40,25,3,0.100,0.000,0.000}) 25 
#
VERTICES (index name u v w x y z):
0 0 19 12 
1 1 1 4 
2 2 10 22 
3 3 18 8 
4 4 19 9 
5 5 11 17 
6 6 20 5 
7 7 11 18 
8 8 10 8 
9 9 1 12 
10 10 22 9 
11 11 7 21 
12 12 19 20 
13 13 9 4 
14 14 2 7 
15 15 3 2 
16 16 4 14 
17 17 12 1 
18 18 20 20 
19 19 5 16 
20 20 19 5 
21 21 7 5 
22 22 15 7 
23 23 6 3 
24 24 15 8 
25 25 7 16 
26 26 10 11 
27 27 16 8 
28 28 7 8 
29 29 5 21 
30 30 2 24 
31 31 21 6 
32 32 10 17 
33 33 18 23 
34 34 4 0 
35 35 8 11 
36 36 8 12 
37 37 15 21 
38 38 5 12 
39 39 13 16 
#
EDGES (from-node to-node length a b):
0 39 7 0 
0 31 6 0 
0 21 14 0 
0 12 8 0 
0 6 7 0 
1 23 5 0 
1 21 6 0 
2 37 5 0 
2 31 19 0 
2 22 16 0 
2 17 21 0 
2 10 18 0 
2 9 13 0 
2 6 20 0 
2 3 16 0 
3 36 11 0 
3 31 4 0 
3 14 16 0 
4 36 11 0 
4 34 17 0 
4 28 12 0 
4 22 4 0 
4 8 9 0 
5 29 7 0 
5 18 9 0 
5 15 17 0 
5 7 1 0 
6 39 13 0 
6 36 14 0 
6 33 18 0 
6 20 1 0 
7 35 8 0 
7 25 4 0 
8 35 4 0 
8 31 11 0 
8 19 9 0 
8 14 8 0 
8 11 13 0 
9 36 7 0 
9 19 6 0 
10 37 14 0 
10 28 15 0 
10 26 12 0 
11 28 13 0 
11 24 15 0 
12 30 17 0 
13 34 6 0 
13 32 13 0 
13 26 7 0 
13 23 3 0 
13 22 7 0 
13 15 6 0 
13 14 8 0 
14 30 17 0 
14 25 10 0 
16 34 14 0 
16 32 7 0 
16 28 7 0 
16 21 9 0 
17 37 20 0 
18 30 18 0 
18 27 13 0 
19 35 6 0 
19 34 16 0 
20 24 5 0 
20 23 13 0 
21 39 13 0 
21 25 11 0 
22 36 9 0 
22 24 1 0 
23 33 23 0 
24 39 8 0 
24 33 15 0 
24 27 1 0 
26 34 13 0 
26 29 11 0 
27 29 17 0 
28 30 17 0 
30 36 13 0 
30 34 24 0 
30 32 11 0 
32 38 7 0 
33 37 4 0 
37 39 5 0 
