#GRAPH (#nodes #edges id uu vv ww xx yy zz):
#40 152 geo(0,{40,25,3,0.100,0.000,0.000}) 25 
#
VERTICES (index name u v w x y z):
0 0 6 22 
1 1 6 13 
2 2 22 22 
3 3 6 17 
4 4 12 16 
5 5 11 7 
6 6 11 12 
7 7 14 11 
8 8 16 0 
9 9 1 10 
10 10 5 2 
11 11 7 8 
12 12 0 15 
13 13 18 18 
14 14 11 2 
15 15 14 24 
16 16 22 21 
17 17 14 2 
18 18 23 22 
19 19 14 13 
20 20 4 19 
21 21 10 13 
22 22 4 14 
23 23 21 24 
24 24 19 3 
25 25 1 19 
26 26 17 4 
27 27 15 10 
28 28 2 10 
29 29 24 17 
30 30 12 2 
31 31 8 2 
32 32 14 3 
33 33 11 21 
34 34 3 7 
35 35 10 3 
36 36 17 0 
37 37 8 11 
38 38 2 22 
39 39 0 8 
#
EDGES (from-node to-node length a b):
0 39 15 0 
0 25 6 0 
0 13 13 0 
1 32 13 0 
1 27 9 0 
1 26 14 0 
2 30 22 0 
2 26 19 0 
2 12 23 0 
2 9 24 0 
3 36 20 0 
3 35 15 0 
3 32 16 0 
3 28 8 0 
3 10 15 0 
3 8 20 0 
4 12 12 0 
4 8 16 0 
4 6 4 0 
5 36 9 0 
6 39 12 0 
6 28 9 0 
6 20 10 0 
6 14 10 0 
6 13 9 0 
7 12 15 0 
8 39 18 0 
8 36 1 0 
8 29 19 0 
8 17 3 0 
8 12 22 0 
8 9 18 0 
9 36 19 0 
10 32 9 0 
10 26 12 0 
10 22 12 0 
10 16 25 0 
10 13 21 0 
11 33 14 0 
11 21 6 0 
12 35 16 0 
12 34 9 0 
12 29 24 0 
13 37 12 0 
13 24 15 0 
14 35 1 0 
14 22 14 0 
14 16 22 0 
15 33 4 0 
15 19 11 0 
15 16 9 0 
16 19 11 0 
17 37 11 0 
17 27 8 0 
17 19 11 0 
18 37 19 0 
19 39 15 0 
19 33 9 0 
19 32 10 0 
21 32 11 0 
21 31 11 0 
22 39 7 0 
22 26 16 0 
23 33 10 0 
23 26 20 0 
24 34 16 0 
25 39 11 0 
26 30 5 0 
27 30 9 0 
28 38 12 0 
29 34 23 0 
32 37 10 0 
32 33 18 0 
35 38 21 0 
36 37 14 0 
37 39 9 0 
