#GRAPH (#nodes #edges id uu vv ww xx yy zz):
#40 168 geo(0,{40,25,3,0.100,0.000,0.000}) 25 
#
VERTICES (index name u v w x y z):
0 0 19 22 
1 1 8 6 
2 2 13 0 
3 3 11 18 
4 4 22 10 
5 5 1 24 
6 6 14 9 
7 7 19 15 
8 8 0 7 
9 9 20 15 
10 10 19 23 
11 11 17 2 
12 12 3 14 
13 13 2 23 
14 14 9 17 
15 15 3 6 
16 16 9 20 
17 17 23 16 
18 18 14 13 
19 19 7 7 
20 20 21 24 
21 21 3 16 
22 22 12 20 
23 23 6 5 
24 24 1 13 
25 25 0 6 
26 26 20 13 
27 27 14 17 
28 28 0 4 
29 29 4 10 
30 30 23 9 
31 31 23 0 
32 32 7 5 
33 33 9 11 
34 34 0 0 
35 35 24 20 
36 36 7 4 
37 37 6 16 
38 38 4 9 
39 39 3 24 
#
EDGES (from-node to-node length a b):
0 33 15 0 
0 31 22 0 
0 30 14 0 
0 18 10 0 
0 16 10 0 
1 30 15 0 
1 19 1 0 
1 16 14 0 
1 7 14 0 
2 28 14 0 
2 18 13 0 
2 17 19 0 
2 12 17 0 
3 29 11 0 
3 28 18 0 
3 11 17 0 
3 9 9 0 
4 6 8 0 
4 5 25 0 
5 28 20 0 
6 36 9 0 
6 20 17 0 
6 14 9 0 
6 7 8 0 
7 24 18 0 
7 23 16 0 
7 15 18 0 
7 14 10 0 
8 32 7 0 
8 28 3 0 
8 25 1 0 
9 28 23 0 
9 25 22 0 
9 22 9 0 
9 20 9 0 
9 17 3 0 
9 14 11 0 
10 18 11 0 
10 12 18 0 
11 32 10 0 
12 24 2 0 
12 22 11 0 
13 32 19 0 
13 31 31 0 
14 38 9 0 
14 36 13 0 
15 34 7 0 
15 27 16 0 
15 26 18 0 
15 25 3 0 
15 21 10 0 
15 20 25 0 
15 18 13 0 
16 36 16 0 
17 25 25 0 
17 23 20 0 
17 18 9 0 
18 37 9 0 
18 19 9 0 
19 35 21 0 
20 37 17 0 
20 26 11 0 
20 25 28 0 
23 36 1 0 
23 33 7 0 
23 25 6 0 
24 27 14 0 
25 37 12 0 
25 34 6 0 
25 27 18 0 
26 38 16 0 
26 31 13 0 
26 28 22 0 
27 31 19 0 
27 29 12 0 
28 39 20 0 
28 34 4 0 
29 39 14 0 
29 38 1 0 
29 33 5 0 
29 30 19 0 
32 36 1 0 
32 33 6 0 
34 37 17 0 
