#GRAPH (#nodes #edges id uu vv ww xx yy zz):
#40 160 geo(0,{40,25,3,0.100,0.000,0.000}) 25 
#
VERTICES (index name u v w x y z):
0 0 6 22 
1 1 2 12 
2 2 19 9 
3 3 0 17 
4 4 20 2 
5 5 7 18 
6 6 10 12 
7 7 11 22 
8 8 12 1 
9 9 21 21 
10 10 7 2 
11 11 19 21 
12 12 22 3 
13 13 10 17 
14 14 11 23 
15 15 22 8 
16 16 3 1 
17 17 18 3 
18 18 10 7 
19 19 24 24 
20 20 1 17 
21 21 3 14 
22 22 9 18 
23 23 7 21 
24 24 18 13 
25 25 8 6 
26 26 6 21 
27 27 2 8 
28 28 12 23 
29 29 15 19 
30 30 16 24 
31 31 13 16 
32 32 9 9 
33 33 7 4 
34 34 5 6 
35 35 6 5 
36 36 21 14 
37 37 3 7 
38 38 17 21 
39 39 10 2 
#
EDGES (from-node to-node length a b):
0 37 15 0 
0 28 6 0 
1 27 4 0 
2 34 14 0 
2 17 6 0 
2 9 12 0 
2 5 15 0 
2 4 7 0 
3 37 10 0 
3 34 12 0 
3 12 26 0 
3 10 17 0 
3 8 20 0 
3 5 7 0 
4 39 10 0 
4 31 16 0 
4 24 11 0 
5 37 12 0 
5 13 3 0 
5 12 21 0 
5 10 16 0 
6 30 13 0 
6 27 9 0 
6 22 6 0 
6 14 11 0 
7 36 13 0 
7 34 17 0 
7 31 6 0 
7 26 5 0 
8 36 16 0 
8 22 17 0 
9 35 22 0 
9 24 9 0 
9 20 20 0 
9 19 4 0 
9 18 18 0 
9 14 10 0 
9 10 24 0 
10 38 21 0 
10 32 7 0 
10 16 4 0 
11 28 7 0 
11 25 19 0 
11 21 17 0 
12 33 15 0 
13 34 12 0 
14 30 5 0 
15 28 18 0 
15 24 6 0 
15 20 23 0 
16 30 26 0 
16 27 7 0 
16 21 13 0 
16 20 16 0 
17 38 18 0 
17 18 9 0 
18 33 4 0 
19 37 27 0 
19 30 8 0 
19 27 27 0 
19 23 17 0 
20 30 17 0 
21 36 18 0 
21 32 8 0 
22 33 14 0 
22 23 4 0 
23 24 14 0 
25 39 4 0 
25 32 3 0 
26 28 6 0 
27 39 10 0 
28 35 19 0 
28 33 20 0 
29 31 4 0 
30 37 21 0 
30 32 17 0 
31 36 8 0 
32 39 7 0 
33 37 5 0 
37 38 20 0 
