#GRAPH (#nodes #edges id uu vv ww xx yy zz):
#40 152 geo(0,{40,25,3,0.100,0.000,0.000}) 25 
#
VERTICES (index name u v w x y z):
0 0 6 22 
1 1 15 15 
2 2 3 1 
3 3 19 1 
4 4 15 13 
5 5 6 15 
6 6 14 23 
7 7 13 11 
8 8 23 13 
9 9 5 15 
10 10 5 14 
11 11 15 8 
12 12 1 8 
13 13 4 4 
14 14 10 23 
15 15 11 3 
16 16 7 13 
17 17 17 19 
18 18 16 16 
19 19 5 6 
20 20 22 11 
21 21 14 8 
22 22 10 10 
23 23 8 6 
24 24 18 17 
25 25 23 10 
26 26 17 20 
27 27 21 10 
28 28 12 3 
29 29 14 2 
30 30 18 6 
31 31 6 5 
32 32 13 4 
33 33 22 24 
34 34 24 9 
35 35 20 12 
36 36 10 6 
37 37 21 18 
38 38 15 18 
39 39 0 19 
#
EDGES (from-node to-node length a b):
0 38 10 0 
0 31 17 0 
0 8 19 0 
0 5 7 0 
0 4 13 0 
1 36 10 0 
1 34 11 0 
1 27 8 0 
1 25 9 0 
1 23 11 0 
1 22 7 0 
1 12 16 0 
1 5 9 0 
2 37 25 0 
2 32 10 0 
2 30 16 0 
2 21 13 0 
3 27 9 0 
3 22 13 0 
3 18 15 0 
3 15 8 0 
3 12 19 0 
3 6 23 0 
4 34 10 0 
4 15 11 0 
5 19 9 0 
6 31 20 0 
6 24 7 0 
6 14 4 0 
6 9 12 0 
7 18 6 0 
8 39 24 0 
8 25 3 0 
9 35 15 0 
10 33 20 0 
10 29 15 0 
10 15 13 0 
10 12 7 0 
11 30 4 0 
11 13 12 0 
12 35 19 0 
12 32 13 0 
12 30 17 0 
12 26 20 0 
12 25 22 0 
12 24 19 0 
12 20 21 0 
13 28 8 0 
13 24 19 0 
13 22 8 0 
14 39 11 0 
14 26 8 0 
14 22 13 0 
15 27 12 0 
16 30 13 0 
17 34 12 0 
17 29 17 0 
18 38 2 0 
18 29 14 0 
18 27 8 0 
18 26 4 0 
18 23 13 0 
19 27 16 0 
20 35 2 0 
20 30 6 0 
21 38 10 0 
21 31 9 0 
22 36 4 0 
22 26 12 0 
24 31 17 0 
24 30 11 0 
26 37 4 0 
26 29 18 0 
27 33 14 0 
29 34 12 0 
29 32 2 0 
