#GRAPH (#nodes #edges id uu vv ww xx yy zz):
#40 154 geo(0,{40,25,3,0.100,0.000,0.000}) 25 
#
VERTICES (index name u v w x y z):
0 0 4 1 
1 1 7 13 
2 2 14 17 
3 3 5 0 
4 4 23 12 
5 5 3 15 
6 6 18 21 
7 7 9 8 
8 8 21 24 
9 9 6 3 
10 10 3 24 
11 11 12 0 
12 12 22 23 
13 13 16 19 
14 14 14 8 
15 15 12 4 
16 16 9 15 
17 17 16 13 
18 18 9 23 
19 19 10 8 
20 20 4 15 
21 21 3 4 
22 22 6 16 
23 23 13 5 
24 24 0 9 
25 25 23 17 
26 26 1 16 
27 27 18 8 
28 28 4 11 
29 29 8 0 
30 30 11 4 
31 31 0 15 
32 32 4 0 
33 33 16 1 
34 34 3 22 
35 35 21 4 
36 36 12 18 
37 37 17 18 
38 38 15 5 
39 39 16 21 
#
EDGES (from-node to-node length a b):
0 27 16 0 
1 32 13 0 
1 14 9 0 
2 35 15 0 
2 23 12 0 
3 25 25 0 
3 24 10 0 
3 17 17 0 
3 12 29 0 
4 37 8 0 
4 16 14 0 
5 17 13 0 
6 30 18 0 
6 26 18 0 
6 22 13 0 
6 13 3 0 
6 12 4 0 
6 11 22 0 
7 38 7 0 
7 34 15 0 
7 23 5 0 
7 19 1 0 
7 18 15 0 
8 27 16 0 
8 26 22 0 
9 34 19 0 
9 27 13 0 
9 11 7 0 
10 18 6 0 
10 17 17 0 
10 16 11 0 
11 37 19 0 
11 18 23 0 
12 38 19 0 
12 32 29 0 
12 22 17 0 
13 37 1 0 
13 24 19 0 
14 38 3 0 
14 33 7 0 
14 29 10 0 
14 21 12 0 
15 37 15 0 
15 19 4 0 
16 37 9 0 
16 35 16 0 
16 33 16 0 
16 22 3 0 
16 20 5 0 
17 39 8 0 
17 37 5 0 
17 30 10 0 
17 22 10 0 
18 34 6 0 
18 19 15 0 
19 31 12 0 
19 24 10 0 
20 30 13 0 
20 24 7 0 
23 37 14 0 
23 36 13 0 
23 34 20 0 
23 32 10 0 
23 28 11 0 
24 39 20 0 
25 34 21 0 
26 35 23 0 
28 39 16 0 
28 31 6 0 
29 39 22 0 
30 37 15 0 
32 37 22 0 
33 38 4 0 
33 37 17 0 
36 38 13 0 
37 38 13 0 
38 39 16 0 
