#GRAPH (#nodes #edges id uu vv ww xx yy zz):
#40 176 geo(0,{40,25,3,0.100,0.000,0.000}) 25 
#
VERTICES (index name u v w x y z):
0 0 20 8 
1 1 11 12 
2 2 0 19 
3 3 3 9 
4 4 2 6 
5 5 1 2 
6 6 7 2 
7 7 5 23 
8 8 2 18 
9 9 23 17 
10 10 8 5 
11 11 10 2 
12 12 15 1 
13 13 13 6 
14 14 17 4 
15 15 16 20 
16 16 6 20 
17 17 2 5 
18 18 21 22 
19 19 2 12 
20 20 23 20 
21 21 20 17 
22 22 0 6 
23 23 2 9 
24 24 18 1 
25 25 2 22 
26 26 16 12 
27 27 16 24 
28 28 22 24 
29 29 14 0 
30 30 23 21 
31 31 22 7 
32 32 7 24 
33 33 23 18 
34 34 3 6 
35 35 4 17 
36 36 18 8 
37 37 23 6 
38 38 15 10 
39 39 13 1 
#
EDGES (from-node to-node length a b):
0 7 21 0 
1 21 10 0 
1 18 14 0 
1 11 10 0 
1 8 11 0 
2 28 23 0 
2 24 25 0 
2 8 2 0 
2 6 18 0 
2 4 13 0 
3 27 20 0 
3 9 22 0 
3 6 8 0 
3 5 7 0 
4 37 21 0 
4 29 13 0 
4 27 23 0 
5 28 30 0 
6 38 11 0 
6 20 24 0 
6 12 8 0 
7 33 19 0 
7 30 18 0 
7 25 3 0 
7 17 18 0 
7 13 19 0 
7 12 24 0 
7 11 22 0 
8 39 20 0 
8 30 21 0 
8 24 23 0 
8 22 12 0 
8 19 6 0 
9 32 17 0 
9 24 17 0 
9 16 17 0 
10 38 9 0 
10 37 15 0 
10 35 13 0 
10 19 9 0 
10 14 9 0 
10 12 8 0 
11 34 8 0 
11 32 22 0 
11 31 13 0 
11 25 22 0 
11 21 18 0 
11 20 22 0 
11 17 9 0 
12 38 9 0 
12 21 17 0 
12 15 19 0 
12 13 5 0 
13 28 20 0 
13 24 7 0 
13 15 14 0 
13 14 4 0 
14 38 6 0 
14 24 3 0 
14 17 15 0 
15 19 16 0 
16 30 17 0 
17 39 12 0 
17 37 21 0 
17 35 12 0 
17 32 20 0 
17 28 28 0 
18 24 21 0 
18 21 5 0 
18 20 3 0 
19 34 6 0 
19 21 19 0 
20 32 16 0 
21 31 10 0 
22 31 22 0 
22 28 28 0 
22 23 4 0 
25 26 17 0 
26 36 4 0 
26 31 8 0 
27 35 14 0 
27 33 9 0 
28 37 18 0 
28 33 6 0 
29 37 11 0 
30 35 19 0 
30 34 25 0 
35 37 22 0 
