#GRAPH (#nodes #edges id uu vv ww xx yy zz):
#400 1536 geo(0,{400,50,3,0.009,0.000,0.000}) 50 
#
VERTICES (index name u v w x y z):
0 0 36 32 
1 1 2 35 
2 2 43 49 
3 3 7 15 
4 4 4 42 
5 5 5 42 
6 6 6 1 
7 7 1 12 
8 8 15 40 
9 9 35 24 
10 10 3 21 
11 11 4 17 
12 12 20 21 
13 13 19 25 
14 14 15 28 
15 15 17 42 
16 16 37 20 
17 17 19 42 
18 18 1 40 
19 19 41 17 
20 20 10 0 
21 21 20 35 
22 22 9 31 
23 23 11 26 
24 24 24 14 
25 25 48 44 
26 26 2 44 
27 27 7 0 
28 28 38 7 
29 29 49 23 
30 30 22 7 
31 31 9 49 
32 32 24 21 
33 33 43 4 
34 34 18 25 
35 35 47 45 
36 36 43 7 
37 37 45 47 
38 38 41 5 
39 39 6 36 
40 40 42 45 
41 41 34 18 
42 42 27 0 
43 43 6 5 
44 44 16 34 
45 45 47 0 
46 46 31 24 
47 47 13 18 
48 48 45 26 
49 49 29 6 
50 50 28 49 
51 51 11 34 
52 52 29 24 
53 53 35 14 
54 54 39 15 
55 55 5 16 
56 56 39 9 
57 57 7 39 
58 58 16 3 
59 59 32 13 
60 60 36 19 
61 61 26 44 
62 62 10 33 
63 63 1 17 
64 64 24 20 
65 65 7 38 
66 66 3 42 
67 67 45 22 
68 68 16 40 
69 69 14 31 
70 70 41 4 
71 71 15 9 
72 72 33 24 
73 73 28 24 
74 74 15 14 
75 75 44 24 
76 76 33 25 
77 77 38 1 
78 78 0 14 
79 79 41 20 
80 80 27 18 
81 81 17 1 
82 82 34 30 
83 83 40 30 
84 84 2 7 
85 85 47 40 
86 86 2 31 
87 87 41 12 
88 88 38 0 
89 89 3 20 
90 90 29 10 
91 91 21 15 
92 92 47 38 
93 93 31 23 
94 94 26 7 
95 95 5 0 
96 96 42 26 
97 97 49 49 
98 98 20 24 
99 99 17 39 
100 100 6 10 
101 101 30 31 
102 102 36 12 
103 103 47 42 
104 104 41 15 
105 105 11 22 
106 106 44 7 
107 107 5 9 
108 108 25 44 
109 109 0 48 
110 110 24 6 
111 111 48 33 
112 112 22 1 
113 113 40 40 
114 114 43 20 
115 115 42 4 
116 116 30 5 
117 117 0 9 
118 118 11 6 
119 119 24 38 
120 120 30 40 
121 121 21 35 
122 122 33 41 
123 123 40 17 
124 124 9 38 
125 125 20 10 
126 126 42 16 
127 127 6 47 
128 128 38 24 
129 129 10 12 
130 130 4 39 
131 131 12 41 
132 132 41 34 
133 133 36 26 
134 134 2 9 
135 135 15 4 
136 136 40 13 
137 137 35 0 
138 138 40 2 
139 139 16 13 
140 140 4 7 
141 141 4 19 
142 142 29 45 
143 143 21 30 
144 144 42 29 
145 145 7 16 
146 146 27 44 
147 147 6 44 
148 148 30 22 
149 149 14 46 
150 150 17 9 
151 151 31 3 
152 152 36 36 
153 153 16 21 
154 154 23 35 
155 155 17 32 
156 156 47 8 
157 157 9 36 
158 158 34 27 
159 159 23 21 
160 160 20 0 
161 161 23 36 
162 162 4 31 
163 163 32 35 
164 164 21 1 
165 165 44 4 
166 166 17 20 
167 167 13 38 
168 168 12 19 
169 169 32 22 
170 170 16 32 
171 171 1 29 
172 172 37 13 
173 173 29 4 
174 174 9 4 
175 175 18 5 
176 176 29 13 
177 177 17 16 
178 178 18 34 
179 179 44 14 
180 180 5 10 
181 181 13 47 
182 182 12 8 
183 183 28 26 
184 184 27 14 
185 185 15 2 
186 186 35 10 
187 187 4 43 
188 188 17 35 
189 189 16 46 
190 190 0 33 
191 191 0 44 
192 192 11 11 
193 193 42 32 
194 194 18 2 
195 195 3 23 
196 196 42 24 
197 197 15 27 
198 198 33 38 
199 199 18 6 
200 200 29 47 
201 201 33 27 
202 202 38 31 
203 203 12 35 
204 204 14 9 
205 205 28 40 
206 206 45 38 
207 207 14 8 
208 208 30 41 
209 209 34 1 
210 210 36 41 
211 211 21 43 
212 212 44 8 
213 213 2 29 
214 214 40 10 
215 215 34 8 
216 216 46 26 
217 217 47 49 
218 218 45 48 
219 219 17 0 
220 220 6 46 
221 221 2 46 
222 222 22 11 
223 223 39 8 
224 224 42 19 
225 225 43 40 
226 226 8 3 
227 227 13 14 
228 228 33 17 
229 229 7 47 
230 230 41 1 
231 231 15 46 
232 232 22 41 
233 233 5 7 
234 234 47 10 
235 235 12 7 
236 236 15 6 
237 237 20 4 
238 238 6 24 
239 239 48 40 
240 240 49 41 
241 241 12 43 
242 242 22 48 
243 243 35 34 
244 244 45 15 
245 245 47 31 
246 246 0 29 
247 247 26 13 
248 248 23 38 
249 249 0 26 
250 250 31 0 
251 251 17 15 
252 252 7 5 
253 253 12 2 
254 254 27 47 
255 255 13 31 
256 256 5 39 
257 257 49 21 
258 258 44 41 
259 259 35 5 
260 260 1 1 
261 261 6 16 
262 262 32 40 
263 263 3 33 
264 264 20 29 
265 265 12 22 
266 266 5 32 
267 267 22 46 
268 268 40 26 
269 269 37 35 
270 270 42 39 
271 271 38 41 
272 272 32 4 
273 273 23 25 
274 274 3 37 
275 275 34 25 
276 276 12 24 
277 277 33 9 
278 278 45 3 
279 279 49 36 
280 280 4 37 
281 281 4 44 
282 282 32 12 
283 283 27 4 
284 284 47 46 
285 285 6 49 
286 286 10 36 
287 287 2 25 
288 288 14 24 
289 289 12 29 
290 290 45 10 
291 291 30 12 
292 292 24 8 
293 293 13 22 
294 294 2 5 
295 295 9 37 
296 296 22 20 
297 297 0 8 
298 298 39 23 
299 299 32 2 
300 300 40 41 
301 301 6 12 
302 302 31 18 
303 303 22 32 
304 304 22 34 
305 305 20 49 
306 306 17 12 
307 307 2 15 
308 308 47 29 
309 309 46 11 
310 310 41 10 
311 311 12 13 
312 312 23 12 
313 313 16 14 
314 314 33 47 
315 315 40 27 
316 316 49 38 
317 317 3 35 
318 318 24 3 
319 319 45 9 
320 320 11 20 
321 321 10 47 
322 322 4 28 
323 323 34 11 
324 324 44 16 
325 325 29 27 
326 326 18 36 
327 327 21 12 
328 328 0 16 
329 329 46 12 
330 330 21 48 
331 331 47 12 
332 332 7 30 
333 333 46 29 
334 334 18 9 
335 335 37 21 
336 336 8 45 
337 337 46 28 
338 338 1 2 
339 339 33 10 
340 340 12 15 
341 341 43 34 
342 342 2 10 
343 343 42 17 
344 344 29 3 
345 345 8 31 
346 346 1 39 
347 347 14 17 
348 348 15 45 
349 349 9 7 
350 350 1 6 
351 351 2 16 
352 352 2 4 
353 353 23 37 
354 354 46 36 
355 355 33 49 
356 356 22 42 
357 357 49 7 
358 358 7 20 
359 359 6 43 
360 360 32 9 
361 361 19 27 
362 362 42 10 
363 363 32 28 
364 364 26 5 
365 365 47 17 
366 366 31 31 
367 367 6 6 
368 368 19 41 
369 369 13 19 
370 370 18 11 
371 371 21 33 
372 372 3 36 
373 373 44 23 
374 374 31 30 
375 375 32 5 
376 376 18 24 
377 377 1 19 
378 378 4 36 
379 379 22 16 
380 380 6 38 
381 381 40 37 
382 382 13 40 
383 383 18 29 
384 384 24 19 
385 385 22 12 
386 386 17 33 
387 387 42 41 
388 388 27 8 
389 389 15 30 
390 390 34 4 
391 391 38 9 
392 392 14 35 
393 393 18 16 
394 394 5 18 
395 395 32 43 
396 396 40 23 
397 397 48 1 
398 398 8 17 
399 399 19 37 
#
EDGES (from-node to-node length a b):
0 332 29 0 
0 155 19 0 
0 30 29 0 
0 15 21 0 
1 363 31 0 
1 355 34 0 
1 290 50 0 
1 146 27 0 
1 97 49 0 
1 21 18 0 
2 333 20 0 
2 306 45 0 
2 233 57 0 
2 132 15 0 
2 29 27 0 
3 268 35 0 
4 350 36 0 
4 338 40 0 
4 280 5 0 
4 216 45 0 
4 176 38 0 
4 117 33 0 
4 5 1 0 
5 123 43 0 
6 352 5 0 
6 234 42 0 
6 217 63 0 
6 43 4 0 
7 381 46 0 
7 373 44 0 
7 359 31 0 
7 348 36 0 
7 337 48 0 
7 167 29 0 
7 148 31 0 
8 359 9 0 
8 285 13 0 
8 262 17 0 
8 248 8 0 
8 212 43 0 
9 392 24 0 
9 353 18 0 
9 233 34 0 
9 224 9 0 
9 73 7 0 
10 205 31 0 
10 72 30 0 
10 13 16 0 
11 318 24 0 
11 306 14 0 
11 300 43 0 
11 263 16 0 
11 144 40 0 
11 97 55 0 
11 82 33 0 
11 46 28 0 
12 361 6 0 
12 130 24 0 
12 113 28 0 
13 294 26 0 
13 229 25 0 
13 97 38 0 
13 15 17 0 
14 330 21 0 
14 216 31 0 
14 184 18 0 
15 183 19 0 
16 368 28 0 
16 112 24 0 
17 286 11 0 
17 285 15 0 
17 278 47 0 
17 276 19 0 
17 211 2 0 
17 192 32 0 
17 33 45 0 
18 212 54 0 
18 29 51 0 
19 399 30 0 
19 72 11 0 
20 266 32 0 
20 202 42 0 
20 142 49 0 
20 127 47 0 
20 100 11 0 
21 395 14 0 
21 315 22 0 
21 218 28 0 
21 136 30 0 
21 68 6 0 
22 303 13 0 
22 298 31 0 
22 278 46 0 
22 257 41 0 
22 95 31 0 
22 37 39 0 
23 353 16 0 
23 226 23 0 
24 353 23 0 
24 304 20 0 
24 135 13 0 
24 57 30 0 
25 123 28 0 
25 108 23 0 
25 87 33 0 
25 70 41 0 
25 45 44 0 
26 392 15 0 
26 328 28 0 
26 209 54 0 
26 206 43 0 
26 183 32 0 
27 337 48 0 
27 296 25 0 
28 383 30 0 
29 348 40 0 
29 279 13 0 
29 169 17 0 
29 97 26 0 
30 31 44 0 
31 395 24 0 
31 374 29 0 
31 368 13 0 
31 333 42 0 
31 283 48 0 
31 263 17 0 
31 134 41 0 
32 35 33 0 
33 363 26 0 
33 330 49 0 
33 300 37 0 
33 130 52 0 
34 304 10 0 
34 270 28 0 
34 36 31 0 
35 375 43 0 
35 338 63 0 
36 257 15 0 
36 86 48 0 
37 350 60 0 
37 222 43 0 
37 107 55 0 
38 164 20 0 
38 114 15 0 
38 71 26 0 
39 392 8 0 
39 376 17 0 
39 351 20 0 
39 337 41 0 
39 306 26 0 
40 349 50 0 
40 318 46 0 
40 197 32 0 
41 362 11 0 
41 311 23 0 
42 338 26 0 
42 282 13 0 
42 243 35 0 
42 139 17 0 
43 345 26 0 
43 297 7 0 
43 214 34 0 
43 212 38 0 
44 259 35 0 
46 384 9 0 
46 260 38 0 
46 112 25 0 
46 66 33 0 
47 382 22 0 
47 259 26 0 
47 48 33 0 
48 253 41 0 
48 205 22 0 
48 99 31 0 
49 399 33 0 
49 236 14 0 
49 234 18 0 
49 122 35 0 
49 74 16 0 
49 68 36 0 
50 265 31 0 
50 264 22 0 
50 238 33 0 
50 225 17 0 
50 160 50 0 
51 287 13 0 
51 189 13 0 
51 133 26 0 
52 354 21 0 
52 348 25 0 
52 156 24 0 
52 85 24 0 
52 55 25 0 
53 117 35 0 
53 73 12 0 
54 284 32 0 
54 235 28 0 
54 73 14 0 
55 290 40 0 
55 218 51 0 
55 94 23 0 
55 84 9 0 
56 214 1 0 
56 96 17 0 
57 375 42 0 
57 322 11 0 
57 256 2 0 
57 204 31 0 
58 304 32 0 
58 263 33 0 
58 239 49 0 
58 110 9 0 
59 314 34 0 
59 108 32 0 
60 338 39 0 
60 215 11 0 
60 150 21 0 
60 140 34 0 
61 339 35 0 
62 358 13 0 
62 256 8 0 
62 225 34 0 
62 205 19 0 
63 196 42 0 
64 362 21 0 
64 334 13 0 
64 285 34 0 
64 211 23 0 
64 197 11 0 
64 159 1 0 
64 146 24 0 
65 319 48 0 
67 260 49 0 
67 180 42 0 
68 304 8 0 
68 189 6 0 
68 182 32 0 
68 134 34 0 
68 83 26 0 
69 272 32 0 
69 251 16 0 
69 181 16 0 
70 276 35 0 
70 227 30 0 
71 227 5 0 
71 159 14 0 
71 103 46 0 
72 395 19 0 
72 386 18 0 
72 316 21 0 
72 303 14 0 
72 169 2 0 
72 141 29 0 
72 116 19 0 
73 305 26 0 
73 242 25 0 
73 233 29 0 
73 223 19 0 
74 391 24 0 
74 222 8 0 
74 162 20 0 
75 398 37 0 
75 342 44 0 
75 235 36 0 
75 131 36 0 
76 199 24 0 
76 151 22 0 
77 201 26 0 
78 342 4 0 
78 244 45 0 
79 114 2 0 
80 387 27 0 
80 253 22 0 
80 156 22 0 
81 262 42 0 
81 246 33 0 
81 173 12 0 
81 149 45 0 
82 373 12 0 
82 361 15 0 
82 220 32 0 
83 370 29 0 
83 240 14 0 
83 144 2 0 
83 135 36 0 
83 90 23 0 
84 294 2 0 
84 236 13 0 
84 186 33 0 
84 122 46 0 
84 103 57 0 
85 382 34 0 
85 295 38 0 
85 283 41 0 
85 268 16 0 
85 211 26 0 
85 193 9 0 
85 174 52 0 
86 381 38 0 
86 343 42 0 
87 267 39 0 
88 220 56 0 
88 127 57 0 
89 359 23 0 
89 281 24 0 
89 235 16 0 
90 367 23 0 
90 274 37 0 
90 189 38 0 
91 335 17 0 
91 305 34 0 
91 277 13 0 
91 236 11 0 
91 194 13 0 
92 342 53 0 
92 276 38 0 
92 254 22 0 
92 185 48 0 
92 119 23 0 
93 243 12 0 
93 237 22 0 
94 384 12 0 
94 288 21 0 
94 204 12 0 
95 122 50 0 
96 390 23 0 
96 347 29 0 
96 258 15 0 
96 180 40 0 
96 103 17 0 
97 321 39 0 
97 271 14 0 
97 263 49 0 
98 379 8 0 
98 227 12 0 
98 109 31 0 
99 332 13 0 
99 302 25 0 
99 204 30 0 
99 191 18 0 
99 142 13 0 
99 110 34 0 
100 324 38 0 
100 155 25 0 
101 332 23 0 
101 326 13 0 
101 232 13 0 
102 315 16 0 
102 108 34 0 
104 386 30 0 
104 345 37 0 
104 287 40 0 
104 139 25 0 
104 120 27 0 
105 390 29 0 
105 362 33 0 
105 248 20 0 
105 237 20 0 
106 256 50 0 
106 228 15 0 
106 151 14 0 
107 235 7 0 
108 375 40 0 
109 114 51 0 
110 240 43 0 
111 212 25 0 
111 134 52 0 
112 264 28 0 
112 145 21 0 
113 375 36 0 
113 362 30 0 
113 330 21 0 
113 248 17 0 
114 211 32 0 
114 166 26 0 
115 149 50 0 
116 364 4 0 
116 271 37 0 
116 269 31 0 
116 170 30 0 
116 125 11 0 
117 310 41 0 
117 294 4 0 
117 203 29 0 
118 355 48 0 
118 342 10 0 
119 388 30 0 
119 365 31 0 
120 345 24 0 
120 303 11 0 
120 250 40 0 
120 222 30 0 
121 344 33 0 
121 239 27 0 
122 398 35 0 
122 345 27 0 
122 317 31 0 
122 176 28 0 
122 168 30 0 
123 363 14 0 
123 327 20 0 
123 307 38 0 
123 303 23 0 
123 299 17 0 
123 262 24 0 
123 143 23 0 
124 279 40 0 
124 265 16 0 
126 378 43 0 
126 377 41 0 
126 268 10 0 
126 179 3 0 
126 131 39 0 
127 393 33 0 
127 252 42 0 
127 232 17 0 
128 327 21 0 
128 264 19 0 
128 239 19 0 
128 151 22 0 
129 252 8 0 
129 212 34 0 
129 148 22 0 
130 397 58 0 
130 360 41 0 
130 319 51 0 
130 220 7 0 
130 203 9 0 
130 180 29 0 
132 255 28 0 
133 391 17 0 
133 341 11 0 
133 253 34 0 
133 243 8 0 
133 215 18 0 
134 359 34 0 
134 350 3 0 
134 337 48 0 
134 202 42 0 
134 189 40 0 
135 179 31 0 
137 316 40 0 
137 208 41 0 
137 176 14 0 
138 216 25 0 
138 165 4 0 
139 322 19 0 
139 279 40 0 
139 242 36 0 
140 334 14 0 
140 295 30 0 
140 290 41 0 
140 176 26 0 
141 279 48 0 
142 291 33 0 
142 231 14 0 
142 163 10 0 
143 373 24 0 
143 230 35 0 
143 197 7 0 
144 326 25 0 
144 257 11 0 
145 330 35 0 
145 325 25 0 
146 252 44 0 
147 258 38 0 
147 177 30 0 
148 393 13 0 
148 293 17 0 
148 210 20 0 
149 285 9 0 
150 385 6 0 
150 363 24 0 
150 274 31 0 
151 364 5 0 
151 359 47 0 
151 335 19 0 
151 262 37 0 
151 240 42 0 
152 198 4 0 
153 290 31 0 
153 195 13 0 
154 372 20 0 
155 308 30 0 
155 250 35 0 
155 172 28 0 
156 388 20 0 
156 350 46 0 
156 336 54 0 
157 398 19 0 
158 376 16 0 
158 358 28 0 
159 331 26 0 
160 180 18 0 
161 310 32 0 
161 303 4 0 
161 260 41 0 
161 239 25 0 
161 173 33 0 
162 390 40 0 
162 378 5 0 
162 351 15 0 
162 209 42 0 
163 370 28 0 
163 366 4 0 
164 282 16 0 
165 355 46 0 
165 339 13 0 
166 347 4 0 
168 397 40 0 
168 348 26 0 
168 281 26 0 
168 261 7 0 
170 397 45 0 
170 385 21 0 
170 216 31 0 
171 282 35 0 
172 185 25 0 
173 308 31 0 
173 240 42 0 
174 276 20 0 
175 212 26 0 
176 341 25 0 
177 234 31 0 
178 270 25 0 
178 265 13 0 
179 361 28 0 
179 343 4 0 
179 226 38 0 
179 183 20 0 
180 376 19 0 
180 333 45 0 
180 329 41 0 
180 223 34 0 
181 397 58 0 
181 350 43 0 
181 199 41 0 
182 354 44 0 
182 324 33 0 
182 288 16 0 
182 214 28 0 
182 186 23 0 
183 347 17 0 
184 397 25 0 
184 190 33 0 
185 271 45 0 
186 325 18 0 
186 318 13 0 
187 394 25 0 
187 337 45 0 
187 295 8 0 
188 393 19 0 
188 201 18 0 
189 316 34 0 
190 380 8 0 
190 371 21 0 
190 266 5 0 
190 265 16 0 
191 223 53 0 
191 212 57 0 
192 279 45 0 
193 240 11 0 
195 223 39 0 
195 222 22 0 
196 346 44 0 
196 320 31 0 
197 350 25 0 
197 349 21 0 
197 246 15 0 
198 362 29 0 
198 296 21 0 
198 273 16 0 
198 226 43 0 
199 372 34 0 
199 304 28 0 
199 252 11 0 
200 374 17 0 
201 285 35 0 
202 324 16 0 
203 298 30 0 
203 294 32 0 
203 258 33 0 
203 253 33 0 
204 396 30 0 
205 324 29 0 
205 220 23 0 
206 328 50 0 
207 287 21 0 
207 283 14 0 
207 282 18 0 
208 288 23 0 
209 274 48 0 
211 215 37 0 
212 276 36 0 
213 385 26 0 
213 241 17 0 
214 265 30 0 
214 228 10 0 
215 377 35 0 
215 320 26 0 
216 302 17 0 
218 302 33 0 
219 393 16 0 
219 327 13 0 
220 384 32 0 
220 349 39 0 
220 252 41 0 
221 366 33 0 
221 336 6 0 
221 315 42 0 
221 250 54 0 
221 226 43 0 
222 232 30 0 
223 392 37 0 
223 299 9 0 
223 269 27 0 
224 238 36 0 
225 345 36 0 
225 322 41 0 
225 282 30 0 
225 274 40 0 
227 344 19 0 
229 326 16 0 
229 262 26 0 
230 260 40 0 
231 370 35 0 
232 235 35 0 
233 369 14 0 
234 362 5 0 
234 254 42 0 
235 325 26 0 
236 270 43 0 
237 379 12 0 
237 261 18 0 
238 399 18 0 
239 365 23 0 
239 269 12 0 
239 262 16 0 
241 383 15 0 
241 335 33 0 
241 271 26 0 
242 340 34 0 
242 281 18 0 
243 366 5 0 
243 349 37 0 
243 261 34 0 
244 397 14 0 
244 284 31 0 
244 279 21 0 
244 275 15 0 
244 268 12 0 
245 345 39 0 
247 356 29 0 
247 263 30 0 
249 365 48 0 
249 266 8 0 
249 258 46 0 
250 338 30 0 
250 332 38 0 
250 305 50 0 
251 294 18 0 
252 306 12 0 
252 290 38 0 
253 377 20 0 
253 374 34 0 
254 277 38 0 
255 388 27 0 
255 371 8 0 
256 378 3 0 
256 277 41 0 
257 397 20 0 
257 348 42 0 
257 335 12 0 
258 327 37 0 
259 339 5 0 
259 282 8 0 
259 261 31 0 
260 356 46 0 
261 385 16 0 
261 333 42 0 
261 327 16 0 
261 271 41 0 
262 392 19 0 
264 344 28 0 
265 345 10 0 
265 284 42 0 
266 357 51 0 
266 315 35 0 
266 285 17 0 
268 327 24 0 
269 311 33 0 
272 327 14 0 
273 389 9 0 
274 334 32 0 
274 289 12 0 
276 344 27 0 
277 389 28 0 
279 297 56 0 
280 369 20 0 
280 344 42 0 
281 383 21 0 
282 377 32 0 
282 366 19 0 
283 333 31 0 
283 312 9 0 
285 396 43 0 
285 336 4 0 
288 352 23 0 
288 344 26 0 
289 395 24 0 
289 372 11 0 
290 354 26 0 
290 303 32 0 
291 371 23 0 
292 393 10 0 
293 398 7 0 
293 366 20 0 
293 342 16 0 
293 303 13 0 
294 377 14 0 
295 349 30 0 
295 310 42 0 
297 376 24 0 
297 301 7 0 
299 304 34 0 
300 399 21 0 
302 388 11 0 
303 366 9 0 
304 370 23 0 
304 308 25 0 
306 311 5 0 
308 398 41 0 
308 312 29 0 
309 364 21 0 
310 384 19 0 
311 365 35 0 
313 390 21 0 
313 330 34 0 
314 383 23 0 
314 322 35 0 
317 334 30 0 
318 336 45 0 
321 385 37 0 
323 360 3 0 
324 349 36 0 
326 343 31 0 
328 356 34 0 
328 330 38 0 
339 365 16 0 
339 352 32 0 
340 392 20 0 
340 377 12 0 
346 376 23 0 
346 359 6 0 
349 370 10 0 
351 359 27 0 
356 398 29 0 
357 395 40 0 
360 371 26 0 
362 385 20 0 
364 386 29 0 
366 369 22 0 
367 384 22 0 
368 386 8 0 
371 386 4 0 
379 385 4 0 
386 393 17 0 
386 388 27 0 
