#GRAPH (#nodes #edges id uu vv ww xx yy zz):
#400 1540 geo(0,{400,50,3,0.009,0.000,0.000}) 50 
#
VERTICES (index name u v w x y z):
0 0 5 2 
1 1 26 22 
2 2 46 41 
3 3 25 28 
4 4 4 14 
5 5 37 25 
6 6 17 4 
7 7 20 24 
8 8 40 40 
9 9 8 5 
10 10 18 17 
11 11 31 20 
12 12 42 49 
13 13 41 5 
14 14 33 44 
15 15 38 16 
16 16 13 3 
17 17 20 23 
18 18 47 32 
19 19 39 49 
20 20 43 9 
21 21 11 46 
22 22 8 45 
23 23 48 41 
24 24 0 1 
25 25 34 42 
26 26 41 29 
27 27 18 13 
28 28 44 10 
29 29 39 37 
30 30 43 33 
31 31 33 43 
32 32 37 39 
33 33 46 11 
34 34 47 7 
35 35 31 11 
36 36 18 22 
37 37 26 14 
38 38 40 9 
39 39 17 32 
40 40 8 14 
41 41 31 9 
42 42 46 40 
43 43 45 9 
44 44 27 48 
45 45 27 6 
46 46 7 11 
47 47 43 29 
48 48 22 36 
49 49 29 4 
50 50 25 22 
51 51 1 8 
52 52 41 27 
53 53 24 24 
54 54 46 46 
55 55 21 5 
56 56 45 16 
57 57 10 36 
58 58 22 25 
59 59 26 20 
60 60 30 6 
61 61 48 23 
62 62 29 31 
63 63 19 37 
64 64 32 6 
65 65 7 24 
66 66 18 27 
67 67 42 37 
68 68 13 21 
69 69 27 7 
70 70 11 6 
71 71 15 15 
72 72 7 40 
73 73 11 22 
74 74 28 0 
75 75 40 31 
76 76 38 18 
77 77 7 16 
78 78 41 40 
79 79 38 19 
80 80 49 10 
81 81 32 37 
82 82 27 37 
83 83 1 23 
84 84 14 16 
85 85 0 41 
86 86 26 23 
87 87 21 28 
88 88 7 49 
89 89 36 0 
90 90 38 23 
91 91 35 8 
92 92 4 39 
93 93 2 20 
94 94 38 9 
95 95 11 10 
96 96 20 39 
97 97 30 25 
98 98 22 20 
99 99 49 30 
100 100 18 32 
101 101 37 8 
102 102 21 1 
103 103 35 43 
104 104 19 0 
105 105 45 32 
106 106 6 8 
107 107 45 19 
108 108 46 7 
109 109 7 3 
110 110 0 37 
111 111 46 32 
112 112 41 1 
113 113 27 28 
114 114 46 43 
115 115 12 26 
116 116 7 32 
117 117 24 19 
118 118 15 40 
119 119 46 25 
120 120 15 7 
121 121 7 45 
122 122 41 37 
123 123 27 39 
124 124 37 4 
125 125 20 8 
126 126 4 43 
127 127 9 7 
128 128 1 22 
129 129 15 33 
130 130 3 28 
131 131 21 11 
132 132 44 4 
133 133 0 49 
134 134 32 42 
135 135 28 32 
136 136 12 17 
137 137 43 38 
138 138 39 11 
139 139 4 10 
140 140 20 29 
141 141 46 35 
142 142 10 7 
143 143 32 5 
144 144 24 1 
145 145 27 23 
146 146 39 33 
147 147 42 6 
148 148 43 28 
149 149 47 15 
150 150 6 15 
151 151 47 27 
152 152 16 48 
153 153 43 37 
154 154 35 10 
155 155 14 43 
156 156 4 12 
157 157 28 24 
158 158 8 35 
159 159 24 20 
160 160 13 40 
161 161 9 24 
162 162 16 43 
163 163 28 37 
164 164 11 41 
165 165 7 29 
166 166 7 37 
167 167 47 3 
168 168 15 6 
169 169 41 45 
170 170 18 26 
171 171 28 36 
172 172 23 38 
173 173 49 0 
174 174 8 0 
175 175 0 13 
176 176 3 39 
177 177 22 7 
178 178 38 5 
179 179 42 31 
180 180 14 29 
181 181 33 45 
182 182 23 39 
183 183 47 44 
184 184 22 34 
185 185 22 0 
186 186 21 10 
187 187 44 2 
188 188 17 40 
189 189 2 1 
190 190 37 28 
191 191 4 28 
192 192 8 48 
193 193 9 14 
194 194 34 34 
195 195 25 14 
196 196 13 38 
197 197 17 47 
198 198 28 12 
199 199 26 38 
200 200 2 27 
201 201 23 27 
202 202 27 49 
203 203 44 1 
204 204 30 28 
205 205 28 15 
206 206 19 41 
207 207 49 41 
208 208 13 42 
209 209 20 37 
210 210 10 10 
211 211 12 25 
212 212 26 19 
213 213 12 45 
214 214 45 33 
215 215 16 19 
216 216 1 16 
217 217 0 40 
218 218 2 6 
219 219 45 31 
220 220 19 30 
221 221 30 34 
222 222 48 34 
223 223 14 33 
224 224 37 40 
225 225 33 19 
226 226 10 37 
227 227 45 43 
228 228 12 42 
229 229 30 19 
230 230 17 14 
231 231 31 33 
232 232 41 43 
233 233 24 31 
234 234 32 3 
235 235 25 11 
236 236 48 2 
237 237 6 14 
238 238 15 22 
239 239 26 31 
240 240 8 25 
241 241 37 33 
242 242 41 7 
243 243 5 47 
244 244 0 18 
245 245 16 39 
246 246 3 7 
247 247 33 49 
248 248 11 48 
249 249 28 21 
250 250 7 35 
251 251 11 24 
252 252 29 15 
253 253 47 45 
254 254 1 46 
255 255 29 1 
256 256 14 41 
257 257 39 45 
258 258 37 37 
259 259 40 1 
260 260 30 42 
261 261 3 18 
262 262 6 26 
263 263 48 40 
264 264 26 28 
265 265 46 1 
266 266 7 22 
267 267 33 16 
268 268 36 33 
269 269 9 44 
270 270 6 37 
271 271 39 31 
272 272 21 33 
273 273 8 30 
274 274 46 30 
275 275 14 25 
276 276 35 7 
277 277 0 23 
278 278 19 20 
279 279 36 4 
280 280 12 29 
281 281 48 22 
282 282 40 15 
283 283 46 21 
284 284 44 33 
285 285 6 10 
286 286 25 45 
287 287 36 35 
288 288 45 24 
289 289 35 27 
290 290 0 15 
291 291 7 23 
292 292 19 45 
293 293 49 16 
294 294 45 20 
295 295 42 13 
296 296 38 13 
297 297 43 2 
298 298 41 17 
299 299 1 42 
300 300 15 8 
301 301 47 39 
302 302 24 35 
303 303 45 38 
304 304 44 30 
305 305 34 26 
306 306 26 27 
307 307 36 24 
308 308 37 0 
309 309 30 23 
310 310 23 3 
311 311 30 31 
312 312 28 10 
313 313 20 32 
314 314 37 44 
315 315 9 25 
316 316 8 46 
317 317 41 14 
318 318 39 17 
319 319 33 20 
320 320 46 6 
321 321 28 25 
322 322 15 20 
323 323 13 5 
324 324 5 33 
325 325 40 4 
326 326 4 30 
327 327 13 23 
328 328 4 45 
329 329 35 30 
330 330 31 21 
331 331 11 39 
332 332 29 9 
333 333 13 4 
334 334 40 28 
335 335 17 39 
336 336 9 41 
337 337 4 48 
338 338 20 36 
339 339 23 5 
340 340 45 21 
341 341 6 48 
342 342 48 27 
343 343 9 31 
344 344 8 2 
345 345 49 38 
346 346 34 39 
347 347 16 5 
348 348 1 27 
349 349 24 21 
350 350 1 20 
351 351 8 39 
352 352 19 6 
353 353 11 13 
354 354 46 20 
355 355 47 14 
356 356 13 8 
357 357 26 42 
358 358 13 1 
359 359 6 36 
360 360 38 11 
361 361 30 35 
362 362 28 44 
363 363 13 35 
364 364 5 48 
365 365 44 5 
366 366 11 33 
367 367 32 21 
368 368 7 25 
369 369 24 12 
370 370 3 43 
371 371 18 33 
372 372 8 29 
373 373 42 8 
374 374 14 8 
375 375 19 31 
376 376 31 4 
377 377 18 25 
378 378 0 0 
379 379 0 6 
380 380 44 13 
381 381 44 34 
382 382 29 33 
383 383 30 47 
384 384 32 0 
385 385 11 36 
386 386 46 4 
387 387 17 23 
388 388 21 7 
389 389 13 2 
390 390 18 45 
391 391 12 7 
392 392 14 28 
393 393 13 10 
394 394 22 43 
395 395 10 16 
396 396 25 0 
397 397 15 24 
398 398 18 5 
399 399 21 4 
#
EDGES (from-node to-node length a b):
0 322 21 0 
0 258 47 0 
0 18 52 0 
1 351 25 0 
1 92 28 0 
1 56 20 0 
1 10 9 0 
2 373 33 0 
2 281 19 0 
3 236 35 0 
3 174 33 0 
3 75 15 0 
4 345 51 0 
4 249 25 0 
4 121 31 0 
5 280 25 0 
5 229 9 0 
5 192 37 0 
5 66 19 0 
5 53 13 0 
6 198 14 0 
7 367 12 0 
7 213 22 0 
8 374 41 0 
8 358 47 0 
8 271 9 0 
8 140 23 0 
8 70 45 0 
9 323 5 0 
9 200 23 0 
9 101 29 0 
10 337 34 0 
10 317 23 0 
10 231 21 0 
10 197 30 0 
10 147 26 0 
11 249 3 0 
11 205 6 0 
12 391 52 0 
12 275 37 0 
12 246 57 0 
12 117 35 0 
13 394 42 0 
13 289 23 0 
13 96 40 0 
14 208 20 0 
14 49 40 0 
15 55 20 0 
16 340 37 0 
16 303 47 0 
16 264 28 0 
16 185 9 0 
17 368 13 0 
17 309 10 0 
17 250 18 0 
17 86 6 0 
17 68 7 0 
18 120 41 0 
19 245 25 0 
19 189 61 0 
19 178 44 0 
19 158 34 0 
20 320 4 0 
20 319 15 0 
20 167 7 0 
20 121 51 0 
21 279 49 0 
21 265 57 0 
21 96 11 0 
22 168 40 0 
22 167 57 0 
22 114 38 0 
22 94 47 0 
22 92 7 0 
23 305 21 0 
23 291 45 0 
23 157 26 0 
23 149 26 0 
23 114 3 0 
23 30 9 0 
24 28 45 0 
25 328 30 0 
25 273 29 0 
25 252 27 0 
26 118 28 0 
27 322 8 0 
28 337 55 0 
28 170 31 0 
28 59 21 0 
29 329 8 0 
29 115 29 0 
30 379 51 0 
30 220 24 0 
30 207 10 0 
30 103 13 0 
30 31 14 0 
31 376 39 0 
31 303 13 0 
31 211 28 0 
31 136 33 0 
31 110 34 0 
32 392 25 0 
32 173 41 0 
33 385 43 0 
33 364 55 0 
33 186 25 0 
33 138 7 0 
33 120 31 0 
33 88 54 0 
34 302 36 0 
34 182 40 0 
34 108 1 0 
35 348 34 0 
35 297 15 0 
36 188 18 0 
36 122 27 0 
36 102 21 0 
36 78 29 0 
37 211 18 0 
37 90 15 0 
37 43 20 0 
38 315 35 0 
38 309 17 0 
38 289 19 0 
38 224 31 0 
38 149 9 0 
39 316 17 0 
39 315 11 0 
39 98 13 0 
40 395 3 0 
40 369 16 0 
40 309 24 0 
40 57 22 0 
41 117 12 0 
41 43 14 0 
42 396 45 0 
42 387 34 0 
42 385 35 0 
42 356 46 0 
42 67 5 0 
42 47 11 0 
43 308 12 0 
43 284 24 0 
43 229 18 0 
43 181 38 0 
44 272 16 0 
44 169 14 0 
44 145 25 0 
45 386 19 0 
45 378 28 0 
45 305 21 0 
45 298 18 0 
45 154 9 0 
45 68 21 0 
46 371 25 0 
46 364 37 0 
46 217 30 0 
47 167 26 0 
47 151 4 0 
47 92 40 0 
48 383 14 0 
48 311 9 0 
48 296 28 0 
48 222 26 0 
49 378 29 0 
49 315 29 0 
50 242 22 0 
50 241 16 0 
50 235 11 0 
50 175 27 0 
51 176 31 0 
51 60 29 0 
51 57 29 0 
52 396 31 0 
52 370 41 0 
52 333 36 0 
52 198 20 0 
53 384 25 0 
53 365 28 0 
53 259 28 0 
54 398 50 0 
54 286 21 0 
54 265 45 0 
54 158 40 0 
55 384 12 0 
55 239 26 0 
55 88 46 0 
56 391 34 0 
56 381 18 0 
56 379 46 0 
56 82 28 0 
57 308 45 0 
57 305 26 0 
57 232 32 0 
57 145 21 0 
58 271 18 0 
59 390 26 0 
59 374 17 0 
59 313 13 0 
59 244 26 0 
59 161 17 0 
59 138 16 0 
59 125 13 0 
60 390 41 0 
60 208 40 0 
60 153 34 0 
60 112 12 0 
61 297 22 0 
62 287 8 0 
63 334 23 0 
63 291 18 0 
63 250 12 0 
63 234 36 0 
63 106 32 0 
64 306 22 0 
64 286 40 0 
64 190 23 0 
64 167 15 0 
64 158 38 0 
65 312 25 0 
65 174 24 0 
66 281 30 0 
67 318 20 0 
67 188 25 0 
67 145 21 0 
68 327 2 0 
68 73 2 0 
69 172 31 0 
70 389 4 0 
70 323 2 0 
70 303 47 0 
70 298 32 0 
70 157 25 0 
70 120 4 0 
70 93 17 0 
71 296 23 0 
71 265 34 0 
71 260 31 0 
71 153 36 0 
72 351 1 0 
72 226 4 0 
72 102 41 0 
73 344 20 0 
73 117 13 0 
74 251 29 0 
74 223 36 0 
74 186 12 0 
74 184 35 0 
75 290 43 0 
75 223 26 0 
75 158 32 0 
75 137 8 0 
76 362 28 0 
76 247 31 0 
77 113 23 0 
78 289 14 0 
78 284 8 0 
79 268 14 0 
79 257 26 0 
79 178 14 0 
79 141 18 0 
80 397 37 0 
80 368 45 0 
80 322 35 0 
80 271 23 0 
81 294 21 0 
81 183 17 0 
82 343 19 0 
82 90 18 0 
83 386 49 0 
83 382 30 0 
83 360 39 0 
83 349 23 0 
84 343 16 0 
84 338 21 0 
85 288 48 0 
85 283 50 0 
85 172 23 0 
85 148 45 0 
85 102 45 0 
86 330 5 0 
86 286 22 0 
86 165 20 0 
86 91 17 0 
87 322 10 0 
87 211 9 0 
88 283 48 0 
88 159 34 0 
89 323 24 0 
89 239 33 0 
89 198 14 0 
89 185 14 0 
90 396 26 0 
90 223 26 0 
90 153 15 0 
90 127 33 0 
90 116 32 0 
91 327 27 0 
91 287 27 0 
91 215 22 0 
91 162 40 0 
91 123 32 0 
92 356 32 0 
92 339 39 0 
92 305 33 0 
94 361 27 0 
94 257 36 0 
95 382 29 0 
95 325 30 0 
95 290 12 0 
95 203 34 0 
96 275 15 0 
96 159 19 0 
96 102 38 0 
97 371 14 0 
97 368 23 0 
97 313 12 0 
97 205 10 0 
98 139 21 0 
99 214 5 0 
99 210 44 0 
99 141 6 0 
99 138 21 0 
100 356 25 0 
100 342 30 0 
100 216 23 0 
100 167 41 0 
101 325 5 0 
101 311 24 0 
101 173 14 0 
102 192 49 0 
103 352 40 0 
103 304 16 0 
103 301 13 0 
103 289 16 0 
103 204 16 0 
103 161 32 0 
104 252 18 0 
105 319 17 0 
105 278 29 0 
105 200 43 0 
105 135 17 0 
106 387 19 0 
106 296 32 0 
106 243 39 0 
106 141 48 0 
106 123 37 0 
107 174 42 0 
107 128 44 0 
108 382 31 0 
108 364 58 0 
108 300 31 0 
108 291 42 0 
109 300 9 0 
109 255 22 0 
110 351 8 0 
110 301 47 0 
110 275 18 0 
110 247 35 0 
111 159 25 0 
111 122 7 0 
112 288 23 0 
112 239 34 0 
113 372 19 0 
113 297 31 0 
113 245 16 0 
113 186 19 0 
113 170 9 0 
114 360 33 0 
115 177 21 0 
116 371 11 0 
117 357 23 0 
117 346 22 0 
117 255 19 0 
118 328 12 0 
119 396 33 0 
119 374 36 0 
119 327 33 0 
119 250 40 0 
120 303 43 0 
120 142 5 0 
121 356 37 0 
122 215 31 0 
124 315 35 0 
124 227 40 0 
124 222 32 0 
124 154 6 0 
125 387 15 0 
125 374 6 0 
126 321 30 0 
126 231 29 0 
126 218 37 0 
126 147 53 0 
126 136 27 0 
127 345 51 0 
127 283 40 0 
127 137 46 0 
128 335 23 0 
128 137 45 0 
129 293 38 0 
130 343 7 0 
130 271 36 0 
130 250 8 0 
130 143 37 0 
131 373 21 0 
131 164 32 0 
132 399 23 0 
132 260 40 0 
132 246 41 0 
132 189 42 0 
132 139 40 0 
133 315 26 0 
133 299 7 0 
133 278 35 0 
134 170 21 0 
135 236 36 0 
137 315 36 0 
137 277 46 0 
137 181 12 0 
138 297 10 0 
138 273 36 0 
138 259 10 0 
139 152 40 0 
141 286 23 0 
141 205 27 0 
143 393 20 0 
143 376 1 0 
143 216 33 0 
144 394 42 0 
144 365 20 0 
144 353 18 0 
144 297 19 0 
146 234 31 0 
146 181 13 0 
147 333 29 0 
147 272 34 0 
147 220 33 0 
148 310 32 0 
148 267 16 0 
148 232 15 0 
148 186 28 0 
149 260 32 0 
149 237 41 0 
150 351 24 0 
150 256 27 0 
150 253 51 0 
150 229 24 0 
150 174 15 0 
152 270 15 0 
152 235 38 0 
152 224 22 0 
152 167 55 0 
153 305 14 0 
153 280 32 0 
153 231 13 0 
154 355 13 0 
154 298 9 0 
155 399 40 0 
155 332 37 0 
156 223 23 0 
156 177 19 0 
157 348 27 0 
158 362 22 0 
158 343 4 0 
158 219 37 0 
159 305 12 0 
159 254 35 0 
159 233 11 0 
160 398 35 0 
160 181 21 0 
161 381 36 0 
161 378 26 0 
161 372 5 0 
161 307 27 0 
161 211 3 0 
161 184 16 0 
162 396 44 0 
162 299 15 0 
162 275 18 0 
162 166 11 0 
163 311 6 0 
163 308 38 0 
164 365 49 0 
164 172 12 0 
165 383 29 0 
166 338 13 0 
166 318 38 0 
167 237 42 0 
170 332 20 0 
170 317 26 0 
170 275 4 0 
170 216 20 0 
171 292 13 0 
171 248 21 0 
172 394 5 0 
172 230 25 0 
172 184 4 0 
176 388 37 0 
177 371 26 0 
178 386 8 0 
178 322 27 0 
179 338 23 0 
180 262 9 0 
180 239 12 0 
181 357 8 0 
181 332 36 0 
181 244 43 0 
181 233 17 0 
181 184 16 0 
182 368 21 0 
182 190 18 0 
183 351 39 0 
183 332 39 0 
183 248 36 0 
183 245 31 0 
183 234 44 0 
184 301 25 0 
184 198 23 0 
185 328 48 0 
186 377 15 0 
186 353 10 0 
186 298 21 0 
187 348 50 0 
187 332 17 0 
187 281 20 0 
187 216 45 0 
188 291 20 0 
188 273 13 0 
189 205 30 0 
190 388 26 0 
190 353 30 0 
190 348 36 0 
191 343 6 0 
191 284 40 0 
192 340 46 0 
192 293 52 0 
193 243 33 0 
194 393 32 0 
195 258 26 0 
196 333 34 0 
196 294 37 0 
196 280 9 0 
196 252 28 0 
197 364 12 0 
197 361 18 0 
197 256 7 0 
197 240 24 0 
198 282 12 0 
198 224 29 0 
199 366 16 0 
199 306 11 0 
199 286 7 0 
199 280 17 0 
199 262 23 0 
199 215 21 0 
199 207 23 0 
200 383 34 0 
200 284 42 0 
201 351 19 0 
201 328 26 0 
201 271 16 0 
201 216 25 0 
202 292 9 0 
203 205 21 0 
204 370 31 0 
204 350 30 0 
204 299 32 0 
204 251 19 0 
205 379 29 0 
205 352 13 0 
205 310 13 0 
206 363 8 0 
206 341 15 0 
206 306 16 0 
206 248 11 0 
207 327 40 0 
207 326 46 0 
207 267 30 0 
207 240 44 0 
208 332 37 0 
209 397 14 0 
209 314 18 0 
209 297 42 0 
210 319 25 0 
210 212 18 0 
211 272 12 0 
212 356 17 0 
212 350 25 0 
213 350 27 0 
213 313 15 0 
213 245 7 0 
213 222 38 0 
214 381 1 0 
214 361 15 0 
214 332 29 0 
214 225 18 0 
215 305 19 0 
215 304 30 0 
215 229 14 0 
216 321 28 0 
216 270 22 0 
217 376 48 0 
217 373 53 0 
217 348 13 0 
218 281 49 0 
218 244 12 0 
218 236 46 0 
219 363 32 0 
219 292 30 0 
219 241 8 0 
219 228 35 0 
220 237 21 0 
221 308 35 0 
221 257 14 0 
222 348 48 0 
222 274 4 0 
222 228 37 0 
223 330 21 0 
223 292 13 0 
225 358 27 0 
227 377 32 0 
227 367 26 0 
227 361 17 0 
227 329 16 0 
228 391 35 0 
228 363 7 0 
228 272 13 0 
229 381 21 0 
231 272 10 0 
233 397 11 0 
234 345 39 0 
234 269 47 0 
235 361 25 0 
235 344 19 0 
235 343 26 0 
235 309 13 0 
237 395 4 0 
238 327 2 0 
239 391 28 0 
239 377 10 0 
239 324 21 0 
240 339 25 0 
240 269 19 0 
243 261 29 0 
243 253 42 0 
244 343 16 0 
244 341 31 0 
245 375 9 0 
245 325 42 0 
245 277 23 0 
245 253 32 0 
247 286 9 0 
248 294 44 0 
248 257 28 0 
250 285 25 0 
252 318 10 0 
253 323 52 0 
253 273 42 0 
254 357 25 0 
254 356 40 0 
254 257 38 0 
255 366 37 0 
255 260 41 0 
256 323 36 0 
258 366 26 0 
258 339 35 0 
259 355 15 0 
260 333 42 0 
263 396 46 0 
263 283 19 0 
264 382 6 0 
264 358 30 0 
264 320 30 0 
264 315 17 0 
266 375 15 0 
268 356 34 0 
269 362 19 0 
269 361 23 0 
269 271 33 0 
270 355 47 0 
270 344 35 0 
272 357 10 0 
273 329 27 0 
274 333 42 0 
274 324 41 0 
276 370 48 0 
276 332 6 0 
277 344 22 0 
278 310 17 0 
279 280 35 0 
281 368 41 0 
281 327 35 0 
281 286 33 0 
283 291 39 0 
283 285 41 0 
284 363 31 0 
285 383 44 0 
285 363 26 0 
285 358 11 0 
286 326 26 0 
286 314 12 0 
290 397 17 0 
291 373 38 0 
292 337 15 0 
293 330 19 0 
294 360 11 0 
294 333 36 0 
294 332 19 0 
295 396 21 0 
296 393 25 0 
297 380 11 0 
297 341 59 0 
299 384 52 0 
300 384 19 0 
300 359 29 0 
300 328 39 0 
301 397 35 0 
301 316 40 0 
302 303 21 0 
303 344 52 0 
304 357 22 0 
306 346 14 0 
306 311 6 0 
307 321 8 0 
308 363 42 0 
311 391 30 0 
311 382 2 0 
311 346 9 0 
312 336 36 0 
312 318 13 0 
317 394 35 0 
317 367 11 0 
321 378 38 0 
321 377 10 0 
321 341 32 0 
323 370 39 0 
323 369 13 0 
324 359 3 0 
325 372 41 0 
326 345 46 0 
328 385 11 0 
330 359 29 0 
330 346 18 0 
331 343 8 0 
333 366 29 0 
334 384 29 0 
340 388 28 0 
341 395 32 0 
342 386 23 0 
343 350 14 0 
344 386 38 0 
347 385 31 0 
348 359 10 0 
349 389 22 0 
350 374 18 0 
350 357 33 0 
352 392 23 0 
352 363 30 0 
353 354 36 0 
355 371 35 0 
358 371 32 0 
358 359 36 0 
361 373 30 0 
361 370 28 0 
362 370 25 0 
363 385 2 0 
365 391 32 0 
371 381 26 0 
373 382 28 0 
387 395 10 0 
