#GRAPH (#nodes #edges id uu vv ww xx yy zz):
#400 1598 geo(0,{400,50,3,0.009,0.000,0.000}) 50 
#
VERTICES (index name u v w x y z):
0 0 44 9 
1 1 3 4 
2 2 38 3 
3 3 43 38 
4 4 49 4 
5 5 44 19 
6 6 31 46 
7 7 38 7 
8 8 12 34 
9 9 42 49 
10 10 45 3 
11 11 28 11 
12 12 40 14 
13 13 27 30 
14 14 10 3 
15 15 6 13 
16 16 36 21 
17 17 46 21 
18 18 14 4 
19 19 16 28 
20 20 0 0 
21 21 7 8 
22 22 41 5 
23 23 25 49 
24 24 38 46 
25 25 21 3 
26 26 9 10 
27 27 30 14 
28 28 49 1 
29 29 32 34 
30 30 30 2 
31 31 49 46 
32 32 7 2 
33 33 36 20 
34 34 35 10 
35 35 28 14 
36 36 28 4 
37 37 24 0 
38 38 34 10 
39 39 24 34 
40 40 10 5 
41 41 22 4 
42 42 23 39 
43 43 37 1 
44 44 47 42 
45 45 31 9 
46 46 11 28 
47 47 29 46 
48 48 6 38 
49 49 25 43 
50 50 17 18 
51 51 37 4 
52 52 2 20 
53 53 8 6 
54 54 30 17 
55 55 24 33 
56 56 24 14 
57 57 2 25 
58 58 4 48 
59 59 16 27 
60 60 42 39 
61 61 39 26 
62 62 29 45 
63 63 25 24 
64 64 2 19 
65 65 42 27 
66 66 20 1 
67 67 8 12 
68 68 9 16 
69 69 30 3 
70 70 46 49 
71 71 28 28 
72 72 8 47 
73 73 29 7 
74 74 29 31 
75 75 39 2 
76 76 0 5 
77 77 8 7 
78 78 40 21 
79 79 26 46 
80 80 46 6 
81 81 22 18 
82 82 41 38 
83 83 21 17 
84 84 12 15 
85 85 20 48 
86 86 7 48 
87 87 42 35 
88 88 23 0 
89 89 30 13 
90 90 14 39 
91 91 5 10 
92 92 49 25 
93 93 5 8 
94 94 18 30 
95 95 2 35 
96 96 5 6 
97 97 19 19 
98 98 18 44 
99 99 45 4 
100 100 3 29 
101 101 13 10 
102 102 8 11 
103 103 14 30 
104 104 26 43 
105 105 46 0 
106 106 44 27 
107 107 12 45 
108 108 48 40 
109 109 28 7 
110 110 8 10 
111 111 22 36 
112 112 25 32 
113 113 13 15 
114 114 16 12 
115 115 1 18 
116 116 2 12 
117 117 10 4 
118 118 22 26 
119 119 3 23 
120 120 14 22 
121 121 20 15 
122 122 8 2 
123 123 41 32 
124 124 21 47 
125 125 30 40 
126 126 32 28 
127 127 34 3 
128 128 48 18 
129 129 1 10 
130 130 17 27 
131 131 7 24 
132 132 11 31 
133 133 36 3 
134 134 22 0 
135 135 44 21 
136 136 35 20 
137 137 5 2 
138 138 33 7 
139 139 41 44 
140 140 6 3 
141 141 38 34 
142 142 9 26 
143 143 10 17 
144 144 48 14 
145 145 1 15 
146 146 1 40 
147 147 32 14 
148 148 3 20 
149 149 23 8 
150 150 47 6 
151 151 24 22 
152 152 6 46 
153 153 28 16 
154 154 3 34 
155 155 42 3 
156 156 26 39 
157 157 22 49 
158 158 19 30 
159 159 31 44 
160 160 47 19 
161 161 7 11 
162 162 48 24 
163 163 16 33 
164 164 0 32 
165 165 17 46 
166 166 41 21 
167 167 27 4 
168 168 20 27 
169 169 1 13 
170 170 31 12 
171 171 13 13 
172 172 25 6 
173 173 20 18 
174 174 18 20 
175 175 0 31 
176 176 48 37 
177 177 16 20 
178 178 15 2 
179 179 33 11 
180 180 43 48 
181 181 47 21 
182 182 49 38 
183 183 38 43 
184 184 20 14 
185 185 46 33 
186 186 18 42 
187 187 10 8 
188 188 40 2 
189 189 31 5 
190 190 18 21 
191 191 47 47 
192 192 33 45 
193 193 0 19 
194 194 31 14 
195 195 8 9 
196 196 41 27 
197 197 26 41 
198 198 26 48 
199 199 44 12 
200 200 2 45 
201 201 12 44 
202 202 49 44 
203 203 36 32 
204 204 2 1 
205 205 44 35 
206 206 3 22 
207 207 19 41 
208 208 49 22 
209 209 35 25 
210 210 12 6 
211 211 44 17 
212 212 18 5 
213 213 17 2 
214 214 38 22 
215 215 34 4 
216 216 39 25 
217 217 35 24 
218 218 1 32 
219 219 44 3 
220 220 38 6 
221 221 26 0 
222 222 22 17 
223 223 36 46 
224 224 0 7 
225 225 31 43 
226 226 47 5 
227 227 6 25 
228 228 16 43 
229 229 44 49 
230 230 49 47 
231 231 31 23 
232 232 37 24 
233 233 39 30 
234 234 39 19 
235 235 17 1 
236 236 15 17 
237 237 41 25 
238 238 29 17 
239 239 8 26 
240 240 48 35 
241 241 4 43 
242 242 16 14 
243 243 32 46 
244 244 10 49 
245 245 47 32 
246 246 18 10 
247 247 45 19 
248 248 39 0 
249 249 4 17 
250 250 12 14 
251 251 14 49 
252 252 24 11 
253 253 0 44 
254 254 7 19 
255 255 22 45 
256 256 6 6 
257 257 38 14 
258 258 5 3 
259 259 28 36 
260 260 40 33 
261 261 43 15 
262 262 27 46 
263 263 23 20 
264 264 36 15 
265 265 29 41 
266 266 27 8 
267 267 7 31 
268 268 46 16 
269 269 8 34 
270 270 42 44 
271 271 26 10 
272 272 11 44 
273 273 4 31 
274 274 44 4 
275 275 42 43 
276 276 20 44 
277 277 36 35 
278 278 18 14 
279 279 36 4 
280 280 41 11 
281 281 32 7 
282 282 41 29 
283 283 39 8 
284 284 13 31 
285 285 20 8 
286 286 7 29 
287 287 39 6 
288 288 8 20 
289 289 1 28 
290 290 15 16 
291 291 16 48 
292 292 20 23 
293 293 38 44 
294 294 46 25 
295 295 30 35 
296 296 39 39 
297 297 28 35 
298 298 28 10 
299 299 22 47 
300 300 25 25 
301 301 40 9 
302 302 9 21 
303 303 8 31 
304 304 4 7 
305 305 26 14 
306 306 47 35 
307 307 19 3 
308 308 16 17 
309 309 3 32 
310 310 30 45 
311 311 18 43 
312 312 24 45 
313 313 34 20 
314 314 46 41 
315 315 36 25 
316 316 23 45 
317 317 25 5 
318 318 12 24 
319 319 48 17 
320 320 36 36 
321 321 48 45 
322 322 31 49 
323 323 36 39 
324 324 15 31 
325 325 39 11 
326 326 10 25 
327 327 10 45 
328 328 0 41 
329 329 19 39 
330 330 13 4 
331 331 35 1 
332 332 26 1 
333 333 39 42 
334 334 23 29 
335 335 47 37 
336 336 43 41 
337 337 6 12 
338 338 15 15 
339 339 47 14 
340 340 21 37 
341 341 25 13 
342 342 0 40 
343 343 25 40 
344 344 4 38 
345 345 39 7 
346 346 8 14 
347 347 15 30 
348 348 18 6 
349 349 38 8 
350 350 40 28 
351 351 30 44 
352 352 44 2 
353 353 48 10 
354 354 45 33 
355 355 30 20 
356 356 26 29 
357 357 26 34 
358 358 30 49 
359 359 29 30 
360 360 49 7 
361 361 29 8 
362 362 47 38 
363 363 46 34 
364 364 0 16 
365 365 1 23 
366 366 11 8 
367 367 17 20 
368 368 3 26 
369 369 28 24 
370 370 7 25 
371 371 37 25 
372 372 15 44 
373 373 9 13 
374 374 32 29 
375 375 32 9 
376 376 23 34 
377 377 33 13 
378 378 29 34 
379 379 7 38 
380 380 47 25 
381 381 46 23 
382 382 20 37 
383 383 4 13 
384 384 9 42 
385 385 33 24 
386 386 32 3 
387 387 6 18 
388 388 1 6 
389 389 4 12 
390 390 45 11 
391 391 17 25 
392 392 15 6 
393 393 31 27 
394 394 41 6 
395 395 0 47 
396 396 32 17 
397 397 23 49 
398 398 21 23 
399 399 36 11 
#
EDGES (from-node to-node length a b):
0 125 34 0 
0 124 44 0 
0 103 37 0 
0 83 24 0 
1 375 29 0 
1 317 22 0 
1 247 45 0 
1 76 3 0 
2 374 27 0 
2 367 27 0 
2 166 18 0 
2 165 48 0 
2 137 33 0 
2 29 32 0 
2 28 11 0 
3 359 16 0 
3 320 7 0 
4 229 45 0 
5 395 52 0 
5 322 33 0 
5 276 35 0 
5 261 4 0 
5 115 43 0 
5 69 21 0 
6 373 40 0 
6 172 40 0 
6 92 28 0 
7 301 3 0 
7 294 20 0 
7 178 24 0 
7 170 9 0 
7 109 10 0 
8 342 13 0 
8 246 25 0 
8 108 36 0 
8 98 12 0 
8 95 10 0 
8 92 38 0 
9 398 33 0 
9 334 28 0 
9 327 32 0 
9 286 40 0 
9 185 16 0 
10 374 29 0 
10 369 27 0 
10 77 37 0 
10 25 24 0 
11 191 41 0 
11 158 21 0 
11 142 24 0 
11 121 9 0 
11 114 12 0 
12 325 3 0 
12 277 21 0 
12 209 12 0 
12 151 18 0 
12 125 28 0 
12 84 28 0 
13 224 35 0 
13 197 11 0 
14 393 32 0 
14 383 12 0 
14 252 16 0 
14 250 11 0 
14 110 7 0 
14 101 8 0 
14 87 45 0 
14 39 34 0 
15 336 46 0 
15 324 20 0 
15 323 40 0 
15 287 34 0 
15 251 37 0 
15 242 10 0 
15 235 16 0 
15 192 42 0 
15 127 30 0 
15 81 17 0 
15 40 9 0 
15 22 36 0 
16 348 23 0 
16 341 14 0 
16 299 30 0 
17 397 36 0 
17 308 30 0 
17 285 29 0 
17 177 30 0 
17 161 40 0 
17 117 40 0 
18 137 9 0 
19 369 13 0 
19 298 22 0 
19 216 23 0 
19 178 26 0 
19 119 14 0 
19 98 16 0 
20 384 43 0 
20 237 48 0 
20 127 34 0 
20 118 34 0 
20 91 11 0 
20 84 19 0 
21 300 25 0 
21 48 30 0 
21 27 24 0 
22 395 59 0 
22 359 28 0 
22 215 7 0 
22 95 49 0 
22 61 21 0 
23 260 22 0 
24 340 19 0 
24 165 21 0 
24 163 26 0 
24 121 36 0 
24 115 46 0 
24 54 30 0 
24 37 48 0 
25 316 42 0 
25 309 34 0 
25 304 17 0 
25 157 46 0 
25 57 29 0 
26 344 28 0 
26 234 31 0 
26 141 38 0 
26 77 3 0 
26 37 18 0 
28 308 37 0 
28 231 28 0 
28 43 12 0 
29 386 31 0 
29 184 23 0 
29 160 21 0 
29 67 33 0 
30 222 17 0 
30 200 51 0 
30 77 23 0 
31 337 55 0 
31 275 8 0 
31 229 6 0 
31 206 52 0 
31 84 48 0 
32 114 13 0 
33 364 36 0 
33 196 9 0 
33 186 28 0 
34 390 10 0 
34 375 3 0 
34 215 6 0 
34 213 20 0 
35 356 15 0 
35 190 12 0 
35 124 34 0 
36 388 27 0 
36 304 24 0 
36 252 8 0 
36 106 28 0 
37 345 17 0 
37 105 22 0 
38 261 10 0 
38 153 8 0 
39 312 11 0 
39 299 13 0 
40 59 23 0 
41 212 4 0 
41 174 16 0 
41 99 23 0 
42 313 22 0 
42 211 30 0 
43 254 35 0 
44 316 24 0 
44 298 37 0 
44 276 27 0 
44 256 55 0 
44 196 16 0 
44 52 50 0 
45 396 8 0 
45 321 40 0 
45 313 11 0 
45 247 17 0 
45 236 18 0 
45 94 25 0 
45 76 31 0 
45 68 23 0 
45 46 28 0 
46 379 11 0 
46 330 24 0 
46 323 27 0 
46 169 18 0 
46 105 45 0 
47 381 29 0 
47 131 31 0 
48 355 30 0 
48 325 43 0 
48 272 8 0 
48 253 8 0 
49 349 37 0 
49 304 42 0 
49 280 36 0 
49 248 45 0 
50 234 22 0 
50 193 17 0 
50 139 35 0 
51 303 40 0 
51 302 33 0 
51 283 4 0 
51 147 11 0 
52 345 39 0 
52 149 24 0 
52 136 33 0 
53 395 42 0 
53 356 29 0 
53 314 52 0 
53 301 32 0 
53 270 51 0 
53 224 8 0 
53 189 23 0 
54 228 30 0 
54 215 14 0 
54 175 33 0 
54 94 18 0 
54 82 24 0 
55 244 21 0 
55 116 30 0 
55 100 21 0 
56 180 39 0 
56 161 17 0 
57 183 40 0 
57 140 22 0 
58 392 43 0 
58 230 45 0 
59 374 16 0 
59 320 22 0 
59 266 22 0 
59 93 22 0 
59 70 37 0 
60 262 17 0 
60 197 16 0 
60 127 37 0 
60 80 33 0 
60 62 14 0 
61 345 19 0 
61 149 24 0 
61 93 38 0 
61 85 29 0 
62 353 40 0 
63 170 13 0 
63 99 28 0 
63 84 16 0 
64 388 13 0 
64 178 21 0 
64 95 16 0 
65 351 21 0 
65 340 23 0 
65 250 33 0 
65 179 18 0 
66 364 25 0 
66 144 31 0 
66 74 31 0 
67 336 45 0 
67 314 48 0 
67 219 37 0 
67 103 19 0 
68 247 36 0 
68 191 49 0 
68 150 39 0 
69 380 28 0 
69 351 41 0 
69 298 7 0 
69 197 38 0 
70 360 42 0 
71 347 13 0 
71 324 13 0 
72 292 27 0 
72 276 12 0 
72 220 51 0 
72 177 28 0 
73 299 41 0 
73 263 14 0 
74 299 17 0 
74 201 21 0 
75 399 9 0 
75 391 32 0 
75 374 28 0 
75 317 14 0 
75 188 1 0 
76 212 18 0 
76 199 45 0 
76 188 40 0 
77 333 47 0 
77 298 20 0 
77 185 46 0 
77 128 41 0 
78 320 16 0 
78 183 22 0 
79 305 32 0 
79 292 24 0 
79 187 41 0 
79 114 35 0 
80 398 30 0 
80 363 28 0 
80 359 29 0 
80 354 27 0 
80 266 19 0 
80 226 1 0 
80 168 33 0 
80 84 35 0 
81 286 19 0 
81 159 28 0 
81 135 22 0 
82 334 20 0 
82 190 29 0 
82 148 42 0 
82 85 23 0 
83 375 14 0 
83 112 16 0 
83 89 10 0 
84 273 18 0 
84 227 12 0 
84 212 12 0 
84 115 11 0 
85 345 45 0 
85 324 18 0 
85 109 42 0 
86 115 31 0 
87 307 39 0 
87 100 39 0 
88 392 10 0 
88 240 43 0 
89 323 27 0 
89 222 9 0 
90 264 33 0 
90 229 32 0 
90 131 17 0 
90 114 27 0 
91 152 36 0 
92 383 47 0 
92 128 7 0 
92 126 17 0 
93 182 53 0 
94 330 26 0 
94 209 18 0 
95 205 42 0 
95 148 15 0 
96 381 44 0 
96 294 45 0 
96 253 38 0 
96 235 13 0 
96 138 28 0 
97 372 25 0 
97 264 17 0 
97 250 9 0 
97 242 6 0 
98 337 34 0 
99 266 18 0 
99 216 22 0 
99 140 39 0 
100 354 42 0 
100 150 50 0 
101 371 28 0 
101 242 5 0 
101 142 16 0 
102 321 52 0 
102 108 49 0 
103 323 24 0 
103 243 24 0 
104 391 20 0 
104 387 32 0 
104 337 37 0 
104 225 5 0 
104 199 36 0 
105 168 37 0 
105 110 39 0 
106 375 22 0 
106 180 21 0 
106 123 6 0 
107 398 24 0 
107 248 52 0 
108 168 31 0 
108 154 45 0 
109 258 23 0 
109 202 43 0 
109 201 40 0 
109 182 37 0 
109 179 6 0 
110 281 24 0 
110 233 37 0 
110 148 11 0 
110 136 29 0 
111 267 16 0 
111 169 31 0 
111 140 37 0 
112 379 19 0 
112 375 24 0 
112 373 25 0 
112 131 20 0 
113 292 11 0 
113 121 7 0 
114 332 15 0 
114 314 42 0 
114 274 29 0 
114 242 2 0 
115 356 27 0 
115 347 18 0 
115 254 6 0 
115 246 19 0 
116 388 6 0 
116 247 44 0 
116 203 39 0 
116 162 48 0 
116 138 31 0 
116 129 2 0 
117 392 5 0 
117 355 26 0 
118 330 24 0 
118 278 13 0 
119 315 33 0 
119 214 35 0 
119 144 46 0 
120 385 19 0 
120 302 5 0 
120 293 33 0 
120 227 9 0 
120 196 27 0 
121 369 12 0 
121 287 21 0 
122 207 41 0 
123 316 22 0 
123 273 37 0 
123 260 1 0 
124 206 31 0 
124 168 20 0 
124 126 22 0 
125 336 13 0 
125 233 13 0 
125 200 28 0 
125 188 39 0 
125 152 25 0 
126 371 6 0 
126 325 18 0 
126 277 8 0 
126 256 34 0 
126 252 19 0 
127 199 13 0 
127 152 51 0 
128 336 24 0 
128 175 50 0 
128 159 31 0 
128 142 40 0 
129 358 49 0 
129 344 28 0 
129 286 20 0 
129 279 36 0 
129 131 15 0 
130 261 29 0 
130 193 19 0 
131 377 28 0 
132 366 23 0 
132 346 17 0 
132 294 36 0 
132 237 31 0 
133 341 15 0 
133 265 39 0 
134 386 10 0 
135 303 37 0 
135 296 19 0 
135 156 25 0 
136 326 25 0 
136 307 23 0 
137 335 55 0 
137 319 46 0 
137 199 40 0 
138 388 32 0 
138 362 34 0 
138 261 13 0 
140 363 51 0 
140 283 33 0 
140 214 37 0 
141 366 37 0 
141 196 8 0 
143 387 4 0 
143 205 38 0 
144 302 40 0 
144 204 48 0 
145 376 29 0 
145 294 46 0 
146 252 37 0 
146 199 51 0 
147 379 35 0 
147 250 20 0 
147 181 17 0 
148 223 42 0 
148 210 17 0 
149 165 38 0 
149 157 41 0 
150 397 49 0 
150 347 40 0 
150 240 29 0 
151 396 9 0 
152 255 16 0 
152 234 43 0 
152 203 33 0 
153 385 9 0 
153 367 12 0 
153 235 19 0 
153 184 8 0 
154 310 29 0 
155 379 49 0 
155 293 41 0 
155 208 20 0 
156 399 30 0 
156 353 36 0 
156 274 39 0 
156 257 28 0 
157 171 37 0 
158 274 36 0 
158 212 25 0 
159 335 17 0 
159 251 18 0 
160 350 11 0 
160 283 14 0 
160 259 25 0 
160 230 28 0 
161 359 29 0 
161 288 9 0 
161 206 12 0 
161 180 52 0 
162 364 49 0 
162 264 15 0 
162 218 48 0 
163 377 26 0 
163 313 22 0 
163 253 19 0 
164 222 27 0 
165 301 44 0 
165 288 28 0 
165 265 13 0 
166 295 18 0 
166 278 24 0 
166 182 19 0 
167 382 34 0 
167 271 6 0 
168 215 27 0 
169 307 21 0 
169 301 39 0 
169 255 38 0 
169 234 38 0 
170 331 12 0 
170 203 21 0 
171 341 12 0 
171 310 36 0 
171 262 36 0 
173 348 12 0 
173 340 19 0 
174 210 15 0 
175 329 21 0 
175 275 44 0 
175 255 26 0 
176 246 40 0 
177 266 16 0 
177 217 19 0 
177 186 22 0 
178 338 13 0 
179 341 8 0 
179 223 35 0 
179 206 32 0 
181 345 16 0 
181 286 41 0 
181 217 12 0 
182 309 46 0 
182 194 30 0 
183 381 22 0 
183 235 47 0 
184 354 31 0 
184 281 14 0 
184 226 28 0 
185 389 47 0 
185 320 10 0 
185 217 14 0 
186 311 1 0 
187 333 45 0 
187 310 42 0 
187 282 37 0 
188 335 36 0 
188 237 23 0 
189 357 29 0 
189 346 25 0 
190 328 27 0 
191 262 20 0 
191 240 12 0 
191 235 55 0 
192 365 39 0 
192 305 32 0 
192 250 37 0 
193 314 51 0 
193 253 25 0 
194 224 32 0 
194 222 9 0 
195 355 25 0 
195 308 11 0 
197 289 28 0 
198 371 25 0 
198 266 40 0 
198 244 16 0 
198 230 23 0 
198 204 53 0 
199 307 27 0 
199 233 19 0 
199 215 13 0 
200 382 20 0 
200 246 38 0 
200 206 23 0 
202 305 38 0 
202 296 11 0 
203 362 13 0 
203 341 22 0 
203 259 9 0 
204 227 24 0 
205 211 18 0 
206 372 25 0 
206 293 41 0 
207 257 33 0 
209 372 28 0 
210 365 20 0 
210 335 47 0 
210 223 47 0 
213 261 29 0 
214 384 35 0 
214 364 38 0 
216 271 20 0 
216 265 19 0 
217 273 32 0 
217 250 25 0 
218 323 36 0 
218 227 9 0 
219 391 35 0 
219 331 9 0 
220 237 19 0 
221 390 22 0 
221 386 7 0 
221 252 11 0 
222 367 6 0 
222 269 22 0 
223 276 16 0 
223 250 40 0 
224 237 45 0 
225 391 23 0 
225 328 31 0 
225 248 44 0 
226 369 27 0 
228 233 26 0 
229 388 61 0 
230 364 58 0 
230 361 44 0 
230 267 45 0 
230 236 45 0 
231 325 14 0 
231 268 17 0 
232 396 9 0 
232 372 30 0 
232 317 22 0 
233 234 11 0 
234 398 18 0 
234 372 35 0 
235 350 35 0 
235 250 14 0 
236 299 31 0 
238 250 17 0 
239 375 29 0 
239 369 20 0 
240 393 19 0 
240 284 35 0 
240 277 12 0 
241 287 51 0 
242 378 24 0 
242 317 13 0 
243 291 16 0 
244 370 24 0 
244 325 48 0 
245 317 35 0 
246 359 23 0 
246 317 9 0 
248 319 19 0 
248 254 37 0 
249 331 35 0 
250 345 28 0 
250 310 36 0 
250 302 8 0 
251 299 8 0 
251 282 34 0 
252 360 25 0 
252 255 34 0 
253 345 54 0 
253 344 7 0 
254 394 36 0 
256 389 6 0 
256 314 53 0 
258 397 49 0 
258 322 53 0 
258 314 56 0 
258 265 45 0 
260 347 25 0 
260 307 37 0 
260 262 18 0 
261 392 29 0 
262 396 29 0 
262 357 12 0 
262 316 4 0 
263 365 22 0 
265 378 7 0 
266 398 16 0 
266 337 21 0 
266 267 30 0 
267 287 41 0 
269 297 20 0 
269 273 5 0 
270 392 47 0 
270 339 30 0 
270 318 36 0 
270 317 43 0 
270 299 20 0 
270 287 38 0 
272 326 19 0 
275 344 38 0 
275 329 23 0 
276 398 21 0 
276 384 11 0 
277 327 28 0 
279 340 36 0 
280 331 12 0 
280 322 39 0 
280 296 28 0 
281 393 20 0 
281 365 35 0 
281 345 7 0 
281 304 28 0 
283 359 24 0 
284 394 38 0 
284 370 8 0 
285 336 40 0 
287 356 26 0 
287 316 42 0 
288 398 13 0 
289 311 23 0 
290 298 14 0 
295 364 36 0 
295 331 34 0 
296 384 30 0 
297 389 33 0 
297 378 1 0 
299 397 2 0 
299 381 34 0 
299 368 28 0 
299 353 45 0 
302 331 33 0 
303 379 7 0 
304 379 31 0 
304 343 39 0 
304 307 16 0 
306 392 43 0 
306 335 2 0 
307 344 38 0 
308 392 11 0 
310 380 26 0 
310 354 19 0 
312 399 36 0 
312 359 16 0 
313 371 6 0 
315 321 23 0 
316 328 23 0 
318 351 27 0 
319 397 41 0 
319 329 36 0 
321 385 26 0 
331 335 38 0 
331 332 9 0 
337 352 39 0 
339 375 16 0 
343 365 29 0 
346 377 25 0 
348 387 17 0 
350 371 4 0 
351 366 41 0 
354 390 22 0 
355 366 22 0 
356 393 5 0 
361 383 25 0 
362 383 50 0 
363 376 23 0 
369 380 19 0 
370 396 26 0 
371 386 23 0 
372 384 6 0 
372 380 37 0 
374 394 25 0 
378 390 28 0 
382 393 15 0 
394 395 58 0 
