#GRAPH (#nodes #edges id uu vv ww xx yy zz):
#400 1682 geo(0,{400,50,3,0.009,0.000,0.000}) 50 
#
VERTICES (index name u v w x y z):
0 0 49 43 
1 1 11 1 
2 2 17 1 
3 3 34 45 
4 4 31 33 
5 5 34 18 
6 6 9 18 
7 7 26 26 
8 8 37 13 
9 9 34 36 
10 10 25 46 
11 11 37 9 
12 12 44 10 
13 13 21 48 
14 14 20 46 
15 15 34 11 
16 16 26 4 
17 17 48 27 
18 18 42 27 
19 19 7 35 
20 20 37 28 
21 21 8 2 
22 22 35 21 
23 23 47 40 
24 24 47 49 
25 25 32 35 
26 26 40 4 
27 27 19 46 
28 28 48 36 
29 29 3 48 
30 30 27 28 
31 31 35 46 
32 32 38 37 
33 33 8 18 
34 34 25 14 
35 35 20 10 
36 36 46 16 
37 37 14 13 
38 38 7 1 
39 39 43 23 
40 40 48 19 
41 41 24 4 
42 42 10 33 
43 43 43 47 
44 44 10 41 
45 45 41 10 
46 46 4 4 
47 47 33 10 
48 48 48 23 
49 49 30 33 
50 50 17 29 
51 51 39 20 
52 52 9 0 
53 53 35 2 
54 54 42 2 
55 55 45 42 
56 56 19 9 
57 57 43 21 
58 58 11 33 
59 59 45 46 
60 60 4 12 
61 61 39 14 
62 62 21 16 
63 63 8 10 
64 64 26 38 
65 65 19 17 
66 66 4 44 
67 67 41 11 
68 68 27 18 
69 69 33 12 
70 70 35 5 
71 71 42 12 
72 72 14 11 
73 73 25 6 
74 74 31 38 
75 75 7 47 
76 76 27 45 
77 77 14 0 
78 78 44 41 
79 79 8 4 
80 80 44 47 
81 81 4 15 
82 82 45 24 
83 83 40 42 
84 84 26 12 
85 85 49 28 
86 86 21 43 
87 87 3 49 
88 88 44 33 
89 89 17 17 
90 90 33 46 
91 91 12 3 
92 92 6 36 
93 93 48 25 
94 94 5 19 
95 95 2 27 
96 96 33 31 
97 97 20 33 
98 98 10 0 
99 99 41 3 
100 100 16 4 
101 101 45 44 
102 102 3 3 
103 103 27 35 
104 104 15 14 
105 105 16 47 
106 106 2 45 
107 107 28 33 
108 108 27 6 
109 109 34 33 
110 110 15 42 
111 111 9 40 
112 112 35 44 
113 113 40 37 
114 114 33 4 
115 115 20 40 
116 116 28 0 
117 117 39 13 
118 118 26 9 
119 119 29 12 
120 120 9 46 
121 121 31 34 
122 122 25 5 
123 123 36 34 
124 124 10 49 
125 125 27 4 
126 126 5 17 
127 127 26 36 
128 128 37 42 
129 129 12 46 
130 130 37 24 
131 131 7 16 
132 132 7 37 
133 133 39 19 
134 134 24 2 
135 135 23 49 
136 136 24 9 
137 137 33 16 
138 138 25 37 
139 139 18 17 
140 140 14 33 
141 141 23 19 
142 142 25 40 
143 143 40 36 
144 144 36 39 
145 145 42 6 
146 146 30 30 
147 147 10 14 
148 148 18 48 
149 149 19 3 
150 150 19 16 
151 151 17 9 
152 152 25 26 
153 153 11 2 
154 154 11 38 
155 155 13 0 
156 156 10 1 
157 157 19 15 
158 158 8 43 
159 159 0 18 
160 160 29 29 
161 161 42 43 
162 162 0 47 
163 163 23 8 
164 164 7 48 
165 165 25 35 
166 166 31 22 
167 167 33 37 
168 168 14 4 
169 169 47 42 
170 170 27 46 
171 171 17 6 
172 172 23 42 
173 173 5 29 
174 174 9 36 
175 175 43 15 
176 176 28 18 
177 177 40 29 
178 178 2 49 
179 179 4 33 
180 180 46 33 
181 181 40 22 
182 182 10 24 
183 183 32 19 
184 184 24 7 
185 185 6 2 
186 186 22 34 
187 187 13 48 
188 188 22 8 
189 189 22 26 
190 190 6 26 
191 191 44 7 
192 192 8 36 
193 193 41 43 
194 194 31 37 
195 195 31 17 
196 196 44 20 
197 197 23 40 
198 198 34 23 
199 199 36 49 
200 200 24 47 
201 201 27 3 
202 202 27 2 
203 203 45 26 
204 204 1 49 
205 205 40 0 
206 206 25 32 
207 207 24 35 
208 208 4 0 
209 209 45 7 
210 210 44 22 
211 211 28 12 
212 212 47 43 
213 213 15 0 
214 214 3 11 
215 215 36 16 
216 216 3 39 
217 217 32 8 
218 218 47 48 
219 219 45 25 
220 220 27 22 
221 221 10 47 
222 222 8 0 
223 223 4 1 
224 224 49 27 
225 225 41 22 
226 226 23 43 
227 227 40 28 
228 228 2 19 
229 229 30 28 
230 230 37 37 
231 231 37 7 
232 232 12 12 
233 233 22 13 
234 234 29 5 
235 235 11 28 
236 236 20 35 
237 237 35 18 
238 238 48 9 
239 239 11 29 
240 240 22 0 
241 241 46 8 
242 242 37 44 
243 243 35 28 
244 244 3 17 
245 245 30 10 
246 246 22 24 
247 247 24 19 
248 248 45 47 
249 249 32 34 
250 250 28 1 
251 251 13 28 
252 252 29 9 
253 253 2 18 
254 254 31 43 
255 255 11 48 
256 256 14 22 
257 257 36 13 
258 258 12 0 
259 259 47 26 
260 260 23 29 
261 261 21 14 
262 262 30 12 
263 263 45 8 
264 264 44 14 
265 265 46 48 
266 266 30 15 
267 267 14 18 
268 268 36 9 
269 269 43 17 
270 270 6 17 
271 271 49 8 
272 272 3 4 
273 273 48 21 
274 274 39 6 
275 275 2 8 
276 276 29 49 
277 277 27 36 
278 278 7 4 
279 279 39 26 
280 280 42 48 
281 281 3 43 
282 282 39 41 
283 283 16 7 
284 284 27 23 
285 285 41 32 
286 286 0 10 
287 287 21 28 
288 288 15 30 
289 289 22 49 
290 290 2 14 
291 291 2 12 
292 292 40 10 
293 293 3 27 
294 294 33 22 
295 295 1 13 
296 296 6 32 
297 297 41 2 
298 298 16 19 
299 299 44 39 
300 300 5 38 
301 301 49 48 
302 302 24 25 
303 303 6 39 
304 304 11 30 
305 305 26 34 
306 306 4 25 
307 307 13 1 
308 308 35 37 
309 309 40 31 
310 310 14 38 
311 311 44 37 
312 312 28 14 
313 313 20 1 
314 314 37 16 
315 315 39 12 
316 316 16 3 
317 317 29 13 
318 318 33 8 
319 319 18 12 
320 320 16 34 
321 321 49 32 
322 322 19 6 
323 323 0 28 
324 324 0 14 
325 325 5 15 
326 326 3 25 
327 327 43 12 
328 328 13 17 
329 329 41 40 
330 330 17 46 
331 331 46 14 
332 332 14 1 
333 333 1 32 
334 334 39 27 
335 335 38 35 
336 336 41 9 
337 337 20 29 
338 338 15 7 
339 339 41 12 
340 340 6 25 
341 341 42 49 
342 342 37 34 
343 343 34 6 
344 344 33 28 
345 345 47 15 
346 346 37 8 
347 347 2 42 
348 348 0 6 
349 349 28 46 
350 350 25 39 
351 351 46 27 
352 352 15 10 
353 353 15 15 
354 354 31 36 
355 355 14 16 
356 356 8 7 
357 357 43 11 
358 358 4 6 
359 359 26 42 
360 360 34 9 
361 361 38 12 
362 362 29 16 
363 363 47 1 
364 364 2 26 
365 365 9 29 
366 366 41 42 
367 367 37 35 
368 368 30 31 
369 369 1 46 
370 370 44 43 
371 371 16 10 
372 372 37 29 
373 373 0 36 
374 374 24 45 
375 375 29 11 
376 376 11 24 
377 377 16 13 
378 378 5 11 
379 379 1 4 
380 380 45 32 
381 381 46 42 
382 382 40 40 
383 383 3 21 
384 384 6 42 
385 385 20 30 
386 386 10 35 
387 387 16 41 
388 388 21 4 
389 389 49 18 
390 390 31 3 
391 391 13 24 
392 392 1 24 
393 393 11 49 
394 394 19 14 
395 395 36 42 
396 396 16 46 
397 397 38 47 
398 398 31 29 
399 399 33 2 
#
EDGES (from-node to-node length a b):
0 359 23 0 
0 248 6 0 
0 219 18 0 
0 159 55 0 
0 122 45 0 
0 11 36 0 
0 7 29 0 
1 124 48 0 
1 59 56 0 
2 339 26 0 
2 166 25 0 
2 145 25 0 
2 43 53 0 
2 27 45 0 
3 75 27 0 
4 178 33 0 
4 29 32 0 
5 300 35 0 
5 236 22 0 
5 187 37 0 
5 31 28 0 
6 359 29 0 
6 292 32 0 
6 239 11 0 
6 236 20 0 
6 106 28 0 
6 70 29 0 
6 7 19 0 
7 392 25 0 
7 348 33 0 
7 249 10 0 
7 125 22 0 
7 18 16 0 
8 364 37 0 
8 335 22 0 
8 316 23 0 
8 23 29 0 
9 389 23 0 
9 349 12 0 
9 281 32 0 
9 221 26 0 
9 182 27 0 
9 165 9 0 
10 193 16 0 
10 175 36 0 
10 168 43 0 
10 93 31 0 
10 14 5 0 
11 120 46 0 
11 103 28 0 
12 385 31 0 
12 206 29 0 
12 123 25 0 
13 395 16 0 
13 377 35 0 
13 341 21 0 
13 220 27 0 
13 197 8 0 
13 154 14 0 
13 113 22 0 
13 101 24 0 
13 29 18 0 
14 159 34 0 
15 337 23 0 
15 278 28 0 
15 147 24 0 
15 28 29 0 
16 280 47 0 
16 249 31 0 
16 210 25 0 
16 166 19 0 
16 160 25 0 
16 111 40 0 
16 80 47 0 
16 52 17 0 
17 261 30 0 
17 153 45 0 
18 282 14 0 
18 236 23 0 
18 211 21 0 
18 148 32 0 
18 106 44 0 
18 81 40 0 
18 75 40 0 
19 396 14 0 
19 78 37 0 
19 54 48 0 
19 49 23 0 
20 376 26 0 
20 220 12 0 
20 179 33 0 
20 131 32 0 
21 369 45 0 
21 364 25 0 
22 396 31 0 
22 328 22 0 
23 383 48 0 
23 270 47 0 
23 210 18 0 
23 185 56 0 
23 45 31 0 
24 371 50 0 
24 260 31 0 
24 127 25 0 
25 250 34 0 
26 323 47 0 
26 275 38 0 
26 237 15 0 
26 189 28 0 
27 252 38 0 
27 192 15 0 
27 162 19 0 
28 300 43 0 
28 172 26 0 
28 85 8 0 
29 308 34 0 
29 299 42 0 
29 190 22 0 
29 92 12 0 
29 60 36 0 
30 337 7 0 
30 199 23 0 
30 142 12 0 
30 56 21 0 
31 311 13 0 
31 108 41 0 
32 323 39 0 
32 200 17 0 
32 142 13 0 
33 49 27 0 
34 191 20 0 
34 132 29 0 
34 81 21 0 
34 40 24 0 
35 282 36 0 
35 258 13 0 
35 210 27 0 
35 45 21 0 
36 353 31 0 
36 341 33 0 
36 201 23 0 
36 80 31 0 
36 45 8 0 
37 270 9 0 
37 238 34 0 
37 84 12 0 
38 343 27 0 
38 298 20 0 
38 285 46 0 
38 284 30 0 
38 154 37 0 
38 40 45 0 
39 361 12 0 
39 88 10 0 
39 53 22 0 
40 283 34 0 
40 267 34 0 
40 202 27 0 
40 111 44 0 
40 74 25 0 
41 203 30 0 
41 59 47 0 
42 325 19 0 
42 260 14 0 
42 199 31 0 
42 169 38 0 
43 369 42 0 
43 207 22 0 
43 145 41 0 
43 109 17 0 
43 65 38 0 
43 54 45 0 
44 344 26 0 
44 143 30 0 
45 299 29 0 
45 228 40 0 
45 204 56 0 
45 148 44 0 
45 74 30 0 
45 51 10 0 
46 361 35 0 
46 267 17 0 
46 123 44 0 
47 93 21 0 
48 396 39 0 
48 337 29 0 
48 227 9 0 
48 221 45 0 
48 209 16 0 
48 184 29 0 
49 198 11 0 
49 142 9 0 
49 120 25 0 
50 356 24 0 
50 260 6 0 
50 252 23 0 
50 167 18 0 
50 163 22 0 
50 133 24 0 
51 319 22 0 
51 313 27 0 
51 300 38 0 
51 249 16 0 
51 203 8 0 
51 162 47 0 
51 137 7 0 
51 134 23 0 
52 283 10 0 
52 249 41 0 
52 217 24 0 
52 191 36 0 
52 137 29 0 
53 385 32 0 
53 266 14 0 
53 172 42 0 
53 136 13 0 
53 91 23 0 
53 80 46 0 
53 62 20 0 
54 221 55 0 
54 181 20 0 
54 94 41 0 
55 372 15 0 
55 164 38 0 
56 394 5 0 
56 174 29 0 
57 384 43 0 
58 307 32 0 
58 214 23 0 
58 187 15 0 
58 127 15 0 
58 74 21 0 
59 376 40 0 
59 361 35 0 
59 348 60 0 
59 301 4 0 
59 139 40 0 
60 93 46 0 
61 378 34 0 
61 350 29 0 
61 303 41 0 
61 261 18 0 
62 388 12 0 
62 246 8 0 
63 388 14 0 
63 361 30 0 
63 360 26 0 
63 344 31 0 
63 330 37 0 
63 293 18 0 
63 277 32 0 
63 188 14 0 
63 134 18 0 
63 98 10 0 
64 299 18 0 
64 261 25 0 
64 159 33 0 
65 97 16 0 
66 303 5 0 
66 271 58 0 
66 244 27 0 
66 145 54 0 
66 110 11 0 
67 303 45 0 
67 255 48 0 
67 163 18 0 
67 159 42 0 
67 135 42 0 
67 80 36 0 
68 340 22 0 
68 332 21 0 
68 271 24 0 
68 249 17 0 
68 247 3 0 
68 237 8 0 
68 209 21 0 
69 379 33 0 
69 199 37 0 
70 395 37 0 
70 331 14 0 
70 230 32 0 
70 132 43 0 
71 392 43 0 
71 387 39 0 
71 296 41 0 
71 199 37 0 
72 360 20 0 
72 275 12 0 
72 266 16 0 
72 156 11 0 
73 361 14 0 
73 173 30 0 
73 113 34 0 
73 78 40 0 
74 352 32 0 
74 233 27 0 
74 192 23 0 
74 128 7 0 
75 396 9 0 
75 258 47 0 
75 199 29 0 
75 169 40 0 
75 105 9 0 
76 366 14 0 
77 305 36 0 
77 285 42 0 
78 394 37 0 
78 147 43 0 
79 376 20 0 
79 373 33 0 
79 179 29 0 
80 374 20 0 
80 303 39 0 
80 230 12 0 
80 190 43 0 
81 379 11 0 
81 349 39 0 
81 216 24 0 
81 171 16 0 
82 193 19 0 
82 97 27 0 
83 339 30 0 
83 323 42 0 
83 106 38 0 
84 137 8 0 
85 253 48 0 
85 147 41 0 
86 366 20 0 
86 280 22 0 
86 256 22 0 
86 166 23 0 
86 158 13 0 
86 87 19 0 
87 397 35 0 
87 326 24 0 
87 299 42 0 
87 272 45 0 
87 260 28 0 
87 254 29 0 
87 253 31 0 
87 232 38 0 
87 144 34 0 
87 111 11 0 
87 91 47 0 
88 388 37 0 
88 258 46 0 
89 371 7 0 
89 336 25 0 
89 145 27 0 
90 324 46 0 
90 297 45 0 
91 375 19 0 
91 323 28 0 
91 250 16 0 
91 210 37 0 
91 113 44 0 
92 332 36 0 
92 310 8 0 
92 286 27 0 
92 174 3 0 
93 361 16 0 
93 355 35 0 
94 269 38 0 
94 165 26 0 
95 346 40 0 
95 316 28 0 
95 196 43 0 
95 115 22 0 
96 388 30 0 
96 300 29 0 
96 136 24 0 
97 383 21 0 
97 253 23 0 
99 292 7 0 
100 355 12 0 
100 336 25 0 
100 294 25 0 
100 285 38 0 
101 368 20 0 
101 277 20 0 
101 264 30 0 
102 196 44 0 
102 172 44 0 
102 139 21 0 
103 372 12 0 
103 212 22 0 
103 117 25 0 
104 295 14 0 
104 190 15 0 
104 114 21 0 
105 347 15 0 
105 193 25 0 
106 373 9 0 
106 300 8 0 
107 378 32 0 
107 243 9 0 
107 124 24 0 
109 375 23 0 
109 263 27 0 
109 154 24 0 
109 139 23 0 
110 368 19 0 
110 331 42 0 
110 200 10 0 
110 170 13 0 
111 368 23 0 
111 342 29 0 
111 322 35 0 
111 225 37 0 
111 128 28 0 
112 311 11 0 
112 260 19 0 
113 245 29 0 
114 398 25 0 
114 357 12 0 
114 291 32 0 
114 127 33 0 
115 247 21 0 
115 218 28 0 
115 120 13 0 
116 205 12 0 
116 142 40 0 
117 394 20 0 
117 348 40 0 
117 263 8 0 
117 234 13 0 
117 131 32 0 
118 329 34 0 
119 227 19 0 
120 295 34 0 
120 133 40 0 
121 394 23 0 
121 325 32 0 
121 312 20 0 
121 234 29 0 
121 211 22 0 
122 317 9 0 
122 306 29 0 
122 279 25 0 
123 374 16 0 
123 144 5 0 
123 124 30 0 
124 158 6 0 
125 344 25 0 
125 226 39 0 
125 178 51 0 
126 315 34 0 
127 390 33 0 
127 259 23 0 
127 196 24 0 
127 173 22 0 
128 378 45 0 
128 376 32 0 
128 374 13 0 
128 317 30 0 
128 301 13 0 
128 300 32 0 
128 209 36 0 
129 296 15 0 
129 290 34 0 
129 255 2 0 
129 209 51 0 
129 205 54 0 
129 184 41 0 
130 386 29 0 
130 273 11 0 
130 271 20 0 
130 260 15 0 
131 306 9 0 
131 252 23 0 
132 261 27 0 
132 182 13 0 
133 324 39 0 
133 276 32 0 
133 240 25 0 
133 223 39 0 
134 265 51 0 
135 392 33 0 
135 235 24 0 
135 195 33 0 
135 189 23 0 
135 139 32 0 
136 296 29 0 
136 278 18 0 
136 218 45 0 
137 222 30 0 
137 142 25 0 
138 167 8 0 
139 302 10 0 
139 286 19 0 
139 239 14 0 
140 144 23 0 
141 391 11 0 
141 354 19 0 
141 333 26 0 
141 233 6 0 
142 389 33 0 
142 362 24 0 
142 290 35 0 
142 206 8 0 
143 300 35 0 
144 349 11 0 
144 256 28 0 
144 169 11 0 
144 161 7 0 
146 313 31 0 
146 191 27 0 
146 176 12 0 
146 171 27 0 
147 312 18 0 
147 160 24 0 
148 329 24 0 
148 288 18 0 
148 186 15 0 
149 303 38 0 
150 360 17 0 
150 230 28 0 
150 208 22 0 
151 367 33 0 
151 228 18 0 
151 179 27 0 
151 176 14 0 
152 383 23 0 
152 313 25 0 
152 300 23 0 
152 277 10 0 
152 242 22 0 
152 167 14 0 
153 313 9 0 
153 224 45 0 
153 160 32 0 
154 376 14 0 
154 200 16 0 
155 371 10 0 
155 338 7 0 
155 231 25 0 
155 182 24 0 
155 172 43 0 
155 161 52 0 
156 225 37 0 
157 327 24 0 
157 305 20 0 
158 392 20 0 
158 334 35 0 
158 219 41 0 
158 175 45 0 
159 230 42 0 
159 222 20 0 
161 347 40 0 
161 319 39 0 
161 196 23 0 
162 383 26 0 
162 289 22 0 
162 222 48 0 
162 193 41 0 
164 378 37 0 
164 346 50 0 
165 362 19 0 
165 177 16 0 
166 321 21 0 
166 320 19 0 
166 269 13 0 
166 171 21 0 
167 220 16 0 
169 208 60 0 
171 339 25 0 
171 309 34 0 
171 303 35 0 
172 373 24 0 
172 286 39 0 
172 256 22 0 
173 365 4 0 
173 343 37 0 
173 287 16 0 
173 279 34 0 
173 187 21 0 
174 350 16 0 
174 297 47 0 
175 377 27 0 
175 183 12 0 
176 381 30 0 
176 360 11 0 
176 314 9 0 
177 384 36 0 
177 367 7 0 
177 325 38 0 
179 370 41 0 
179 190 7 0 
180 261 31 0 
181 304 30 0 
183 389 17 0 
183 363 23 0 
183 271 20 0 
183 236 20 0 
184 232 13 0 
185 333 30 0 
186 356 30 0 
186 346 30 0 
186 306 20 0 
186 244 25 0 
186 203 24 0 
187 314 40 0 
187 253 32 0 
187 230 26 0 
187 223 48 0 
187 201 47 0 
188 382 37 0 
189 372 15 0 
189 214 24 0 
191 296 45 0 
191 245 14 0 
191 205 8 0 
192 372 30 0 
192 363 52 0 
192 255 12 0 
192 228 18 0 
192 202 39 0 
193 354 12 0 
193 353 38 0 
193 351 17 0 
193 313 47 0 
193 264 29 0 
194 392 33 0 
194 330 17 0 
194 314 22 0 
194 226 10 0 
196 312 17 0 
196 266 15 0 
197 279 21 0 
197 276 11 0 
197 236 6 0 
197 234 36 0 
197 204 24 0 
197 201 37 0 
198 387 25 0 
198 304 24 0 
199 333 39 0 
199 311 14 0 
199 217 41 0 
200 269 36 0 
200 221 14 0 
201 278 20 0 
203 352 34 0 
203 347 46 0 
203 257 16 0 
204 374 23 0 
204 332 50 0 
204 263 60 0 
204 255 10 0 
204 218 46 0 
205 387 48 0 
205 318 11 0 
205 300 52 0 
205 248 47 0 
205 217 11 0 
205 211 17 0 
206 293 23 0 
206 277 4 0 
207 262 24 0 
208 392 24 0 
208 370 59 0 
209 376 38 0 
209 348 45 0 
209 291 43 0 
210 213 36 0 
211 238 20 0 
212 257 32 0 
212 240 50 0 
213 354 39 0 
213 335 42 0 
214 378 2 0 
214 347 31 0 
214 336 38 0 
215 354 21 0 
216 337 20 0 
217 322 13 0 
217 305 27 0 
217 256 23 0 
217 222 25 0 
218 344 24 0 
218 257 37 0 
218 253 54 0 
219 393 42 0 
219 234 26 0 
220 231 18 0 
220 222 29 0 
221 229 28 0 
223 361 36 0 
224 321 5 0 
224 288 34 0 
227 353 28 0 
227 339 16 0 
228 333 13 0 
228 328 11 0 
228 323 9 0 
228 287 21 0 
230 379 49 0 
230 314 21 0 
231 239 34 0 
232 386 23 0 
232 312 16 0 
232 282 40 0 
233 278 17 0 
234 240 9 0 
235 350 18 0 
235 280 37 0 
237 299 23 0 
237 280 31 0 
238 287 33 0 
238 244 46 0 
238 240 28 0 
240 385 30 0 
241 340 43 0 
241 266 17 0 
241 253 45 0 
242 397 3 0 
242 373 38 0 
242 318 36 0 
242 271 38 0 
243 376 24 0 
243 285 7 0 
243 274 22 0 
244 351 44 0 
244 300 21 0 
245 368 21 0 
245 346 7 0 
245 297 14 0 
245 294 12 0 
246 360 19 0 
246 358 25 0 
246 251 10 0 
247 354 18 0 
248 355 44 0 
248 331 33 0 
249 269 20 0 
251 322 23 0 
252 322 10 0 
252 263 16 0 
253 328 11 0 
254 288 21 0 
255 389 48 0 
256 393 27 0 
257 378 31 0 
258 357 33 0 
258 337 30 0 
259 389 8 0 
259 360 21 0 
261 390 15 0 
261 275 20 0 
262 388 12 0 
262 331 16 0 
263 376 38 0 
263 350 37 0 
263 332 32 0 
264 331 2 0 
265 384 40 0 
266 395 28 0 
266 277 21 0 
268 291 34 0 
269 295 42 0 
270 394 13 0 
272 373 32 0 
273 325 43 0 
273 322 33 0 
273 288 34 0 
273 277 26 0 
275 397 53 0 
275 343 32 0 
276 375 38 0 
276 294 27 0 
277 382 14 0 
278 352 10 0 
279 341 23 0 
279 323 39 0 
279 316 33 0 
280 322 48 0 
282 383 41 0 
283 337 22 0 
285 385 21 0 
285 313 37 0 
286 358 6 0 
287 324 25 0 
287 317 17 0 
287 290 24 0 
290 313 22 0 
292 304 35 0 
295 390 32 0 
296 347 11 0 
298 375 15 0 
298 361 23 0 
298 340 12 0 
301 371 50 0 
301 366 10 0 
301 337 35 0 
303 395 30 0 
303 385 17 0 
303 355 24 0 
305 374 11 0 
309 361 19 0 
309 332 40 0 
313 399 13 0 
313 397 49 0 
313 393 49 0 
315 399 12 0 
315 319 21 0 
318 326 34 0 
319 353 4 0 
321 330 35 0 
322 359 37 0 
324 345 47 0 
324 343 35 0 
325 370 48 0 
325 354 33 0 
326 342 35 0 
328 356 11 0 
331 371 30 0 
331 364 46 0 
332 374 45 0 
332 373 38 0 
332 364 28 0 
332 362 21 0 
333 345 49 0 
334 382 13 0 
335 382 5 0 
337 368 10 0 
340 389 44 0 
347 377 32 0 
347 364 16 0 
347 359 24 0 
348 382 52 0 
350 361 30 0 
359 390 39 0 
361 397 35 0 
364 370 45 0 
371 386 26 0 
373 383 15 0 
375 391 21 0 
375 378 24 0 
377 386 23 0 
380 383 43 0 
380 381 10 0 
