#GRAPH (#nodes #edges id uu vv ww xx yy zz):
#400 1630 geo(0,{400,50,3,0.009,0.000,0.000}) 50 
#
VERTICES (index name u v w x y z):
0 0 9 29 
1 1 24 24 
2 2 21 0 
3 3 2 37 
4 4 40 37 
5 5 30 24 
6 6 23 48 
7 7 14 37 
8 8 27 35 
9 9 42 25 
10 10 3 12 
11 11 26 35 
12 12 23 33 
13 13 39 4 
14 14 43 48 
15 15 40 25 
16 16 41 18 
17 17 35 26 
18 18 45 14 
19 19 41 26 
20 20 31 7 
21 21 7 40 
22 22 21 48 
23 23 22 43 
24 24 37 18 
25 25 8 40 
26 26 25 0 
27 27 35 49 
28 28 26 25 
29 29 28 39 
30 30 24 10 
31 31 36 40 
32 32 3 19 
33 33 19 30 
34 34 36 10 
35 35 3 33 
36 36 8 11 
37 37 8 32 
38 38 28 41 
39 39 19 21 
40 40 5 6 
41 41 24 40 
42 42 49 48 
43 43 32 11 
44 44 5 43 
45 45 12 4 
46 46 34 42 
47 47 25 31 
48 48 15 21 
49 49 34 33 
50 50 16 0 
51 51 26 31 
52 52 35 11 
53 53 22 48 
54 54 26 43 
55 55 34 22 
56 56 40 31 
57 57 49 42 
58 58 28 47 
59 59 11 3 
60 60 11 34 
61 61 42 9 
62 62 42 2 
63 63 49 21 
64 64 45 4 
65 65 29 40 
66 66 33 16 
67 67 47 43 
68 68 11 44 
69 69 12 6 
70 70 8 14 
71 71 17 0 
72 72 16 44 
73 73 39 6 
74 74 10 35 
75 75 35 24 
76 76 30 33 
77 77 42 15 
78 78 23 1 
79 79 31 29 
80 80 29 3 
81 81 36 26 
82 82 3 20 
83 83 6 31 
84 84 20 10 
85 85 34 40 
86 86 31 25 
87 87 33 18 
88 88 43 0 
89 89 9 44 
90 90 47 44 
91 91 24 38 
92 92 45 39 
93 93 24 31 
94 94 10 20 
95 95 23 16 
96 96 20 16 
97 97 11 21 
98 98 22 36 
99 99 1 24 
100 100 14 42 
101 101 43 5 
102 102 24 1 
103 103 30 21 
104 104 39 38 
105 105 14 0 
106 106 6 27 
107 107 18 43 
108 108 24 44 
109 109 43 35 
110 110 3 11 
111 111 11 35 
112 112 12 31 
113 113 46 27 
114 114 45 13 
115 115 44 4 
116 116 18 0 
117 117 26 10 
118 118 10 8 
119 119 10 4 
120 120 30 48 
121 121 17 43 
122 122 18 35 
123 123 46 1 
124 124 44 2 
125 125 28 18 
126 126 2 4 
127 127 6 3 
128 128 24 47 
129 129 18 12 
130 130 28 37 
131 131 29 20 
132 132 1 10 
133 133 3 28 
134 134 46 35 
135 135 18 10 
136 136 25 27 
137 137 34 31 
138 138 25 30 
139 139 8 27 
140 140 28 28 
141 141 8 49 
142 142 45 19 
143 143 47 23 
144 144 48 21 
145 145 12 21 
146 146 13 37 
147 147 2 27 
148 148 14 24 
149 149 10 32 
150 150 21 17 
151 151 49 17 
152 152 5 15 
153 153 42 23 
154 154 7 45 
155 155 2 3 
156 156 46 39 
157 157 43 23 
158 158 0 1 
159 159 34 41 
160 160 18 38 
161 161 23 14 
162 162 28 27 
163 163 30 6 
164 164 26 49 
165 165 8 38 
166 166 23 6 
167 167 45 34 
168 168 9 33 
169 169 4 19 
170 170 6 24 
171 171 26 15 
172 172 27 41 
173 173 11 25 
174 174 24 3 
175 175 47 28 
176 176 5 24 
177 177 20 20 
178 178 4 22 
179 179 31 22 
180 180 40 10 
181 181 13 28 
182 182 15 24 
183 183 45 47 
184 184 42 22 
185 185 24 27 
186 186 27 45 
187 187 23 36 
188 188 10 1 
189 189 11 45 
190 190 44 3 
191 191 48 23 
192 192 41 27 
193 193 14 18 
194 194 38 18 
195 195 31 27 
196 196 14 47 
197 197 45 17 
198 198 27 20 
199 199 21 6 
200 200 4 45 
201 201 10 21 
202 202 49 35 
203 203 45 44 
204 204 2 25 
205 205 3 9 
206 206 27 9 
207 207 38 7 
208 208 18 5 
209 209 19 29 
210 210 33 12 
211 211 18 32 
212 212 23 35 
213 213 25 8 
214 214 45 30 
215 215 43 14 
216 216 19 28 
217 217 23 17 
218 218 37 47 
219 219 29 2 
220 220 43 40 
221 221 2 36 
222 222 46 7 
223 223 42 32 
224 224 17 32 
225 225 11 0 
226 226 48 12 
227 227 10 34 
228 228 4 13 
229 229 29 41 
230 230 39 27 
231 231 32 24 
232 232 43 9 
233 233 19 18 
234 234 26 39 
235 235 39 22 
236 236 32 16 
237 237 35 46 
238 238 9 15 
239 239 29 30 
240 240 40 21 
241 241 22 8 
242 242 30 12 
243 243 32 7 
244 244 17 38 
245 245 49 6 
246 246 44 39 
247 247 37 26 
248 248 14 22 
249 249 36 18 
250 250 10 13 
251 251 30 22 
252 252 8 33 
253 253 34 5 
254 254 44 14 
255 255 0 49 
256 256 8 4 
257 257 20 22 
258 258 37 22 
259 259 44 49 
260 260 20 46 
261 261 20 26 
262 262 48 47 
263 263 5 44 
264 264 16 24 
265 265 42 40 
266 266 1 38 
267 267 11 11 
268 268 13 48 
269 269 15 45 
270 270 17 34 
271 271 49 39 
272 272 42 31 
273 273 8 18 
274 274 33 34 
275 275 16 26 
276 276 42 4 
277 277 20 40 
278 278 6 29 
279 279 27 38 
280 280 43 44 
281 281 22 42 
282 282 7 30 
283 283 23 29 
284 284 28 5 
285 285 10 42 
286 286 30 46 
287 287 6 32 
288 288 39 30 
289 289 35 4 
290 290 8 6 
291 291 8 34 
292 292 40 39 
293 293 19 17 
294 294 14 30 
295 295 39 44 
296 296 46 31 
297 297 4 46 
298 298 15 37 
299 299 21 14 
300 300 41 43 
301 301 36 32 
302 302 32 1 
303 303 19 32 
304 304 22 31 
305 305 20 17 
306 306 2 32 
307 307 41 19 
308 308 19 12 
309 309 16 28 
310 310 38 13 
311 311 23 46 
312 312 38 8 
313 313 22 17 
314 314 21 24 
315 315 5 46 
316 316 17 37 
317 317 20 48 
318 318 7 3 
319 319 17 33 
320 320 20 30 
321 321 16 49 
322 322 30 34 
323 323 4 29 
324 324 15 3 
325 325 47 14 
326 326 21 36 
327 327 25 11 
328 328 11 22 
329 329 5 37 
330 330 21 22 
331 331 32 5 
332 332 9 27 
333 333 31 6 
334 334 44 24 
335 335 17 27 
336 336 22 34 
337 337 25 39 
338 338 29 29 
339 339 39 32 
340 340 34 27 
341 341 32 43 
342 342 26 36 
343 343 44 48 
344 344 44 33 
345 345 47 3 
346 346 30 49 
347 347 37 4 
348 348 16 34 
349 349 5 41 
350 350 9 25 
351 351 1 27 
352 352 2 5 
353 353 30 18 
354 354 3 47 
355 355 35 29 
356 356 34 3 
357 357 40 45 
358 358 43 6 
359 359 28 6 
360 360 46 23 
361 361 33 5 
362 362 5 29 
363 363 37 48 
364 364 14 20 
365 365 45 3 
366 366 14 16 
367 367 16 5 
368 368 3 5 
369 369 0 20 
370 370 45 26 
371 371 22 10 
372 372 43 34 
373 373 13 10 
374 374 14 48 
375 375 32 26 
376 376 15 42 
377 377 1 48 
378 378 9 42 
379 379 1 9 
380 380 32 38 
381 381 24 29 
382 382 17 28 
383 383 11 10 
384 384 21 41 
385 385 16 3 
386 386 15 15 
387 387 47 6 
388 388 2 2 
389 389 35 33 
390 390 35 30 
391 391 6 19 
392 392 8 2 
393 393 4 27 
394 394 17 18 
395 395 37 0 
396 396 12 20 
397 397 1 6 
398 398 16 43 
399 399 16 35 
#
EDGES (from-node to-node length a b):
0 2 31 0 
1 379 27 0 
1 293 9 0 
1 262 33 0 
1 224 11 0 
1 55 10 0 
1 41 16 0 
1 37 18 0 
2 311 46 0 
2 283 29 0 
3 69 33 0 
3 64 54 0 
3 24 40 0 
4 392 47 0 
4 368 49 0 
4 346 16 0 
4 313 27 0 
4 246 4 0 
4 227 30 0 
5 387 25 0 
5 357 23 0 
5 322 10 0 
5 174 22 0 
5 89 29 0 
6 114 41 0 
6 83 24 0 
6 45 45 0 
7 323 13 0 
7 288 26 0 
7 246 30 0 
7 153 31 0 
7 116 37 0 
7 100 5 0 
7 55 25 0 
8 378 19 0 
8 341 9 0 
8 279 3 0 
8 250 28 0 
8 30 25 0 
8 9 18 0 
9 237 22 0 
9 114 12 0 
9 110 41 0 
9 65 20 0 
10 272 43 0 
10 245 46 0 
10 154 33 0 
10 89 33 0 
11 248 18 0 
11 57 24 0 
12 394 16 0 
12 393 20 0 
12 300 21 0 
12 246 22 0 
12 229 10 0 
12 81 15 0 
13 386 26 0 
13 365 6 0 
13 355 25 0 
13 339 28 0 
13 250 30 0 
13 65 37 0 
14 329 40 0 
15 206 21 0 
15 159 17 0 
15 136 15 0 
16 50 31 0 
17 367 28 0 
17 231 4 0 
17 214 11 0 
17 96 18 0 
17 55 4 0 
17 23 21 0 
18 346 38 0 
18 323 44 0 
18 151 5 0 
18 128 39 0 
18 32 42 0 
18 22 42 0 
19 348 26 0 
19 191 8 0 
20 376 38 0 
20 355 22 0 
20 258 16 0 
20 175 26 0 
20 173 27 0 
20 141 48 0 
20 126 29 0 
21 319 12 0 
21 257 22 0 
21 240 38 0 
21 190 52 0 
21 67 40 0 
22 271 29 0 
22 123 53 0 
22 104 21 0 
22 50 48 0 
23 355 19 0 
23 292 18 0 
23 273 29 0 
23 267 34 0 
23 257 21 0 
23 146 11 0 
24 372 17 0 
24 233 18 0 
24 170 32 0 
25 101 49 0 
25 86 27 0 
26 274 35 0 
26 103 22 0 
26 54 43 0 
27 390 19 0 
27 326 19 0 
27 307 31 0 
27 224 25 0 
27 210 37 0 
27 113 25 0 
27 111 28 0 
27 87 31 0 
27 61 41 0 
27 52 38 0 
28 300 23 0 
28 257 7 0 
28 232 23 0 
28 226 26 0 
28 182 11 0 
28 131 6 0 
29 293 24 0 
29 191 26 0 
29 127 42 0 
30 317 38 0 
30 211 23 0 
30 202 35 0 
30 172 31 0 
31 330 23 0 
31 249 22 0 
31 223 10 0 
31 195 14 0 
31 54 10 0 
32 113 44 0 
32 40 13 0 
33 235 22 0 
34 397 35 0 
34 339 22 0 
34 229 32 0 
34 142 13 0 
35 166 34 0 
36 323 18 0 
36 161 15 0 
37 339 31 0 
37 288 31 0 
37 183 40 0 
37 176 9 0 
38 290 40 0 
39 350 11 0 
39 261 5 0 
39 223 25 0 
39 155 25 0 
39 148 6 0 
39 85 24 0 
40 70 9 0 
41 339 17 0 
41 318 41 0 
41 294 14 0 
41 236 25 0 
41 104 15 0 
41 57 25 0 
42 346 19 0 
42 289 46 0 
42 137 23 0 
43 393 32 0 
43 246 30 0 
43 217 11 0 
43 161 9 0 
43 152 27 0 
43 57 35 0 
44 397 37 0 
44 194 41 0 
44 162 28 0 
44 57 44 0 
45 379 12 0 
45 81 33 0 
46 321 19 0 
46 270 19 0 
46 221 33 0 
47 379 33 0 
47 354 27 0 
47 213 23 0 
48 381 12 0 
48 332 8 0 
48 283 11 0 
48 249 21 0 
48 237 32 0 
48 178 11 0 
48 126 21 0 
48 93 13 0 
48 67 39 0 
49 350 26 0 
49 346 16 0 
49 200 32 0 
49 68 25 0 
50 292 46 0 
50 226 34 0 
51 345 35 0 
51 204 25 0 
51 196 20 0 
52 393 35 0 
52 313 14 0 
53 314 24 0 
53 277 8 0 
53 159 14 0 
53 158 52 0 
53 78 47 0 
53 74 18 0 
54 364 26 0 
54 338 14 0 
54 282 23 0 
54 147 29 0 
54 133 27 0 
54 99 31 0 
55 370 12 0 
55 145 22 0 
55 142 11 0 
56 282 33 0 
56 83 34 0 
57 368 59 0 
57 281 27 0 
57 203 4 0 
57 111 39 0 
57 85 15 0 
58 241 39 0 
58 80 44 0 
59 364 17 0 
59 313 18 0 
59 206 17 0 
59 154 42 0 
59 135 10 0 
59 134 47 0 
59 65 41 0 
60 384 12 0 
60 304 11 0 
60 193 16 0 
60 87 27 0 
61 389 25 0 
61 275 31 0 
61 147 44 0 
62 368 39 0 
62 196 53 0 
62 63 20 0 
63 373 38 0 
64 156 35 0 
64 123 3 0 
65 192 18 0 
65 122 12 0 
66 330 13 0 
66 284 12 0 
67 289 41 0 
67 100 33 0 
68 293 28 0 
68 238 29 0 
69 397 11 0 
69 351 24 0 
69 254 33 0 
69 90 52 0 
71 362 31 0 
71 359 13 0 
71 242 18 0 
72 369 29 0 
72 311 7 0 
72 281 6 0 
72 259 28 0 
72 213 37 0 
73 342 33 0 
73 243 7 0 
73 105 26 0 
73 96 21 0 
74 250 22 0 
74 84 27 0 
75 283 13 0 
75 275 19 0 
76 365 34 0 
76 343 21 0 
76 280 17 0 
76 170 26 0 
76 106 25 0 
77 231 13 0 
77 138 23 0 
78 320 29 0 
78 238 20 0 
78 205 22 0 
78 185 26 0 
79 299 18 0 
79 201 22 0 
79 121 20 0 
81 352 40 0 
81 202 16 0 
81 179 6 0 
81 158 44 0 
81 131 9 0 
81 119 34 0 
82 374 30 0 
82 314 18 0 
82 204 5 0 
82 202 48 0 
83 338 23 0 
83 285 12 0 
83 220 38 0 
83 145 12 0 
84 308 2 0 
84 295 39 0 
84 294 21 0 
84 149 24 0 
85 371 32 0 
85 300 8 0 
86 377 38 0 
86 291 25 0 
86 158 39 0 
86 125 8 0 
86 110 31 0 
87 334 13 0 
87 242 7 0 
87 168 28 0 
87 138 14 0 
88 381 35 0 
88 352 41 0 
88 325 15 0 
88 224 41 0 
88 190 3 0 
89 259 35 0 
90 234 22 0 
90 219 46 0 
90 103 29 0 
90 100 33 0 
91 267 30 0 
91 237 14 0 
91 234 2 0 
91 220 19 0 
91 147 25 0 
92 359 37 0 
92 225 52 0 
92 118 47 0 
93 255 30 0 
94 264 7 0 
94 230 30 0 
94 216 12 0 
95 354 37 0 
95 265 31 0 
95 254 21 0 
95 168 22 0 
95 160 23 0 
96 397 21 0 
96 262 42 0 
96 150 1 0 
97 300 37 0 
97 263 24 0 
98 321 14 0 
99 311 31 0 
99 296 46 0 
100 255 16 0 
100 247 28 0 
100 152 28 0 
100 113 35 0 
101 351 47 0 
101 330 28 0 
101 305 26 0 
101 140 27 0 
101 134 30 0 
102 275 26 0 
102 110 23 0 
103 230 11 0 
103 152 26 0 
104 312 30 0 
104 284 35 0 
104 222 32 0 
104 123 38 0 
105 325 36 0 
105 120 51 0 
106 386 15 0 
106 322 25 0 
107 361 41 0 
107 146 8 0 
108 295 15 0 
108 256 43 0 
108 255 25 0 
108 252 19 0 
109 316 26 0 
109 299 30 0 
109 133 41 0 
111 253 38 0 
111 244 7 0 
111 217 22 0 
111 185 15 0 
111 175 37 0 
111 134 35 0 
112 326 10 0 
112 321 18 0 
113 379 48 0 
113 191 4 0 
113 158 53 0 
113 151 10 0 
113 138 21 0 
114 371 23 0 
114 360 10 0 
114 347 12 0 
114 205 42 0 
114 167 21 0 
115 225 33 0 
115 158 44 0 
116 280 51 0 
116 240 30 0 
116 140 30 0 
117 393 28 0 
117 259 43 0 
117 198 10 0 
117 122 26 0 
118 377 41 0 
118 292 43 0 
118 288 36 0 
118 246 46 0 
119 243 22 0 
120 254 37 0 
120 132 48 0 
121 173 19 0 
122 333 32 0 
122 303 3 0 
122 207 34 0 
122 184 27 0 
122 165 10 0 
123 290 38 0 
123 193 36 0 
123 150 30 0 
124 374 55 0 
124 368 41 0 
124 360 21 0 
124 186 46 0 
124 179 24 0 
125 313 6 0 
126 370 48 0 
126 369 16 0 
126 352 1 0 
126 286 50 0 
126 202 56 0 
127 131 29 0 
128 364 29 0 
128 250 37 0 
128 148 25 0 
129 347 21 0 
129 154 35 0 
130 289 34 0 
131 172 21 0 
131 144 19 0 
132 340 37 0 
132 241 21 0 
133 164 31 0 
134 376 32 0 
134 369 48 0 
135 323 24 0 
135 192 29 0 
136 229 15 0 
137 392 39 0 
138 307 19 0 
138 223 17 0 
139 373 18 0 
139 190 43 0 
139 158 27 0 
141 310 47 0 
141 196 6 0 
142 231 14 0 
143 349 46 0 
143 335 30 0 
143 281 31 0 
143 264 31 0 
144 309 33 0 
144 291 42 0 
144 252 42 0 
145 249 24 0 
145 235 27 0 
145 231 20 0 
145 219 25 0 
145 149 11 0 
146 381 14 0 
146 349 9 0 
146 280 31 0 
147 391 9 0 
147 289 40 0 
148 296 33 0 
148 281 20 0 
149 216 10 0 
149 199 28 0 
150 247 18 0 
150 198 7 0 
150 174 14 0 
151 284 24 0 
151 220 24 0 
151 213 26 0 
152 385 16 0 
153 327 21 0 
154 213 41 0 
155 267 12 0 
156 337 21 0 
156 280 6 0 
156 183 8 0 
156 164 22 0 
157 394 26 0 
158 266 37 0 
159 395 41 0 
159 277 14 0 
159 191 23 0 
160 261 12 0 
161 378 31 0 
162 394 14 0 
162 276 27 0 
163 327 7 0 
163 235 18 0 
164 320 20 0 
165 394 22 0 
165 388 36 0 
165 343 37 0 
165 341 25 0 
166 358 20 0 
167 356 33 0 
167 327 30 0 
167 320 25 0 
167 318 49 0 
167 204 44 0 
168 301 27 0 
169 276 41 0 
170 357 40 0 
170 262 48 0 
170 197 40 0 
171 307 16 0 
172 347 38 0 
172 335 17 0 
172 231 18 0 
173 355 24 0 
173 255 26 0 
173 247 26 0 
174 318 17 0 
174 310 17 0 
174 305 15 0 
176 359 29 0 
176 358 42 0 
176 345 47 0 
176 268 25 0 
176 238 10 0 
176 195 26 0 
177 285 24 0 
177 282 16 0 
177 210 15 0 
178 319 17 0 
178 299 19 0 
179 398 26 0 
179 378 30 0 
179 310 11 0 
179 292 19 0 
179 290 28 0 
179 263 34 0 
179 186 23 0 
180 278 39 0 
181 358 37 0 
181 213 23 0 
182 283 9 0 
182 259 38 0 
182 207 29 0 
182 184 27 0 
183 295 7 0 
183 258 26 0 
183 207 41 0 
183 189 34 0 
184 366 29 0 
184 346 30 0 
185 391 20 0 
185 366 15 0 
185 336 7 0 
185 333 22 0 
185 300 23 0 
186 378 18 0 
186 367 41 0 
186 329 23 0 
186 316 13 0 
186 315 22 0 
187 367 32 0 
187 307 25 0 
187 190 39 0 
188 329 36 0 
188 256 4 0 
189 362 17 0 
189 271 38 0 
189 238 30 0 
190 351 49 0 
190 323 48 0 
190 253 10 0 
191 374 42 0 
191 299 28 0 
191 289 23 0 
192 266 41 0 
194 387 15 0 
195 362 26 0 
196 236 36 0 
197 341 29 0 
197 320 28 0 
198 372 21 0 
198 294 16 0 
199 386 11 0 
199 381 23 0 
199 300 42 0 
199 247 26 0 
199 226 28 0 
201 295 37 0 
203 383 48 0 
204 342 26 0 
204 327 27 0 
204 326 22 0 
204 300 43 0 
205 272 45 0 
205 262 59 0 
206 281 33 0 
206 265 34 0 
207 371 16 0 
207 311 42 0 
207 258 15 0 
208 303 27 0 
209 392 29 0 
209 347 31 0 
209 318 29 0 
210 243 5 0 
211 252 10 0 
212 374 16 0 
212 267 27 0 
212 243 29 0 
213 291 31 0 
213 278 28 0 
213 266 38 0 
214 391 41 0 
214 360 7 0 
214 232 21 0 
215 289 13 0 
216 353 15 0 
216 268 21 0 
216 263 21 0 
216 257 6 0 
216 225 29 0 
218 259 7 0 
219 384 40 0 
219 376 42 0 
219 367 13 0 
219 338 27 0 
221 313 28 0 
221 269 16 0 
222 363 42 0 
223 343 16 0 
223 315 40 0 
223 243 27 0 
223 230 6 0 
224 317 16 0 
224 225 33 0 
225 399 35 0 
225 384 42 0 
226 377 59 0 
227 398 11 0 
227 312 38 0 
228 297 33 0 
229 386 30 0 
229 380 4 0 
229 335 18 0 
231 336 14 0 
232 345 7 0 
233 395 25 0 
233 372 29 0 
233 302 21 0 
233 261 8 0 
234 388 44 0 
234 239 9 0 
235 375 8 0 
236 343 34 0 
238 382 15 0 
238 282 15 0 
238 246 42 0 
239 372 15 0 
239 331 25 0 
241 315 42 0 
243 372 29 0 
243 318 25 0 
243 304 26 0 
245 328 41 0 
245 324 34 0 
245 262 41 0 
246 384 23 0 
247 377 42 0 
247 343 23 0 
248 268 26 0 
250 262 51 0 
251 389 12 0 
251 302 21 0 
252 372 35 0 
252 285 9 0 
252 259 39 0 
253 367 18 0 
253 359 6 0 
253 354 52 0 
253 307 16 0 
254 258 11 0 
255 350 26 0 
256 334 41 0 
256 321 46 0 
257 378 23 0 
257 272 24 0 
260 379 42 0 
260 369 33 0 
260 263 15 0 
261 393 16 0 
261 325 30 0 
261 269 20 0 
262 340 24 0 
263 357 35 0 
264 361 25 0 
264 326 13 0 
265 292 2 0 
267 392 9 0 
267 386 6 0 
267 367 8 0 
268 390 28 0 
268 377 12 0 
268 368 44 0 
268 314 25 0 
268 294 18 0 
269 394 27 0 
269 270 11 0 
270 338 13 0 
272 397 48 0 
272 305 26 0 
273 392 16 0 
273 361 28 0 
273 353 22 0 
273 280 44 0 
274 349 29 0 
275 356 29 0 
275 325 33 0 
275 312 28 0 
277 370 29 0 
277 338 14 0 
280 349 38 0 
280 292 6 0 
281 383 34 0 
281 373 33 0 
281 319 10 0 
281 302 42 0 
282 295 35 0 
283 344 21 0 
283 327 18 0 
286 315 25 0 
287 383 23 0 
287 298 10 0 
289 350 33 0 
289 313 18 0 
290 333 23 0 
290 291 28 0 
291 304 14 0 
293 399 18 0 
293 348 17 0 
293 340 18 0 
294 392 29 0 
295 335 28 0 
296 335 29 0 
297 310 47 0 
299 361 15 0 
300 319 26 0 
300 318 52 0 
300 308 38 0 
302 373 21 0 
302 311 46 0 
304 386 17 0 
305 349 28 0 
305 340 17 0 
305 332 15 0 
306 384 21 0 
309 372 28 0 
309 312 30 0 
310 398 37 0 
311 357 17 0 
311 353 29 0 
311 346 8 0 
312 320 28 0 
313 344 27 0 
316 344 27 0 
319 352 32 0 
322 396 23 0 
324 389 36 0 
324 373 7 0 
324 341 43 0 
325 385 33 0 
326 351 22 0 
327 394 11 0 
327 374 39 0 
327 373 12 0 
330 368 25 0 
330 343 35 0 
335 353 16 0 
336 351 22 0 
337 339 16 0 
338 349 27 0 
343 399 31 0 
348 369 21 0 
350 357 37 0 
354 386 34 0 
354 364 29 0 
357 367 47 0 
360 369 46 0 
361 393 36 0 
363 398 22 0 
365 376 49 0 
371 397 21 0 
376 387 48 0 
378 388 41 0 
387 395 12 0 
