#GRAPH (#nodes #edges id uu vv ww xx yy zz):
#400 1644 geo(0,{400,50,3,0.009,0.000,0.000}) 50 
#
VERTICES (index name u v w x y z):
0 0 16 30 
1 1 24 21 
2 2 29 19 
3 3 31 21 
4 4 18 24 
5 5 46 10 
6 6 7 9 
7 7 37 22 
8 8 0 22 
9 9 31 41 
10 10 37 27 
11 11 35 12 
12 12 40 6 
13 13 11 23 
14 14 31 31 
15 15 12 26 
16 16 6 40 
17 17 28 39 
18 18 8 24 
19 19 19 7 
20 20 9 26 
21 21 5 19 
22 22 9 45 
23 23 38 17 
24 24 6 13 
25 25 24 18 
26 26 43 23 
27 27 8 10 
28 28 30 18 
29 29 6 36 
30 30 22 9 
31 31 49 47 
32 32 2 21 
33 33 10 5 
34 34 4 21 
35 35 16 28 
36 36 32 14 
37 37 23 41 
38 38 22 14 
39 39 11 3 
40 40 39 13 
41 41 13 32 
42 42 0 35 
43 43 11 21 
44 44 41 40 
45 45 10 35 
46 46 25 45 
47 47 7 42 
48 48 6 23 
49 49 9 43 
50 50 7 14 
51 51 40 13 
52 52 13 15 
53 53 20 3 
54 54 0 10 
55 55 45 7 
56 56 46 16 
57 57 12 32 
58 58 17 11 
59 59 11 36 
60 60 36 45 
61 61 10 40 
62 62 23 11 
63 63 5 28 
64 64 3 3 
65 65 8 48 
66 66 27 21 
67 67 20 38 
68 68 22 40 
69 69 27 35 
70 70 22 48 
71 71 40 15 
72 72 43 10 
73 73 21 9 
74 74 22 35 
75 75 47 8 
76 76 23 42 
77 77 31 9 
78 78 6 31 
79 79 7 8 
80 80 2 31 
81 81 49 41 
82 82 48 43 
83 83 42 13 
84 84 24 46 
85 85 20 21 
86 86 24 49 
87 87 18 13 
88 88 33 29 
89 89 5 30 
90 90 19 8 
91 91 46 42 
92 92 6 14 
93 93 8 5 
94 94 18 19 
95 95 38 48 
96 96 14 46 
97 97 32 29 
98 98 10 4 
99 99 33 48 
100 100 6 38 
101 101 0 13 
102 102 48 5 
103 103 0 38 
104 104 48 35 
105 105 25 3 
106 106 47 5 
107 107 23 22 
108 108 32 42 
109 109 33 12 
110 110 48 15 
111 111 24 22 
112 112 29 9 
113 113 6 8 
114 114 42 24 
115 115 7 18 
116 116 35 2 
117 117 11 45 
118 118 6 25 
119 119 7 6 
120 120 10 30 
121 121 15 7 
122 122 3 4 
123 123 33 4 
124 124 0 20 
125 125 23 9 
126 126 42 23 
127 127 13 23 
128 128 15 12 
129 129 16 41 
130 130 26 5 
131 131 26 3 
132 132 1 41 
133 133 10 3 
134 134 45 10 
135 135 13 28 
136 136 29 40 
137 137 31 24 
138 138 25 25 
139 139 46 36 
140 140 39 7 
141 141 12 43 
142 142 7 20 
143 143 2 4 
144 144 45 18 
145 145 25 22 
146 146 29 5 
147 147 33 8 
148 148 34 26 
149 149 38 46 
150 150 30 11 
151 151 28 21 
152 152 36 38 
153 153 27 40 
154 154 48 37 
155 155 47 36 
156 156 26 37 
157 157 25 42 
158 158 48 9 
159 159 3 8 
160 160 11 25 
161 161 14 37 
162 162 22 37 
163 163 42 0 
164 164 21 2 
165 165 46 21 
166 166 25 26 
167 167 13 30 
168 168 15 37 
169 169 28 32 
170 170 5 40 
171 171 38 2 
172 172 40 18 
173 173 46 24 
174 174 4 40 
175 175 48 29 
176 176 44 26 
177 177 37 1 
178 178 13 26 
179 179 39 43 
180 180 24 27 
181 181 1 34 
182 182 42 49 
183 183 27 37 
184 184 8 32 
185 185 16 49 
186 186 32 8 
187 187 32 12 
188 188 9 29 
189 189 48 0 
190 190 32 43 
191 191 12 48 
192 192 39 12 
193 193 48 40 
194 194 42 27 
195 195 10 38 
196 196 34 16 
197 197 41 2 
198 198 24 1 
199 199 43 2 
200 200 26 43 
201 201 37 40 
202 202 16 16 
203 203 8 20 
204 204 47 1 
205 205 42 38 
206 206 14 11 
207 207 35 15 
208 208 6 41 
209 209 46 46 
210 210 0 8 
211 211 5 32 
212 212 39 5 
213 213 34 28 
214 214 18 15 
215 215 2 10 
216 216 49 36 
217 217 11 38 
218 218 49 22 
219 219 1 49 
220 220 1 31 
221 221 37 48 
222 222 27 32 
223 223 8 25 
224 224 24 4 
225 225 44 42 
226 226 25 36 
227 227 6 6 
228 228 40 24 
229 229 40 36 
230 230 36 39 
231 231 10 23 
232 232 22 39 
233 233 23 18 
234 234 34 35 
235 235 29 26 
236 236 47 43 
237 237 6 22 
238 238 26 6 
239 239 24 32 
240 240 28 9 
241 241 13 41 
242 242 4 33 
243 243 26 41 
244 244 39 46 
245 245 40 38 
246 246 7 11 
247 247 15 24 
248 248 11 10 
249 249 26 17 
250 250 27 26 
251 251 2 34 
252 252 37 41 
253 253 20 42 
254 254 27 6 
255 255 12 46 
256 256 19 17 
257 257 16 10 
258 258 22 19 
259 259 29 20 
260 260 37 36 
261 261 22 23 
262 262 4 46 
263 263 39 34 
264 264 9 46 
265 265 47 34 
266 266 24 40 
267 267 18 40 
268 268 41 0 
269 269 49 1 
270 270 8 1 
271 271 29 46 
272 272 49 42 
273 273 2 22 
274 274 37 8 
275 275 31 42 
276 276 47 26 
277 277 35 44 
278 278 35 23 
279 279 23 12 
280 280 10 25 
281 281 38 42 
282 282 30 17 
283 283 35 31 
284 284 38 25 
285 285 6 43 
286 286 15 41 
287 287 30 37 
288 288 25 46 
289 289 24 47 
290 290 44 35 
291 291 44 37 
292 292 6 27 
293 293 35 49 
294 294 39 10 
295 295 30 10 
296 296 30 39 
297 297 18 31 
298 298 41 17 
299 299 21 43 
300 300 38 37 
301 301 32 39 
302 302 3 15 
303 303 33 15 
304 304 0 18 
305 305 26 49 
306 306 16 2 
307 307 0 14 
308 308 45 0 
309 309 45 45 
310 310 39 28 
311 311 38 6 
312 312 10 29 
313 313 9 9 
314 314 5 45 
315 315 25 20 
316 316 14 29 
317 317 49 31 
318 318 29 14 
319 319 22 38 
320 320 4 37 
321 321 1 24 
322 322 27 44 
323 323 43 11 
324 324 28 49 
325 325 10 36 
326 326 13 4 
327 327 9 0 
328 328 7 4 
329 329 23 16 
330 330 20 34 
331 331 6 34 
332 332 0 41 
333 333 38 16 
334 334 0 39 
335 335 39 1 
336 336 27 33 
337 337 30 19 
338 338 33 37 
339 339 6 33 
340 340 6 44 
341 341 29 32 
342 342 46 14 
343 343 14 2 
344 344 43 0 
345 345 37 35 
346 346 29 25 
347 347 49 40 
348 348 24 15 
349 349 37 29 
350 350 25 4 
351 351 0 23 
352 352 11 34 
353 353 25 6 
354 354 9 8 
355 355 27 42 
356 356 12 44 
357 357 7 41 
358 358 45 36 
359 359 16 39 
360 360 46 47 
361 361 29 48 
362 362 43 37 
363 363 39 14 
364 364 23 46 
365 365 5 8 
366 366 29 42 
367 367 42 3 
368 368 33 36 
369 369 37 33 
370 370 38 35 
371 371 26 22 
372 372 49 6 
373 373 19 13 
374 374 43 24 
375 375 22 5 
376 376 42 9 
377 377 22 25 
378 378 47 15 
379 379 27 4 
380 380 41 9 
381 381 12 25 
382 382 15 5 
383 383 21 32 
384 384 6 21 
385 385 28 34 
386 386 46 41 
387 387 12 20 
388 388 12 0 
389 389 36 0 
390 390 15 1 
391 391 48 34 
392 392 24 41 
393 393 24 45 
394 394 4 2 
395 395 6 0 
396 396 25 19 
397 397 2 42 
398 398 27 10 
399 399 4 1 
#
EDGES (from-node to-node length a b):
0 398 23 0 
0 391 32 0 
0 387 11 0 
0 271 21 0 
0 259 16 0 
0 234 19 0 
0 157 15 0 
0 75 38 0 
1 157 21 0 
1 140 21 0 
1 71 17 0 
1 51 18 0 
1 29 23 0 
2 338 18 0 
2 312 21 0 
2 68 22 0 
3 332 37 0 
3 250 6 0 
3 151 3 0 
3 97 8 0 
3 55 20 0 
4 328 23 0 
4 210 24 0 
4 101 21 0 
5 393 41 0 
5 336 30 0 
5 303 14 0 
5 293 41 0 
5 253 41 0 
5 180 28 0 
5 100 49 0 
5 40 8 0 
6 190 42 0 
6 181 26 0 
6 60 46 0 
6 16 31 0 
7 321 36 0 
7 122 38 0 
8 264 26 0 
8 209 52 0 
9 274 34 0 
9 144 27 0 
9 121 38 0 
9 85 23 0 
9 59 21 0 
10 383 17 0 
10 366 17 0 
10 362 12 0 
11 275 30 0 
11 186 5 0 
11 173 16 0 
12 160 35 0 
12 124 42 0 
12 88 24 0 
13 111 13 0 
13 44 34 0 
13 29 14 0 
14 97 2 0 
14 28 13 0 
15 300 28 0 
15 181 14 0 
15 70 24 0 
15 17 21 0 
16 275 25 0 
16 181 8 0 
16 110 49 0 
16 69 22 0 
17 318 25 0 
17 225 16 0 
17 175 22 0 
17 92 33 0 
17 34 30 0 
18 293 37 0 
18 283 28 0 
18 40 33 0 
19 346 21 0 
19 339 29 0 
19 253 35 0 
19 216 42 0 
19 187 14 0 
19 57 26 0 
19 52 10 0 
20 319 18 0 
20 196 27 0 
20 85 12 0 
21 319 25 0 
21 271 36 0 
21 236 48 0 
21 183 28 0 
22 188 16 0 
22 172 41 0 
22 171 52 0 
22 40 44 0 
22 31 40 0 
23 64 38 0 
23 62 16 0 
24 382 12 0 
24 60 44 0 
25 115 17 0 
25 101 25 0 
26 128 30 0 
26 85 23 0 
26 83 10 0 
27 369 37 0 
27 260 39 0 
27 183 33 0 
27 180 23 0 
27 116 28 0 
27 68 33 0 
28 327 28 0 
28 289 30 0 
29 396 25 0 
29 283 29 0 
29 123 42 0 
30 371 14 0 
30 62 2 0 
31 368 19 0 
31 362 12 0 
31 245 13 0 
31 229 14 0 
31 148 26 0 
32 363 38 0 
33 371 23 0 
34 219 28 0 
34 192 36 0 
34 98 18 0 
35 315 12 0 
36 337 5 0 
36 312 27 0 
36 217 32 0 
36 145 11 0 
37 384 26 0 
37 372 44 0 
37 285 17 0 
37 233 23 0 
37 120 17 0 
37 106 43 0 
38 211 25 0 
38 125 5 0 
38 43 13 0 
39 292 25 0 
39 261 23 0 
39 231 20 0 
39 225 51 0 
39 178 23 0 
39 170 37 0 
40 379 15 0 
40 361 36 0 
40 271 34 0 
40 203 32 0 
40 199 12 0 
41 331 7 0 
41 294 34 0 
41 197 41 0 
41 105 31 0 
41 102 44 0 
41 43 11 0 
42 342 51 0 
42 252 37 0 
42 243 27 0 
42 220 4 0 
42 142 17 0 
42 80 4 0 
42 79 28 0 
42 72 50 0 
43 352 13 0 
43 310 29 0 
43 164 21 0 
43 158 39 0 
43 58 12 0 
44 156 15 0 
45 397 11 0 
45 361 23 0 
45 334 11 0 
45 253 12 0 
46 274 39 0 
46 257 36 0 
46 173 30 0 
46 170 21 0 
46 154 24 0 
47 254 41 0 
47 245 33 0 
47 186 42 0 
47 154 41 0 
47 80 12 0 
47 51 44 0 
48 394 21 0 
48 348 20 0 
48 300 35 0 
48 107 17 0 
49 296 21 0 
49 142 23 0 
50 262 32 0 
50 237 8 0 
50 130 21 0 
50 55 39 0 
51 191 45 0 
51 94 23 0 
51 54 40 0 
52 333 25 0 
53 369 34 0 
53 358 41 0 
53 254 8 0 
53 251 36 0 
53 157 39 0 
53 94 16 0 
54 275 45 0 
54 145 28 0 
55 392 40 0 
55 256 28 0 
55 206 31 0 
55 191 53 0 
56 157 33 0 
56 134 6 0 
56 107 24 0 
57 302 19 0 
57 269 48 0 
57 208 11 0 
57 189 48 0 
57 113 25 0 
58 225 41 0 
58 183 28 0 
59 299 12 0 
59 280 11 0 
59 173 37 0 
59 76 13 0 
60 165 26 0 
60 152 7 0 
60 89 34 0 
61 390 39 0 
61 301 22 0 
61 245 30 0 
62 364 35 0 
62 341 22 0 
62 338 28 0 
62 330 23 0 
62 321 26 0 
62 227 18 0 
62 63 25 0 
63 338 29 0 
63 298 38 0 
63 143 24 0 
63 120 5 0 
63 92 14 0 
63 87 20 0 
64 316 28 0 
64 260 47 0 
65 355 20 0 
65 314 4 0 
65 235 30 0 
66 344 26 0 
66 260 18 0 
66 122 29 0 
67 302 29 0 
67 276 30 0 
67 253 4 0 
67 72 36 0 
68 331 17 0 
68 172 28 0 
69 379 31 0 
69 268 38 0 
69 201 11 0 
69 172 21 0 
70 303 35 0 
71 252 26 0 
71 157 31 0 
71 125 18 0 
71 114 9 0 
72 223 38 0 
72 222 27 0 
72 200 37 0 
72 111 22 0 
73 236 43 0 
73 202 9 0 
73 139 37 0 
73 106 26 0 
73 104 37 0 
74 280 16 0 
74 165 28 0 
74 125 26 0 
75 362 29 0 
75 220 51 0 
76 372 44 0 
76 363 32 0 
76 245 17 0 
76 204 48 0 
76 123 39 0 
77 299 35 0 
77 195 36 0 
77 157 34 0 
78 321 9 0 
78 274 39 0 
78 237 9 0 
79 363 33 0 
79 337 25 0 
79 156 35 0 
80 203 13 0 
80 161 13 0 
81 82 2 0 
82 388 56 0 
82 350 45 0 
82 348 37 0 
82 330 29 0 
82 214 41 0 
82 199 41 0 
82 192 32 0 
82 177 43 0 
82 162 27 0 
83 291 24 0 
83 271 35 0 
83 159 39 0 
84 395 49 0 
84 389 48 0 
84 288 1 0 
84 273 33 0 
84 131 43 0 
85 361 28 0 
85 322 24 0 
85 302 18 0 
85 247 6 0 
85 216 33 0 
85 200 23 0 
85 106 31 0 
85 102 32 0 
85 97 14 0 
86 266 9 0 
86 89 27 0 
87 385 23 0 
87 294 21 0 
87 284 23 0 
87 232 26 0 
89 292 3 0 
89 287 26 0 
89 274 39 0 
90 305 42 0 
90 208 35 0 
91 286 31 0 
91 221 11 0 
91 118 43 0 
92 321 11 0 
92 304 7 0 
92 165 41 0 
93 317 49 0 
94 293 34 0 
94 270 21 0 
94 260 25 0 
94 177 26 0 
95 395 58 0 
95 155 15 0 
96 289 10 0 
96 278 31 0 
96 235 25 0 
97 396 12 0 
97 215 36 0 
97 160 21 0 
98 279 15 0 
98 239 31 0 
99 369 16 0 
100 241 8 0 
100 120 9 0 
101 143 9 0 
102 377 33 0 
102 330 40 0 
102 267 46 0 
102 183 38 0 
103 398 39 0 
103 287 30 0 
103 111 29 0 
104 360 12 0 
104 339 42 0 
105 274 13 0 
105 169 29 0 
106 237 44 0 
106 232 42 0 
106 227 41 0 
106 186 15 0 
107 299 21 0 
107 231 13 0 
107 136 19 0 
108 323 33 0 
108 288 8 0 
108 282 25 0 
109 228 14 0 
109 166 16 0 
109 156 26 0 
109 140 8 0 
111 272 32 0 
111 267 19 0 
111 235 6 0 
111 182 32 0 
112 271 37 0 
112 136 31 0 
113 355 40 0 
113 298 36 0 
113 290 47 0 
113 287 38 0 
113 162 33 0 
114 199 22 0 
116 320 47 0 
116 304 38 0 
116 180 27 0 
116 138 25 0 
116 127 30 0 
117 319 13 0 
117 276 41 0 
118 351 6 0 
118 287 27 0 
119 294 32 0 
119 165 42 0 
119 133 4 0 
120 339 5 0 
120 338 24 0 
120 127 8 0 
122 343 11 0 
122 341 38 0 
123 376 10 0 
123 340 48 0 
123 136 36 0 
124 371 26 0 
124 295 32 0 
124 222 30 0 
124 185 33 0 
124 181 14 0 
126 346 13 0 
126 324 30 0 
127 389 33 0 
127 335 34 0 
127 308 39 0 
127 286 18 0 
128 362 38 0 
128 353 12 0 
128 322 34 0 
128 320 27 0 
128 296 31 0 
129 327 42 0 
129 138 18 0 
130 351 32 0 
130 298 19 0 
130 236 43 0 
130 229 34 0 
131 218 30 0 
131 142 25 0 
132 363 47 0 
132 359 15 0 
132 302 26 0 
132 175 49 0 
133 380 32 0 
133 375 12 0 
133 361 49 0 
133 148 33 0 
134 373 26 0 
134 234 27 0 
135 349 24 0 
135 335 37 0 
135 313 19 0 
135 262 20 0 
136 360 18 0 
136 332 29 0 
136 324 9 0 
136 257 33 0 
136 239 9 0 
136 193 19 0 
137 367 24 0 
137 326 27 0 
137 316 18 0 
137 290 17 0 
138 390 26 0 
138 371 3 0 
138 345 16 0 
138 315 5 0 
139 310 11 0 
139 287 16 0 
140 243 36 0 
140 191 49 0 
141 369 27 0 
141 312 14 0 
142 359 21 0 
142 288 32 0 
142 227 14 0 
142 174 20 0 
143 327 8 0 
144 372 13 0 
144 363 7 0 
145 238 16 0 
145 149 27 0 
146 364 41 0 
146 347 40 0 
146 224 5 0 
146 201 36 0 
146 187 8 0 
147 359 35 0 
147 312 31 0 
147 194 21 0 
147 149 38 0 
148 352 24 0 
148 204 28 0 
148 195 27 0 
148 170 32 0 
149 188 34 0 
150 368 25 0 
150 364 36 0 
150 359 31 0 
150 344 17 0 
150 268 16 0 
151 336 12 0 
151 309 29 0 
151 302 26 0 
151 297 14 0 
151 247 13 0 
152 363 24 0 
152 224 36 0 
152 212 33 0 
152 153 9 0 
153 342 32 0 
153 230 9 0 
153 210 42 0 
153 164 38 0 
153 154 21 0 
154 369 12 0 
154 306 47 0 
155 274 30 0 
155 219 48 0 
155 188 39 0 
156 190 8 0 
157 378 35 0 
157 246 36 0 
158 393 43 0 
158 385 32 0 
158 291 28 0 
158 238 22 0 
159 344 41 0 
159 214 17 0 
159 180 28 0 
160 347 41 0 
160 277 31 0 
160 226 18 0 
161 312 9 0 
161 277 22 0 
161 219 18 0 
162 392 4 0 
162 337 20 0 
162 205 20 0 
162 186 31 0 
163 386 41 0 
163 296 41 0 
163 207 17 0 
163 180 32 0 
164 206 11 0 
164 194 33 0 
165 375 29 0 
165 263 15 0 
165 233 23 0 
165 223 38 0 
167 216 36 0 
168 384 18 0 
168 383 8 0 
169 220 27 0 
171 178 35 0 
172 272 26 0 
173 300 15 0 
173 216 12 0 
174 342 49 0 
174 245 36 0 
175 204 28 0 
176 321 43 0 
176 241 34 0 
176 205 12 0 
177 267 43 0 
177 247 32 0 
177 206 25 0 
178 229 29 0 
179 290 9 0 
179 195 29 0 
181 399 33 0 
181 387 18 0 
181 280 13 0 
181 184 7 0 
182 386 9 0 
182 311 43 0 
182 310 21 0 
183 276 23 0 
183 244 15 0 
183 230 9 0 
183 185 16 0 
184 398 29 0 
184 396 21 0 
184 360 41 0 
184 258 19 0 
185 311 48 0 
185 242 20 0 
185 186 44 0 
186 375 10 0 
186 368 28 0 
186 253 36 0 
186 250 19 0 
186 212 8 0 
187 334 42 0 
187 269 20 0 
187 226 25 0 
187 215 30 0 
190 348 29 0 
190 191 21 0 
191 378 48 0 
192 276 16 0 
193 369 13 0 
193 250 25 0 
194 351 42 0 
195 211 8 0 
196 304 34 0 
197 343 27 0 
197 236 41 0 
198 242 38 0 
199 373 26 0 
199 329 24 0 
199 244 44 0 
199 234 34 0 
200 316 18 0 
200 286 11 0 
201 384 36 0 
202 354 11 0 
202 285 29 0 
202 241 25 0 
203 356 24 0 
204 273 50 0 
204 234 36 0 
205 277 9 0 
205 213 13 0 
206 281 39 0 
206 271 38 0 
207 381 25 0 
207 299 31 0 
207 288 33 0 
209 388 57 0 
209 320 43 0 
209 270 59 0 
210 384 14 0 
210 330 33 0 
210 287 42 0 
210 229 49 0 
211 324 29 0 
212 370 30 0 
213 391 15 0 
213 382 30 0 
215 300 45 0 
216 232 27 0 
216 228 15 0 
217 314 9 0 
218 326 40 0 
218 324 34 0 
218 291 16 0 
218 288 34 0 
218 269 21 0 
218 226 28 0 
219 350 51 0 
219 294 54 0 
220 385 27 0 
220 368 32 0 
220 357 12 0 
222 299 13 0 
223 390 25 0 
223 237 4 0 
223 231 3 0 
224 386 43 0 
224 279 8 0 
224 236 45 0 
225 285 38 0 
225 255 32 0 
225 226 20 0 
227 340 38 0 
227 320 31 0 
227 311 32 0 
227 267 36 0 
230 393 13 0 
230 388 46 0 
230 291 8 0 
231 286 19 0 
233 318 7 0 
234 387 27 0 
234 274 27 0 
236 351 51 0 
236 340 41 0 
236 296 17 0 
237 399 21 0 
237 385 25 0 
237 323 39 0 
237 302 8 0 
238 387 20 0 
238 382 11 0 
238 287 31 0 
239 336 3 0 
239 288 14 0 
240 381 23 0 
240 371 13 0 
240 350 6 0 
244 389 46 0 
244 357 32 0 
244 351 45 0 
245 318 26 0 
247 373 12 0 
247 352 11 0 
247 325 13 0 
247 277 28 0 
248 379 17 0 
249 274 14 0 
250 379 22 0 
250 321 26 0 
250 265 22 0 
250 261 6 0 
252 270 49 0 
253 350 38 0 
257 307 16 0 
258 317 30 0 
258 266 21 0 
260 382 38 0 
260 354 40 0 
261 361 26 0 
261 322 22 0 
261 290 25 0 
262 314 1 0 
263 381 28 0 
263 299 20 0 
263 268 34 0 
264 386 37 0 
264 377 25 0 
264 292 19 0 
265 339 41 0 
266 391 25 0 
266 372 42 0 
266 283 14 0 
268 325 48 0 
268 305 51 0 
269 369 34 0 
269 331 54 0 
269 280 46 0 
270 373 16 0 
270 314 44 0 
273 291 45 0 
274 308 11 0 
275 356 19 0 
275 348 28 0 
276 385 21 0 
278 303 8 0 
279 382 11 0 
279 332 37 0 
279 298 19 0 
279 286 30 0 
280 366 25 0 
281 347 11 0 
283 376 23 0 
283 367 29 0 
283 343 36 0 
284 349 4 0 
285 393 18 0 
285 366 23 0 
285 318 37 0 
286 337 27 0 
286 312 13 0 
287 381 22 0 
288 360 21 0 
289 316 21 0 
292 368 28 0 
293 366 9 0 
293 345 14 0 
293 298 33 0 
294 396 17 0 
294 368 27 0 
294 353 15 0 
294 350 15 0 
295 398 3 0 
295 360 40 0 
296 370 9 0 
296 349 12 0 
299 399 45 0 
299 359 6 0 
299 347 28 0 
301 361 9 0 
302 388 17 0 
303 377 15 0 
305 340 21 0 
305 333 35 0 
306 352 32 0 
308 348 26 0 
308 344 2 0 
309 396 33 0 
310 398 22 0 
311 338 31 0 
312 340 16 0 
317 345 13 0 
318 378 18 0 
318 365 25 0 
319 377 13 0 
319 328 37 0 
321 391 48 0 
321 390 27 0 
323 373 24 0 
324 379 45 0 
325 356 8 0 
327 361 52 0 
327 335 30 0 
328 385 37 0 
328 364 45 0 
331 390 34 0 
331 374 38 0 
333 389 16 0 
334 375 40 0 
335 356 51 0 
336 365 33 0 
338 344 38 0 
340 386 40 0 
341 396 14 0 
341 358 16 0 
342 358 22 0 
345 378 22 0 
348 364 31 0 
354 395 9 0 
357 373 30 0 
360 383 29 0 
360 377 33 0 
363 399 37 0 
367 391 32 0 
373 378 28 0 
389 391 36 0 
