#GRAPH (#nodes #edges id uu vv ww xx yy zz):
#400 1554 geo(0,{400,50,3,0.009,0.000,0.000}) 50 
#
VERTICES (index name u v w x y z):
0 0 0 36 
1 1 26 42 
2 2 23 0 
3 3 28 43 
4 4 45 10 
5 5 47 8 
6 6 20 28 
7 7 25 33 
8 8 12 39 
9 9 46 19 
10 10 42 28 
11 11 15 22 
12 12 10 49 
13 13 19 35 
14 14 32 47 
15 15 5 16 
16 16 48 36 
17 17 39 26 
18 18 43 16 
19 19 26 47 
20 20 48 40 
21 21 33 47 
22 22 40 15 
23 23 48 20 
24 24 18 42 
25 25 37 36 
26 26 33 33 
27 27 44 46 
28 28 49 15 
29 29 27 13 
30 30 9 12 
31 31 30 49 
32 32 14 23 
33 33 33 42 
34 34 14 44 
35 35 39 4 
36 36 1 15 
37 37 6 37 
38 38 23 6 
39 39 48 13 
40 40 27 10 
41 41 43 27 
42 42 29 33 
43 43 30 48 
44 44 42 45 
45 45 45 33 
46 46 19 16 
47 47 18 5 
48 48 20 5 
49 49 3 9 
50 50 24 47 
51 51 20 9 
52 52 42 3 
53 53 16 22 
54 54 36 0 
55 55 44 42 
56 56 31 10 
57 57 3 23 
58 58 22 4 
59 59 27 42 
60 60 40 7 
61 61 6 38 
62 62 28 6 
63 63 45 26 
64 64 44 14 
65 65 36 28 
66 66 15 24 
67 67 9 36 
68 68 45 19 
69 69 7 5 
70 70 25 10 
71 71 46 41 
72 72 2 5 
73 73 36 49 
74 74 26 43 
75 75 41 9 
76 76 20 18 
77 77 46 3 
78 78 1 5 
79 79 30 10 
80 80 24 23 
81 81 21 32 
82 82 49 4 
83 83 31 40 
84 84 22 44 
85 85 17 44 
86 86 8 48 
87 87 5 43 
88 88 11 6 
89 89 38 10 
90 90 11 4 
91 91 38 25 
92 92 14 34 
93 93 25 31 
94 94 45 13 
95 95 49 28 
96 96 35 33 
97 97 32 40 
98 98 0 13 
99 99 27 20 
100 100 14 28 
101 101 38 34 
102 102 1 30 
103 103 40 38 
104 104 8 23 
105 105 9 14 
106 106 24 44 
107 107 6 47 
108 108 23 11 
109 109 7 10 
110 110 33 2 
111 111 47 19 
112 112 47 0 
113 113 25 43 
114 114 2 26 
115 115 1 20 
116 116 45 0 
117 117 31 3 
118 118 35 2 
119 119 27 23 
120 120 49 26 
121 121 28 25 
122 122 7 18 
123 123 45 48 
124 124 47 6 
125 125 23 10 
126 126 39 33 
127 127 3 20 
128 128 20 38 
129 129 27 8 
130 130 19 34 
131 131 48 41 
132 132 35 49 
133 133 1 18 
134 134 6 29 
135 135 31 37 
136 136 34 26 
137 137 15 28 
138 138 34 8 
139 139 9 6 
140 140 42 42 
141 141 16 15 
142 142 40 17 
143 143 47 27 
144 144 37 47 
145 145 49 42 
146 146 21 49 
147 147 27 14 
148 148 8 30 
149 149 16 37 
150 150 8 39 
151 151 8 33 
152 152 27 35 
153 153 36 34 
154 154 23 18 
155 155 11 32 
156 156 4 41 
157 157 31 26 
158 158 46 33 
159 159 16 46 
160 160 31 2 
161 161 0 8 
162 162 38 8 
163 163 46 40 
164 164 6 19 
165 165 0 25 
166 166 17 48 
167 167 5 17 
168 168 14 10 
169 169 42 30 
170 170 1 16 
171 171 39 5 
172 172 18 8 
173 173 16 39 
174 174 20 15 
175 175 6 32 
176 176 39 42 
177 177 35 47 
178 178 1 28 
179 179 23 15 
180 180 24 19 
181 181 1 14 
182 182 29 17 
183 183 47 39 
184 184 31 1 
185 185 31 24 
186 186 48 16 
187 187 46 12 
188 188 33 17 
189 189 49 35 
190 190 41 11 
191 191 26 32 
192 192 34 44 
193 193 32 25 
194 194 2 32 
195 195 37 48 
196 196 33 19 
197 197 42 38 
198 198 1 44 
199 199 3 44 
200 200 34 33 
201 201 26 30 
202 202 7 44 
203 203 39 30 
204 204 26 46 
205 205 48 24 
206 206 14 47 
207 207 23 39 
208 208 22 49 
209 209 36 37 
210 210 48 26 
211 211 31 21 
212 212 6 9 
213 213 33 41 
214 214 9 11 
215 215 11 39 
216 216 11 23 
217 217 3 49 
218 218 35 25 
219 219 47 21 
220 220 42 49 
221 221 11 48 
222 222 43 5 
223 223 2 3 
224 224 12 45 
225 225 44 3 
226 226 1 22 
227 227 4 8 
228 228 22 16 
229 229 6 27 
230 230 47 9 
231 231 47 11 
232 232 33 3 
233 233 21 39 
234 234 5 26 
235 235 15 39 
236 236 24 4 
237 237 48 48 
238 238 41 10 
239 239 29 16 
240 240 6 39 
241 241 38 42 
242 242 47 33 
243 243 33 48 
244 244 0 30 
245 245 29 1 
246 246 27 39 
247 247 1 39 
248 248 44 13 
249 249 28 8 
250 250 2 44 
251 251 48 15 
252 252 4 13 
253 253 23 23 
254 254 18 34 
255 255 46 6 
256 256 48 8 
257 257 48 22 
258 258 2 28 
259 259 27 44 
260 260 45 23 
261 261 43 0 
262 262 5 34 
263 263 6 24 
264 264 2 9 
265 265 43 33 
266 266 31 31 
267 267 21 42 
268 268 42 26 
269 269 12 14 
270 270 16 23 
271 271 24 35 
272 272 46 43 
273 273 12 40 
274 274 35 43 
275 275 15 48 
276 276 10 41 
277 277 6 22 
278 278 38 26 
279 279 37 13 
280 280 23 48 
281 281 8 16 
282 282 41 1 
283 283 49 36 
284 284 21 11 
285 285 4 40 
286 286 6 48 
287 287 18 13 
288 288 7 49 
289 289 33 38 
290 290 28 34 
291 291 49 45 
292 292 13 29 
293 293 8 6 
294 294 22 37 
295 295 17 42 
296 296 11 8 
297 297 20 37 
298 298 6 28 
299 299 40 29 
300 300 30 43 
301 301 3 37 
302 302 43 47 
303 303 13 13 
304 304 43 6 
305 305 4 30 
306 306 24 38 
307 307 37 35 
308 308 18 48 
309 309 37 37 
310 310 26 16 
311 311 46 7 
312 312 9 25 
313 313 41 49 
314 314 14 22 
315 315 13 32 
316 316 9 3 
317 317 26 14 
318 318 5 6 
319 319 25 16 
320 320 28 23 
321 321 12 37 
322 322 6 11 
323 323 2 42 
324 324 24 31 
325 325 20 25 
326 326 30 31 
327 327 18 3 
328 328 30 9 
329 329 17 43 
330 330 28 31 
331 331 13 31 
332 332 31 43 
333 333 24 48 
334 334 44 24 
335 335 15 18 
336 336 15 30 
337 337 43 49 
338 338 38 48 
339 339 13 6 
340 340 5 1 
341 341 22 47 
342 342 32 3 
343 343 20 13 
344 344 11 33 
345 345 41 44 
346 346 22 46 
347 347 9 7 
348 348 25 6 
349 349 12 27 
350 350 42 6 
351 351 44 33 
352 352 34 23 
353 353 3 47 
354 354 26 23 
355 355 18 28 
356 356 35 5 
357 357 16 4 
358 358 6 10 
359 359 3 12 
360 360 45 22 
361 361 0 40 
362 362 9 28 
363 363 8 28 
364 364 2 24 
365 365 12 1 
366 366 21 16 
367 367 38 32 
368 368 22 13 
369 369 18 7 
370 370 38 24 
371 371 44 26 
372 372 3 39 
373 373 6 15 
374 374 42 13 
375 375 43 36 
376 376 32 4 
377 377 25 27 
378 378 26 15 
379 379 6 20 
380 380 11 20 
381 381 49 8 
382 382 14 21 
383 383 47 40 
384 384 35 34 
385 385 45 5 
386 386 20 33 
387 387 36 24 
388 388 20 43 
389 389 7 37 
390 390 49 43 
391 391 13 46 
392 392 44 32 
393 393 13 5 
394 394 37 14 
395 395 43 2 
396 396 8 25 
397 397 36 36 
398 398 20 4 
399 399 44 45 
#
EDGES (from-node to-node length a b):
0 313 43 0 
0 11 21 0 
1 342 39 0 
1 223 46 0 
1 149 11 0 
2 385 23 0 
2 294 37 0 
2 289 39 0 
2 168 13 0 
3 399 16 0 
3 286 23 0 
3 208 8 0 
3 58 39 0 
3 53 24 0 
3 14 6 0 
4 364 45 0 
4 317 19 0 
4 229 43 0 
4 181 44 0 
4 63 16 0 
4 18 6 0 
5 210 18 0 
5 124 2 0 
5 118 13 0 
5 82 4 0 
5 64 7 0 
6 317 15 0 
6 271 8 0 
6 188 17 0 
7 383 23 0 
7 322 29 0 
7 132 19 0 
7 96 10 0 
8 311 47 0 
8 186 43 0 
8 163 34 0 
9 289 23 0 
9 274 26 0 
9 138 16 0 
10 396 34 0 
10 314 29 0 
10 176 14 0 
10 148 34 0 
10 45 6 0 
10 31 24 0 
11 261 36 0 
11 127 12 0 
11 109 14 0 
11 26 21 0 
12 128 15 0 
13 397 17 0 
13 306 6 0 
13 187 35 0 
13 25 18 0 
14 378 33 0 
14 212 46 0 
14 136 21 0 
15 313 49 0 
15 222 40 0 
15 214 6 0 
15 190 36 0 
15 57 7 0 
16 366 34 0 
16 231 25 0 
16 197 6 0 
17 169 5 0 
17 112 27 0 
18 307 20 0 
18 301 45 0 
18 278 11 0 
18 167 38 0 
18 75 7 0 
19 357 44 0 
19 354 24 0 
20 293 52 0 
20 276 38 0 
20 187 28 0 
20 141 41 0 
21 294 15 0 
21 174 35 0 
21 153 13 0 
21 140 10 0 
22 398 23 0 
22 378 14 0 
22 252 36 0 
22 142 2 0 
22 90 31 0 
23 373 42 0 
24 391 6 0 
24 377 17 0 
24 347 36 0 
24 194 19 0 
24 191 13 0 
24 128 4 0 
24 121 20 0 
24 48 37 0 
25 296 38 0 
26 287 25 0 
27 311 39 0 
27 263 44 0 
27 242 13 0 
28 344 42 0 
28 279 12 0 
28 262 48 0 
28 211 19 0 
28 150 48 0 
28 93 29 0 
29 380 17 0 
29 304 17 0 
30 357 11 0 
30 287 9 0 
30 104 11 0 
31 389 26 0 
31 279 37 0 
31 270 30 0 
31 161 51 0 
32 289 24 0 
32 221 25 0 
32 162 28 0 
32 99 13 0 
32 58 21 0 
33 342 39 0 
33 340 50 0 
33 306 10 0 
33 215 22 0 
33 151 27 0 
33 61 27 0 
34 398 40 0 
34 370 31 0 
34 192 20 0 
34 75 44 0 
35 107 54 0 
36 231 46 0 
36 71 52 0 
37 371 40 0 
37 317 30 0 
37 210 43 0 
37 180 25 0 
37 152 21 0 
38 233 33 0 
39 268 14 0 
39 217 58 0 
40 378 5 0 
40 312 23 0 
41 282 26 0 
41 264 45 0 
41 152 18 0 
42 364 28 0 
42 331 16 0 
42 94 26 0 
43 130 18 0 
43 118 46 0 
43 85 14 0 
43 58 45 0 
44 289 11 0 
45 369 37 0 
45 314 33 0 
45 251 18 0 
45 226 45 0 
46 358 14 0 
46 170 18 0 
47 388 38 0 
47 328 13 0 
47 313 50 0 
47 287 8 0 
47 254 29 0 
47 150 35 0 
47 90 7 0 
47 63 34 0 
48 328 11 0 
48 262 33 0 
48 192 41 0 
48 128 33 0 
49 396 17 0 
49 155 24 0 
50 338 14 0 
50 292 21 0 
50 266 17 0 
50 109 41 0 
50 57 32 0 
51 277 19 0 
51 271 26 0 
51 95 35 0 
51 75 21 0 
52 317 19 0 
52 62 14 0 
53 262 16 0 
53 177 31 0 
53 117 24 0 
54 247 52 0 
54 147 17 0 
54 74 44 0 
55 359 51 0 
55 317 33 0 
55 266 17 0 
55 154 32 0 
56 375 29 0 
56 279 7 0 
56 148 30 0 
58 387 24 0 
58 319 12 0 
58 232 11 0 
58 183 43 0 
59 349 21 0 
60 322 34 0 
60 259 39 0 
60 224 47 0 
60 213 35 0 
60 192 37 0 
60 186 12 0 
61 336 12 0 
61 300 25 0 
61 165 14 0 
61 92 9 0 
61 74 21 0 
62 387 20 0 
62 339 15 0 
62 278 22 0 
62 188 12 0 
62 110 6 0 
63 390 17 0 
63 148 37 0 
63 141 31 0 
64 328 15 0 
64 224 45 0 
64 162 8 0 
64 114 44 0 
65 315 23 0 
65 255 24 0 
65 253 14 0 
65 185 6 0 
65 149 22 0 
66 328 21 0 
66 301 18 0 
67 344 4 0 
67 199 10 0 
68 242 14 0 
68 218 12 0 
68 157 16 0 
68 91 9 0 
68 83 25 0 
69 277 17 0 
69 236 17 0 
69 199 39 0 
70 321 30 0 
70 195 40 0 
70 156 37 0 
71 368 37 0 
71 146 26 0 
72 386 33 0 
72 381 47 0 
72 367 45 0 
72 358 6 0 
72 174 21 0 
72 126 46 0 
73 198 35 0 
73 163 13 0 
73 106 13 0 
73 97 10 0 
73 95 25 0 
74 350 40 0 
74 83 6 0 
75 282 8 0 
75 169 21 0 
76 292 13 0 
76 231 28 0 
77 269 36 0 
77 246 41 0 
77 194 53 0 
78 315 30 0 
78 296 10 0 
78 281 13 0 
79 392 26 0 
79 383 34 0 
79 171 10 0 
79 145 37 0 
79 131 36 0 
80 353 32 0 
80 317 9 0 
81 313 26 0 
81 163 26 0 
82 372 58 0 
82 302 43 0 
82 289 38 0 
82 171 10 0 
82 131 37 0 
82 86 60 0 
83 331 20 0 
83 191 9 0 
84 361 22 0 
84 360 32 0 
84 276 12 0 
84 237 26 0 
84 205 33 0 
84 178 26 0 
84 137 17 0 
85 380 25 0 
85 375 27 0 
85 142 35 0 
85 95 36 0 
86 299 37 0 
86 228 35 0 
87 241 33 0 
87 181 29 0 
88 352 29 0 
88 247 34 0 
89 395 9 0 
89 224 44 0 
90 323 39 0 
90 293 4 0 
90 176 47 0 
90 155 28 0 
90 102 28 0 
91 397 11 0 
91 272 20 0 
91 224 33 0 
91 188 9 0 
92 308 15 0 
92 175 8 0 
92 102 14 0 
93 386 5 0 
93 369 25 0 
93 270 12 0 
93 202 22 0 
93 100 11 0 
94 352 15 0 
94 193 18 0 
94 185 18 0 
94 129 19 0 
95 292 36 0 
97 210 21 0 
97 180 22 0 
98 162 38 0 
98 143 49 0 
98 140 51 0 
99 203 16 0 
99 160 18 0 
100 247 17 0 
100 103 28 0 
101 360 14 0 
101 291 16 0 
101 228 24 0 
102 336 14 0 
102 302 45 0 
102 196 34 0 
102 164 12 0 
103 368 31 0 
103 365 46 0 
103 343 32 0 
104 173 18 0 
104 121 20 0 
105 338 45 0 
105 325 16 0 
105 226 11 0 
106 370 24 0 
106 333 4 0 
106 327 41 0 
106 242 25 0 
106 194 25 0 
107 273 9 0 
107 230 56 0 
107 191 25 0 
107 173 13 0 
108 380 15 0 
109 356 28 0 
109 355 21 0 
110 392 32 0 
110 357 17 0 
110 332 41 0 
110 229 37 0 
111 251 4 0 
112 205 24 0 
112 191 38 0 
113 366 27 0 
113 295 8 0 
113 247 24 0 
113 239 27 0 
114 359 14 0 
114 327 28 0 
115 204 36 0 
116 327 27 0 
116 303 35 0 
116 248 13 0 
116 247 59 0 
116 230 9 0 
117 390 44 0 
117 368 13 0 
118 317 15 0 
118 127 37 0 
119 317 9 0 
119 175 23 0 
120 169 8 0 
120 134 43 0 
121 250 32 0 
122 393 14 0 
122 329 27 0 
122 235 22 0 
122 148 12 0 
123 282 47 0 
123 168 49 0 
123 149 31 0 
124 359 44 0 
124 302 41 0 
124 287 30 0 
124 260 17 0 
124 247 57 0 
124 170 47 0 
124 144 42 0 
125 364 25 0 
126 351 5 0 
126 203 3 0 
126 185 12 0 
127 333 35 0 
127 261 45 0 
128 306 4 0 
129 361 42 0 
129 334 23 0 
129 292 25 0 
130 397 17 0 
130 378 20 0 
130 187 35 0 
131 361 48 0 
131 161 58 0 
132 294 18 0 
132 269 42 0 
132 190 38 0 
133 387 36 0 
133 226 4 0 
133 216 11 0 
134 164 10 0 
135 346 13 0 
135 337 17 0 
135 327 36 0 
136 279 13 0 
136 254 18 0 
136 241 16 0 
136 161 38 0 
137 382 7 0 
137 242 32 0 
138 353 50 0 
138 311 12 0 
138 278 18 0 
139 197 46 0 
140 289 10 0 
140 261 42 0 
140 200 12 0 
142 195 31 0 
142 177 30 0 
142 168 27 0 
143 357 39 0 
143 204 28 0 
143 199 47 0 
144 331 29 0 
145 303 46 0 
145 247 48 0 
145 189 7 0 
145 151 42 0 
146 309 20 0 
147 371 21 0 
147 180 6 0 
148 383 40 0 
149 300 15 0 
149 201 12 0 
150 163 38 0 
151 268 35 0 
151 193 25 0 
151 186 43 0 
152 289 7 0 
153 281 33 0 
153 211 14 0 
154 369 12 0 
154 259 26 0 
154 235 22 0 
154 180 1 0 
155 342 36 0 
156 272 42 0 
156 232 48 0 
156 196 36 0 
157 342 23 0 
157 306 14 0 
157 292 18 0 
158 383 7 0 
159 351 31 0 
160 392 33 0 
160 360 24 0 
160 287 17 0 
160 240 45 0 
160 186 22 0 
161 242 53 0 
161 176 52 0 
162 354 19 0 
162 317 13 0 
162 202 48 0 
163 368 36 0 
163 351 7 0 
163 281 45 0 
163 179 34 0 
164 314 9 0 
165 316 24 0 
165 263 6 0 
165 183 49 0 
166 387 31 0 
166 183 31 0 
167 398 20 0 
167 236 23 0 
168 333 39 0 
168 281 8 0 
168 188 20 0 
169 281 37 0 
169 189 9 0 
169 185 13 0 
170 396 11 0 
170 274 43 0 
171 371 22 0 
172 376 15 0 
173 182 26 0 
174 391 32 0 
174 200 23 0 
175 207 18 0 
176 341 18 0 
177 267 15 0 
177 247 35 0 
178 353 19 0 
178 245 39 0 
178 201 25 0 
178 193 31 0 
179 355 14 0 
179 326 17 0 
180 379 18 0 
180 365 22 0 
180 290 16 0 
180 221 32 0 
181 317 25 0 
181 215 27 0 
182 235 26 0 
182 199 37 0 
183 375 5 0 
183 270 35 0 
183 262 42 0 
184 352 22 0 
184 318 26 0 
185 358 29 0 
185 264 33 0 
185 186 19 0 
186 280 41 0 
186 242 17 0 
187 275 48 0 
188 273 31 0 
189 359 51 0 
190 395 9 0 
190 196 11 0 
191 370 14 0 
191 308 18 0 
191 272 23 0 
192 395 43 0 
192 377 19 0 
192 372 31 0 
192 310 29 0 
192 276 24 0 
192 253 24 0 
193 349 20 0 
193 321 23 0 
193 304 22 0 
193 219 16 0 
194 322 21 0 
194 233 20 0 
195 396 37 0 
196 312 25 0 
196 302 30 0 
197 367 7 0 
197 282 37 0 
197 242 7 0 
198 396 20 0 
198 390 48 0 
200 391 25 0 
200 264 40 0 
200 203 6 0 
201 393 28 0 
201 322 28 0 
201 307 12 0 
201 273 17 0 
202 288 5 0 
202 205 46 0 
203 397 7 0 
203 260 9 0 
203 234 34 0 
204 305 27 0 
204 242 25 0 
206 356 47 0 
206 240 11 0 
208 342 47 0 
208 333 2 0 
208 261 53 0 
209 387 13 0 
209 372 33 0 
209 265 8 0 
209 216 29 0 
210 386 29 0 
210 249 27 0 
211 332 22 0 
211 282 22 0 
211 222 20 0 
212 396 16 0 
212 373 6 0 
212 319 20 0 
212 261 38 0 
214 239 21 0 
215 273 1 0 
216 377 15 0 
216 311 38 0 
217 325 29 0 
217 319 40 0 
217 290 29 0 
217 238 54 0 
218 333 25 0 
218 314 21 0 
219 254 32 0 
220 303 46 0 
221 352 34 0 
221 327 46 0 
223 337 62 0 
223 324 36 0 
223 301 34 0 
223 263 21 0 
224 360 40 0 
224 329 5 0 
224 284 35 0 
224 251 47 0 
225 354 27 0 
225 249 17 0 
226 378 26 0 
226 361 18 0 
227 383 54 0 
227 283 53 0 
229 259 27 0 
230 398 27 0 
230 265 24 0 
231 239 19 0 
232 342 1 0 
233 273 9 0 
233 267 3 0 
233 265 23 0 
234 309 34 0 
235 387 26 0 
235 237 34 0 
236 332 40 0 
237 355 36 0 
239 394 8 0 
239 371 18 0 
239 311 19 0 
239 270 15 0 
240 317 32 0 
240 248 46 0 
241 348 38 0 
242 344 36 0 
243 283 20 0 
244 399 46 0 
244 277 10 0 
246 374 30 0 
246 251 32 0 
247 396 16 0 
247 331 14 0 
247 328 42 0 
247 253 27 0 
249 367 26 0 
249 344 30 0 
251 307 23 0 
251 255 9 0 
252 395 41 0 
252 295 32 0 
253 362 15 0 
254 350 37 0 
254 338 24 0 
254 303 22 0 
255 368 25 0 
255 289 35 0 
256 307 29 0 
257 278 11 0 
258 392 42 0 
258 380 12 0 
258 266 29 0 
260 394 12 0 
261 365 31 0 
262 337 41 0 
263 389 13 0 
263 279 33 0 
264 376 30 0 
264 312 17 0 
265 362 34 0 
266 300 12 0 
267 361 21 0 
268 368 24 0 
268 355 24 0 
268 345 18 0 
268 276 35 0 
269 348 15 0 
269 344 19 0 
269 280 36 0 
270 347 17 0 
270 289 23 0 
270 281 11 0 
271 384 11 0 
271 350 34 0 
271 328 27 0 
272 392 11 0 
272 370 21 0 
273 325 17 0 
273 317 30 0 
274 386 18 0 
275 362 21 0 
276 396 16 0 
276 359 30 0 
277 369 19 0 
277 348 25 0 
278 377 13 0 
278 283 15 0 
279 384 21 0 
279 335 23 0 
281 347 9 0 
281 327 16 0 
281 316 13 0 
282 354 27 0 
283 299 11 0 
283 286 45 0 
285 327 40 0 
286 369 43 0 
288 346 15 0 
290 317 20 0 
291 366 40 0 
292 311 40 0 
292 296 21 0 
293 297 33 0 
296 397 38 0 
296 348 14 0 
298 399 42 0 
298 378 24 0 
298 332 29 0 
300 376 39 0 
300 326 12 0 
304 383 34 0 
306 341 9 0 
306 318 37 0 
308 398 44 0 
310 365 21 0 
310 333 32 0 
312 366 15 0 
312 365 24 0 
312 318 19 0 
317 327 14 0 
318 342 27 0 
320 384 13 0 
322 367 38 0 
323 381 58 0 
326 384 6 0 
326 381 30 0 
329 372 15 0 
330 370 12 0 
330 357 30 0 
335 373 9 0 
342 390 43 0 
343 382 10 0 
343 346 33 0 
352 384 11 0 
357 386 29 0 
357 368 11 0 
357 363 25 0 
360 382 31 0 
363 378 22 0 
363 374 37 0 
364 398 27 0 
367 390 16 0 
370 380 27 0 
375 398 39 0 
380 395 37 0 
381 397 31 0 
382 391 25 0 
392 396 37 0 
