#GRAPH (#nodes #edges id uu vv ww xx yy zz):
#400 1522 geo(0,{400,50,3,0.009,0.000,0.000}) 50 
#
VERTICES (index name u v w x y z):
0 0 39 20 
1 1 23 0 
2 2 27 4 
3 3 41 38 
4 4 31 26 
5 5 0 26 
6 6 35 9 
7 7 38 4 
8 8 49 5 
9 9 3 42 
10 10 14 8 
11 11 48 12 
12 12 41 27 
13 13 7 25 
14 14 1 17 
15 15 38 16 
16 16 49 33 
17 17 3 25 
18 18 7 24 
19 19 33 48 
20 20 29 3 
21 21 38 17 
22 22 43 9 
23 23 24 15 
24 24 43 13 
25 25 47 44 
26 26 43 3 
27 27 28 19 
28 28 29 33 
29 29 8 8 
30 30 19 2 
31 31 22 16 
32 32 14 18 
33 33 25 34 
34 34 2 46 
35 35 34 2 
36 36 36 18 
37 37 0 30 
38 38 14 29 
39 39 15 0 
40 40 43 18 
41 41 40 7 
42 42 4 46 
43 43 21 47 
44 44 45 14 
45 45 4 30 
46 46 43 40 
47 47 40 49 
48 48 4 44 
49 49 6 18 
50 50 46 12 
51 51 10 5 
52 52 30 31 
53 53 27 29 
54 54 10 1 
55 55 12 4 
56 56 30 41 
57 57 18 3 
58 58 3 37 
59 59 13 37 
60 60 11 49 
61 61 1 4 
62 62 17 31 
63 63 45 25 
64 64 17 15 
65 65 21 43 
66 66 8 7 
67 67 31 33 
68 68 37 41 
69 69 42 25 
70 70 10 11 
71 71 36 31 
72 72 13 43 
73 73 33 36 
74 74 24 24 
75 75 5 9 
76 76 1 35 
77 77 7 19 
78 78 19 8 
79 79 17 10 
80 80 29 47 
81 81 15 29 
82 82 36 10 
83 83 9 12 
84 84 1 11 
85 85 47 7 
86 86 16 14 
87 87 42 45 
88 88 43 21 
89 89 11 25 
90 90 41 49 
91 91 46 14 
92 92 18 39 
93 93 23 4 
94 94 44 39 
95 95 40 23 
96 96 17 20 
97 97 2 31 
98 98 32 10 
99 99 8 5 
100 100 24 9 
101 101 39 19 
102 102 46 44 
103 103 29 1 
104 104 47 32 
105 105 18 4 
106 106 11 42 
107 107 43 14 
108 108 24 22 
109 109 21 27 
110 110 27 26 
111 111 23 8 
112 112 17 22 
113 113 47 3 
114 114 26 9 
115 115 30 48 
116 116 38 25 
117 117 1 15 
118 118 6 42 
119 119 35 48 
120 120 43 35 
121 121 17 34 
122 122 45 13 
123 123 27 30 
124 124 23 35 
125 125 48 44 
126 126 22 8 
127 127 14 27 
128 128 41 23 
129 129 48 30 
130 130 43 4 
131 131 27 18 
132 132 46 36 
133 133 35 10 
134 134 44 27 
135 135 44 35 
136 136 47 17 
137 137 36 48 
138 138 41 47 
139 139 18 14 
140 140 21 16 
141 141 1 25 
142 142 22 27 
143 143 36 30 
144 144 17 4 
145 145 49 3 
146 146 16 8 
147 147 31 17 
148 148 28 41 
149 149 21 31 
150 150 38 11 
151 151 35 49 
152 152 3 49 
153 153 37 3 
154 154 1 8 
155 155 7 23 
156 156 36 0 
157 157 43 32 
158 158 32 33 
159 159 4 48 
160 160 4 2 
161 161 40 44 
162 162 42 10 
163 163 0 47 
164 164 19 9 
165 165 24 33 
166 166 16 25 
167 167 42 41 
168 168 9 45 
169 169 34 11 
170 170 32 37 
171 171 8 10 
172 172 13 10 
173 173 29 32 
174 174 16 30 
175 175 40 34 
176 176 3 6 
177 177 32 2 
178 178 30 3 
179 179 49 49 
180 180 34 40 
181 181 10 40 
182 182 1 43 
183 183 46 37 
184 184 38 6 
185 185 27 47 
186 186 49 48 
187 187 1 37 
188 188 28 32 
189 189 19 48 
190 190 0 36 
191 191 19 11 
192 192 48 15 
193 193 22 41 
194 194 4 4 
195 195 42 26 
196 196 4 7 
197 197 49 15 
198 198 43 25 
199 199 20 16 
200 200 41 21 
201 201 10 33 
202 202 35 41 
203 203 43 33 
204 204 16 21 
205 205 11 14 
206 206 3 32 
207 207 17 36 
208 208 38 13 
209 209 41 45 
210 210 40 39 
211 211 22 18 
212 212 1 45 
213 213 15 37 
214 214 8 16 
215 215 33 11 
216 216 27 46 
217 217 35 17 
218 218 42 3 
219 219 20 2 
220 220 6 4 
221 221 30 32 
222 222 12 22 
223 223 31 15 
224 224 3 15 
225 225 35 18 
226 226 33 43 
227 227 44 34 
228 228 29 16 
229 229 13 19 
230 230 3 9 
231 231 8 40 
232 232 45 36 
233 233 2 17 
234 234 46 45 
235 235 48 35 
236 236 2 42 
237 237 47 9 
238 238 4 0 
239 239 9 42 
240 240 37 47 
241 241 39 2 
242 242 9 22 
243 243 3 22 
244 244 41 3 
245 245 43 6 
246 246 19 0 
247 247 49 32 
248 248 48 19 
249 249 45 3 
250 250 32 12 
251 251 26 40 
252 252 1 23 
253 253 12 39 
254 254 11 18 
255 255 10 35 
256 256 34 25 
257 257 39 4 
258 258 3 29 
259 259 16 19 
260 260 15 14 
261 261 23 28 
262 262 11 30 
263 263 6 37 
264 264 13 38 
265 265 7 14 
266 266 48 40 
267 267 30 19 
268 268 34 18 
269 269 47 48 
270 270 12 11 
271 271 5 16 
272 272 34 12 
273 273 41 10 
274 274 22 5 
275 275 4 36 
276 276 48 28 
277 277 42 21 
278 278 29 2 
279 279 49 7 
280 280 30 10 
281 281 5 23 
282 282 15 25 
283 283 19 31 
284 284 15 9 
285 285 28 42 
286 286 28 10 
287 287 19 15 
288 288 9 9 
289 289 31 22 
290 290 39 42 
291 291 43 2 
292 292 32 36 
293 293 12 40 
294 294 18 9 
295 295 6 8 
296 296 37 44 
297 297 1 49 
298 298 20 9 
299 299 32 40 
300 300 39 25 
301 301 18 42 
302 302 8 41 
303 303 6 43 
304 304 34 3 
305 305 34 46 
306 306 15 15 
307 307 0 44 
308 308 16 46 
309 309 29 6 
310 310 46 23 
311 311 28 1 
312 312 19 45 
313 313 37 10 
314 314 26 7 
315 315 22 49 
316 316 37 26 
317 317 18 1 
318 318 42 13 
319 319 8 9 
320 320 5 8 
321 321 39 9 
322 322 27 44 
323 323 1 14 
324 324 38 31 
325 325 37 36 
326 326 28 7 
327 327 32 30 
328 328 0 41 
329 329 14 22 
330 330 33 24 
331 331 45 10 
332 332 3 12 
333 333 6 35 
334 334 19 14 
335 335 24 36 
336 336 10 32 
337 337 29 23 
338 338 43 36 
339 339 40 17 
340 340 25 32 
341 341 6 24 
342 342 43 1 
343 343 7 13 
344 344 25 2 
345 345 44 12 
346 346 42 5 
347 347 46 40 
348 348 2 7 
349 349 10 4 
350 350 20 14 
351 351 0 48 
352 352 25 35 
353 353 46 19 
354 354 36 3 
355 355 25 21 
356 356 5 18 
357 357 5 10 
358 358 26 22 
359 359 37 21 
360 360 11 29 
361 361 47 2 
362 362 39 16 
363 363 45 48 
364 364 26 24 
365 365 22 0 
366 366 35 35 
367 367 30 49 
368 368 7 12 
369 369 34 32 
370 370 34 15 
371 371 30 47 
372 372 38 43 
373 373 4 15 
374 374 36 23 
375 375 26 10 
376 376 3 38 
377 377 13 12 
378 378 15 19 
379 379 23 43 
380 380 22 21 
381 381 44 5 
382 382 42 33 
383 383 46 31 
384 384 49 23 
385 385 41 24 
386 386 0 37 
387 387 8 43 
388 388 3 36 
389 389 3 33 
390 390 0 16 
391 391 25 4 
392 392 14 26 
393 393 42 46 
394 394 25 28 
395 395 5 24 
396 396 37 27 
397 397 12 3 
398 398 31 31 
399 399 36 28 
#
EDGES (from-node to-node length a b):
0 389 38 0 
0 378 24 0 
0 303 40 0 
0 292 17 0 
0 240 27 0 
0 112 22 0 
1 348 22 0 
1 184 16 0 
2 380 18 0 
2 335 32 0 
2 323 28 0 
2 297 52 0 
2 31 13 0 
3 366 7 0 
3 301 23 0 
3 277 17 0 
3 245 32 0 
4 198 12 0 
4 46 18 0 
4 34 35 0 
5 372 42 0 
5 329 15 0 
5 268 35 0 
5 21 39 0 
6 351 52 0 
6 331 10 0 
6 164 16 0 
7 365 16 0 
7 362 12 0 
7 139 22 0 
7 129 28 0 
8 227 29 0 
8 86 34 0 
9 323 28 0 
9 298 37 0 
9 285 25 0 
9 245 54 0 
9 226 30 0 
9 201 11 0 
9 188 27 0 
9 184 50 0 
9 180 31 0 
9 164 37 0 
9 83 31 0 
10 370 21 0 
10 192 35 0 
10 180 38 0 
10 153 24 0 
10 40 31 0 
11 212 57 0 
11 198 14 0 
11 196 44 0 
11 191 29 0 
11 182 56 0 
11 159 57 0 
11 122 3 0 
11 49 42 0 
12 394 16 0 
12 88 6 0 
12 19 22 0 
13 262 6 0 
13 259 11 0 
13 248 41 0 
13 173 23 0 
13 129 41 0 
13 19 35 0 
14 265 7 0 
14 253 25 0 
14 63 45 0 
15 294 21 0 
16 342 33 0 
16 320 51 0 
16 295 50 0 
17 255 12 0 
17 226 35 0 
17 217 33 0 
17 127 11 0 
17 21 36 0 
18 296 36 0 
18 194 20 0 
19 386 35 0 
19 383 21 0 
19 54 52 0 
19 41 42 0 
20 395 32 0 
20 250 9 0 
20 41 12 0 
21 156 17 0 
21 57 24 0 
22 396 19 0 
22 361 8 0 
22 340 29 0 
22 214 36 0 
22 139 25 0 
23 335 21 0 
23 319 17 0 
23 195 21 0 
24 281 39 0 
24 250 11 0 
24 95 10 0 
25 259 40 0 
25 209 6 0 
25 125 1 0 
26 255 46 0 
26 152 61 0 
26 150 9 0 
26 121 40 0 
27 388 30 0 
27 312 28 0 
27 261 10 0 
27 249 23 0 
28 172 28 0 
29 289 27 0 
29 215 25 0 
29 185 43 0 
30 382 39 0 
30 291 24 0 
30 191 9 0 
30 168 44 0 
31 214 14 0 
31 186 42 0 
31 82 15 0 
32 54 17 0 
33 296 16 0 
33 233 29 0 
33 121 8 0 
33 38 12 0 
35 347 40 0 
35 338 35 0 
35 276 30 0 
35 123 29 0 
35 95 22 0 
35 93 11 0 
35 58 47 0 
36 391 18 0 
36 301 30 0 
36 72 34 0 
37 323 16 0 
38 320 23 0 
38 168 17 0 
38 140 15 0 
38 60 20 0 
38 42 20 0 
39 376 40 0 
39 313 24 0 
39 188 35 0 
39 130 28 0 
39 117 21 0 
40 192 6 0 
40 48 47 0 
41 387 48 0 
41 362 9 0 
41 198 18 0 
41 196 36 0 
41 177 9 0 
41 103 13 0 
41 87 38 0 
42 346 56 0 
42 337 34 0 
42 297 4 0 
42 282 24 0 
42 108 31 0 
43 66 42 0 
44 362 6 0 
44 117 44 0 
44 46 26 0 
45 283 15 0 
46 201 34 0 
46 54 51 0 
47 79 45 0 
48 367 26 0 
48 227 41 0 
48 174 18 0 
48 96 27 0 
49 345 38 0 
49 316 32 0 
49 307 27 0 
49 226 37 0 
49 144 18 0 
50 313 9 0 
50 263 47 0 
50 142 28 0 
50 118 50 0 
51 264 33 0 
51 194 6 0 
52 348 37 0 
52 305 16 0 
52 257 28 0 
52 110 6 0 
53 201 17 0 
54 398 37 0 
54 387 42 0 
54 150 30 0 
54 102 56 0 
54 85 37 0 
55 371 47 0 
55 359 30 0 
56 234 16 0 
56 111 34 0 
56 84 42 0 
57 262 28 0 
57 248 34 0 
57 244 23 0 
57 181 38 0 
58 394 24 0 
58 336 9 0 
58 234 44 0 
58 212 8 0 
58 171 27 0 
58 83 26 0 
59 396 26 0 
59 158 19 0 
60 350 36 0 
60 89 24 0 
60 69 39 0 
61 372 54 0 
61 319 9 0 
61 149 34 0 
61 108 29 0 
61 90 60 0 
62 242 12 0 
63 378 31 0 
63 287 28 0 
63 114 25 0 
63 87 20 0 
63 76 45 0 
64 394 15 0 
64 314 12 0 
64 308 31 0 
64 305 35 0 
64 119 38 0 
64 107 26 0 
64 104 34 0 
64 65 28 0 
65 315 6 0 
65 235 28 0 
65 185 7 0 
65 103 43 0 
65 99 40 0 
66 319 2 0 
66 290 47 0 
66 213 31 0 
67 268 15 0 
67 159 31 0 
68 251 11 0 
68 205 37 0 
68 80 10 0 
69 389 40 0 
69 335 21 0 
69 302 38 0 
69 209 20 0 
69 207 27 0 
69 139 26 0 
69 129 8 0 
70 184 28 0 
70 160 11 0 
70 120 41 0 
71 392 23 0 
71 278 30 0 
71 265 34 0 
71 253 25 0 
71 172 31 0 
72 314 38 0 
72 264 5 0 
72 191 33 0 
72 181 4 0 
72 138 28 0 
72 124 13 0 
73 320 40 0 
74 389 23 0 
75 211 19 0 
75 175 43 0 
76 294 31 0 
76 188 27 0 
77 358 19 0 
78 374 23 0 
78 322 37 0 
78 166 17 0 
79 120 36 0 
79 81 19 0 
80 122 38 0 
81 333 11 0 
81 306 14 0 
81 296 27 0 
81 240 28 0 
82 122 9 0 
82 113 13 0 
83 381 36 0 
83 211 14 0 
84 399 39 0 
84 190 25 0 
84 157 47 0 
84 155 13 0 
85 361 5 0 
85 347 33 0 
85 102 37 0 
86 275 25 0 
87 299 11 0 
87 277 24 0 
87 270 45 0 
87 223 32 0 
87 193 20 0 
87 109 28 0 
88 349 37 0 
88 343 37 0 
88 331 11 0 
88 295 39 0 
88 190 46 0 
88 187 45 0 
88 167 20 0 
89 398 21 0 
89 374 25 0 
89 354 33 0 
89 241 36 0 
90 374 26 0 
91 396 16 0 
91 294 28 0 
92 389 16 0 
92 225 27 0 
93 381 21 0 
93 296 42 0 
93 178 7 0 
93 163 49 0 
94 293 32 0 
95 184 17 0 
95 127 26 0 
96 120 30 0 
97 322 28 0 
97 247 47 0 
97 201 8 0 
97 161 40 0 
97 99 27 0 
98 296 34 0 
99 344 17 0 
99 299 42 0 
100 283 23 0 
100 106 35 0 
101 246 28 0 
101 161 25 0 
101 113 18 0 
101 108 15 0 
102 390 54 0 
102 130 40 0 
102 128 22 0 
103 269 50 0 
103 216 45 0 
103 209 46 0 
104 286 29 0 
104 267 21 0 
104 167 10 0 
105 387 40 0 
105 300 30 0 
105 254 16 0 
105 143 32 0 
105 137 48 0 
106 159 9 0 
107 396 14 0 
107 349 34 0 
107 339 4 0 
108 381 26 0 
108 252 23 0 
109 290 23 0 
109 175 20 0 
110 286 16 0 
110 195 15 0 
110 192 24 0 
111 265 17 0 
111 237 24 0 
112 349 19 0 
112 244 31 0 
112 230 19 0 
114 290 35 0 
114 259 14 0 
115 156 48 0 
115 135 19 0 
116 345 14 0 
116 193 23 0 
117 340 29 0 
117 324 40 0 
117 131 26 0 
118 258 13 0 
118 217 38 0 
118 182 5 0 
119 362 32 0 
120 369 9 0 
120 260 35 0 
120 167 6 0 
121 344 33 0 
121 340 8 0 
121 337 16 0 
121 236 17 0 
121 194 33 0 
121 168 14 0 
121 130 40 0 
122 339 6 0 
122 336 40 0 
122 335 31 0 
122 159 54 0 
123 393 22 0 
123 278 28 0 
123 194 35 0 
124 394 7 0 
124 292 9 0 
124 198 22 0 
125 380 35 0 
125 272 35 0 
125 136 27 0 
126 368 16 0 
126 195 27 0 
126 155 21 0 
127 373 16 0 
127 230 21 0 
128 229 28 0 
128 212 46 0 
128 193 26 0 
129 367 26 0 
129 302 41 0 
129 300 10 0 
130 226 40 0 
130 214 37 0 
130 200 17 0 
130 161 40 0 
131 310 20 0 
131 247 26 0 
131 242 18 0 
132 347 4 0 
132 281 43 0 
132 216 21 0 
133 378 22 0 
133 332 32 0 
133 237 12 0 
134 238 48 0 
135 300 11 0 
136 241 17 0 
136 208 10 0 
136 196 44 0 
137 295 50 0 
137 162 38 0 
138 347 9 0 
138 272 36 0 
138 265 47 0 
139 321 22 0 
139 216 33 0 
140 390 21 0 
140 266 36 0 
140 263 26 0 
140 199 1 0 
141 209 45 0 
141 163 22 0 
141 159 23 0 
142 330 11 0 
142 216 20 0 
142 209 26 0 
144 176 14 0 
145 392 42 0 
145 391 24 0 
146 381 28 0 
146 274 7 0 
146 177 17 0 
146 150 22 0 
147 379 27 0 
147 348 31 0 
147 222 20 0 
147 199 11 0 
148 221 9 0 
148 165 9 0 
150 248 13 0 
151 264 25 0 
151 175 16 0 
152 292 32 0 
152 181 11 0 
153 320 32 0 
153 202 38 0 
154 360 23 0 
154 282 22 0 
155 319 14 0 
155 302 18 0 
156 376 50 0 
158 267 14 0 
158 264 20 0 
159 382 41 0 
159 341 24 0 
159 280 46 0 
159 260 36 0 
160 259 21 0 
160 229 19 0 
160 174 30 0 
160 169 31 0 
161 331 34 0 
161 292 11 0 
161 203 11 0 
162 370 9 0 
162 239 46 0 
164 399 25 0 
164 193 32 0 
165 361 39 0 
165 333 18 0 
165 329 15 0 
166 299 22 0 
166 290 29 0 
167 293 30 0 
167 204 33 0 
170 368 35 0 
170 242 27 0 
170 226 6 0 
170 197 28 0 
170 176 42 0 
171 399 33 0 
171 235 47 0 
171 217 28 0 
175 307 41 0 
175 278 34 0 
176 383 50 0 
176 321 36 0 
176 297 43 0 
176 270 10 0 
176 199 20 0 
177 294 16 0 
177 285 40 0 
177 283 32 0 
177 278 3 0 
177 210 38 0 
179 394 32 0 
179 283 35 0 
179 280 43 0 
179 234 5 0 
180 209 9 0 
181 337 25 0 
182 309 46 0 
182 288 35 0 
182 263 8 0 
182 186 48 0 
183 381 32 0 
183 342 36 0 
183 341 42 0 
183 332 50 0 
183 290 9 0 
183 226 14 0 
184 353 15 0 
185 397 46 0 
185 295 44 0 
185 217 31 0 
187 273 48 0 
187 209 41 0 
188 344 30 0 
189 240 18 0 
190 391 41 0 
191 385 26 0 
191 193 30 0 
192 344 26 0 
192 311 24 0 
192 252 48 0 
192 243 46 0 
193 337 19 0 
194 206 28 0 
195 264 31 0 
195 246 35 0 
196 379 41 0 
196 279 45 0 
196 243 15 0 
198 384 6 0 
198 270 34 0 
198 216 26 0 
199 319 14 0 
199 235 34 0 
200 272 11 0 
200 229 28 0 
201 348 27 0 
201 265 19 0 
202 395 34 0 
202 358 21 0 
202 348 47 0 
202 245 36 0 
202 227 11 0 
203 334 31 0 
203 231 36 0 
204 310 30 0 
204 267 14 0 
204 254 6 0 
204 245 31 0 
204 240 33 0 
205 300 30 0 
205 253 25 0 
205 232 40 0 
205 222 8 0 
206 284 26 0 
206 255 8 0 
207 378 17 0 
207 363 30 0 
207 276 32 0 
207 247 32 0 
207 226 17 0 
208 380 18 0 
208 301 35 0 
208 283 26 0 
208 251 30 0 
208 227 22 0 
209 276 18 0 
210 365 43 0 
210 332 46 0 
210 287 32 0 
211 328 32 0 
212 262 18 0 
212 219 47 0 
213 378 18 0 
213 262 8 0 
214 299 34 0 
217 395 31 0 
217 375 11 0 
217 328 42 0 
217 231 35 0 
218 333 48 0 
218 273 7 0 
218 254 34 0 
219 267 20 0 
220 310 44 0 
220 296 51 0 
220 247 51 0 
221 374 11 0 
221 343 30 0 
221 293 20 0 
222 373 11 0 
222 355 13 0 
222 247 38 0 
223 359 8 0 
223 347 29 0 
223 323 30 0 
223 271 26 0 
223 247 25 0 
224 256 33 0 
225 342 19 0 
226 349 45 0 
226 255 24 0 
227 343 43 0 
228 386 36 0 
228 385 14 0 
228 373 25 0 
228 322 28 0 
229 242 5 0 
230 296 49 0 
230 260 13 0 
231 351 11 0 
232 388 42 0 
233 382 43 0 
233 323 3 0 
234 330 25 0 
234 237 36 0 
236 398 31 0 
236 360 16 0 
237 285 38 0 
238 264 39 0 
238 254 19 0 
239 389 11 0 
239 346 50 0 
239 263 6 0 
241 295 34 0 
242 328 21 0 
243 275 14 0 
244 389 48 0 
244 314 16 0 
245 322 41 0 
246 337 25 0 
247 381 27 0 
247 261 26 0 
249 323 45 0 
250 341 29 0 
251 391 36 0 
251 328 26 0 
252 349 21 0 
255 395 12 0 
255 282 11 0 
256 395 29 0 
257 360 38 0 
258 394 22 0 
260 362 24 0 
260 313 22 0 
260 292 28 0 
261 360 12 0 
262 273 36 0 
262 268 26 0 
263 364 24 0 
264 325 24 0 
265 316 32 0 
266 391 43 0 
266 386 48 0 
266 356 48 0 
267 344 18 0 
267 321 13 0 
269 334 44 0 
271 375 22 0 
272 357 29 0 
275 389 3 0 
276 393 19 0 
276 389 45 0 
276 317 40 0 
277 344 25 0 
280 398 21 0 
280 324 22 0 
281 282 10 0 
282 327 18 0 
282 318 30 0 
285 305 7 0 
286 331 17 0 
288 371 43 0 
288 370 26 0 
290 399 14 0 
290 379 16 0 
290 370 27 0 
291 329 35 0 
291 328 58 0 
292 354 33 0 
292 348 42 0 
295 352 33 0 
296 330 20 0 
297 337 38 0 
298 370 15 0 
299 396 14 0 
301 393 24 0 
302 331 48 0 
303 385 40 0 
303 360 15 0 
304 334 19 0 
305 352 14 0 
306 372 36 0 
306 358 13 0 
308 339 38 0 
308 310 38 0 
309 377 17 0 
309 348 27 0 
309 321 10 0 
312 396 25 0 
312 374 28 0 
312 322 8 0 
313 390 37 0 
313 362 6 0 
315 357 43 0 
317 395 26 0 
317 376 40 0 
319 326 20 0 
320 385 39 0 
325 341 33 0 
326 375 4 0 
326 350 11 0 
329 336 11 0 
330 376 33 0 
335 396 16 0 
340 374 14 0 
343 345 37 0 
344 387 44 0 
346 391 17 0 
348 391 23 0 
353 368 40 0 
357 392 18 0 
358 374 10 0 
363 386 46 0 
364 390 27 0 
370 391 14 0 
377 396 28 0 
378 386 23 0 
382 384 12 0 
383 384 9 0 
