#GRAPH (#nodes #edges id uu vv ww xx yy zz):
#400 1560 geo(0,{400,50,3,0.009,0.000,0.000}) 50 
#
VERTICES (index name u v w x y z):
0 0 24 39 
1 1 3 44 
2 2 12 42 
3 3 19 20 
4 4 45 14 
5 5 45 49 
6 6 6 1 
7 7 17 37 
8 8 47 18 
9 9 37 42 
10 10 3 49 
11 11 9 45 
12 12 12 44 
13 13 1 2 
14 14 1 7 
15 15 33 45 
16 16 46 39 
17 17 43 15 
18 18 0 2 
19 19 32 7 
20 20 7 10 
21 21 12 1 
22 22 41 14 
23 23 19 31 
24 24 27 39 
25 25 15 22 
26 26 21 15 
27 27 38 33 
28 28 6 33 
29 29 9 33 
30 30 39 29 
31 31 46 11 
32 32 7 46 
33 33 46 48 
34 34 20 7 
35 35 25 4 
36 36 3 22 
37 37 47 13 
38 38 2 27 
39 39 9 1 
40 40 40 28 
41 41 35 27 
42 42 1 38 
43 43 24 34 
44 44 5 49 
45 45 3 6 
46 46 31 10 
47 47 10 41 
48 48 15 13 
49 49 45 40 
50 50 45 32 
51 51 34 9 
52 52 2 21 
53 53 17 22 
54 54 6 43 
55 55 21 12 
56 56 32 30 
57 57 24 17 
58 58 23 40 
59 59 47 4 
60 60 6 26 
61 61 31 18 
62 62 41 28 
63 63 20 34 
64 64 5 0 
65 65 43 14 
66 66 20 29 
67 67 45 12 
68 68 4 29 
69 69 9 22 
70 70 6 6 
71 71 12 3 
72 72 38 18 
73 73 17 0 
74 74 14 47 
75 75 32 17 
76 76 17 47 
77 77 18 38 
78 78 5 30 
79 79 6 28 
80 80 24 4 
81 81 18 27 
82 82 32 18 
83 83 20 2 
84 84 12 19 
85 85 2 20 
86 86 5 43 
87 87 1 0 
88 88 32 31 
89 89 41 17 
90 90 28 42 
91 91 23 16 
92 92 34 43 
93 93 19 41 
94 94 21 23 
95 95 39 30 
96 96 18 5 
97 97 13 3 
98 98 33 4 
99 99 44 48 
100 100 27 24 
101 101 48 28 
102 102 9 39 
103 103 14 0 
104 104 45 27 
105 105 8 20 
106 106 21 24 
107 107 11 4 
108 108 7 3 
109 109 21 6 
110 110 48 10 
111 111 47 3 
112 112 49 20 
113 113 4 18 
114 114 4 7 
115 115 35 34 
116 116 0 23 
117 117 15 12 
118 118 9 49 
119 119 34 41 
120 120 42 5 
121 121 26 34 
122 122 40 0 
123 123 20 47 
124 124 21 35 
125 125 37 33 
126 126 44 25 
127 127 46 5 
128 128 17 5 
129 129 25 9 
130 130 5 33 
131 131 7 26 
132 132 49 16 
133 133 47 5 
134 134 38 16 
135 135 35 16 
136 136 30 46 
137 137 17 18 
138 138 42 21 
139 139 28 3 
140 140 3 0 
141 141 13 18 
142 142 31 42 
143 143 28 1 
144 144 22 8 
145 145 5 11 
146 146 1 11 
147 147 13 16 
148 148 4 41 
149 149 38 1 
150 150 18 26 
151 151 25 44 
152 152 15 4 
153 153 3 34 
154 154 26 41 
155 155 6 47 
156 156 49 7 
157 157 5 46 
158 158 48 21 
159 159 26 24 
160 160 49 33 
161 161 44 37 
162 162 32 42 
163 163 22 25 
164 164 20 33 
165 165 28 45 
166 166 24 9 
167 167 30 17 
168 168 41 35 
169 169 28 28 
170 170 29 25 
171 171 9 23 
172 172 12 20 
173 173 46 45 
174 174 16 38 
175 175 14 13 
176 176 13 5 
177 177 15 47 
178 178 45 17 
179 179 23 36 
180 180 9 28 
181 181 40 3 
182 182 11 1 
183 183 42 49 
184 184 44 35 
185 185 43 25 
186 186 2 41 
187 187 26 33 
188 188 36 19 
189 189 29 6 
190 190 19 27 
191 191 45 25 
192 192 34 13 
193 193 45 22 
194 194 17 31 
195 195 49 29 
196 196 2 34 
197 197 15 3 
198 198 11 9 
199 199 22 48 
200 200 22 33 
201 201 34 7 
202 202 18 24 
203 203 44 4 
204 204 25 15 
205 205 22 19 
206 206 16 45 
207 207 27 0 
208 208 21 25 
209 209 6 9 
210 210 7 35 
211 211 23 18 
212 212 16 29 
213 213 27 6 
214 214 35 39 
215 215 1 41 
216 216 42 6 
217 217 12 38 
218 218 10 8 
219 219 35 14 
220 220 16 28 
221 221 23 35 
222 222 11 44 
223 223 4 31 
224 224 11 37 
225 225 23 26 
226 226 32 40 
227 227 21 10 
228 228 7 41 
229 229 35 18 
230 230 45 15 
231 231 47 30 
232 232 44 5 
233 233 16 8 
234 234 28 34 
235 235 40 24 
236 236 36 44 
237 237 14 30 
238 238 12 24 
239 239 43 24 
240 240 17 3 
241 241 19 7 
242 242 20 5 
243 243 36 27 
244 244 30 31 
245 245 6 0 
246 246 32 49 
247 247 2 2 
248 248 20 6 
249 249 48 31 
250 250 41 12 
251 251 49 4 
252 252 43 16 
253 253 32 35 
254 254 20 23 
255 255 3 36 
256 256 9 5 
257 257 33 20 
258 258 26 31 
259 259 11 6 
260 260 49 41 
261 261 34 8 
262 262 27 21 
263 263 36 42 
264 264 3 25 
265 265 8 40 
266 266 47 27 
267 267 35 43 
268 268 10 9 
269 269 11 15 
270 270 44 38 
271 271 27 42 
272 272 46 25 
273 273 16 13 
274 274 41 36 
275 275 26 29 
276 276 42 40 
277 277 0 43 
278 278 22 9 
279 279 42 9 
280 280 23 38 
281 281 20 26 
282 282 16 24 
283 283 11 5 
284 284 6 18 
285 285 48 7 
286 286 15 46 
287 287 31 11 
288 288 17 20 
289 289 21 46 
290 290 39 22 
291 291 43 18 
292 292 37 43 
293 293 8 48 
294 294 19 18 
295 295 24 21 
296 296 24 27 
297 297 18 48 
298 298 16 33 
299 299 2 14 
300 300 36 36 
301 301 7 28 
302 302 4 15 
303 303 1 33 
304 304 39 41 
305 305 39 23 
306 306 22 46 
307 307 7 33 
308 308 11 27 
309 309 17 17 
310 310 43 6 
311 311 45 3 
312 312 9 40 
313 313 24 8 
314 314 8 33 
315 315 46 29 
316 316 17 27 
317 317 10 0 
318 318 45 38 
319 319 37 3 
320 320 35 44 
321 321 23 27 
322 322 24 14 
323 323 11 31 
324 324 8 43 
325 325 46 33 
326 326 8 35 
327 327 7 8 
328 328 38 19 
329 329 21 34 
330 330 34 19 
331 331 25 39 
332 332 7 38 
333 333 47 43 
334 334 38 10 
335 335 38 46 
336 336 12 31 
337 337 21 37 
338 338 9 3 
339 339 7 31 
340 340 7 37 
341 341 22 28 
342 342 39 5 
343 343 0 34 
344 344 3 24 
345 345 28 48 
346 346 33 5 
347 347 28 5 
348 348 23 37 
349 349 26 15 
350 350 20 30 
351 351 9 38 
352 352 36 3 
353 353 0 11 
354 354 14 25 
355 355 42 17 
356 356 49 48 
357 357 1 3 
358 358 18 9 
359 359 36 38 
360 360 28 9 
361 361 49 18 
362 362 26 18 
363 363 28 4 
364 364 9 31 
365 365 24 43 
366 366 38 38 
367 367 12 46 
368 368 38 0 
369 369 18 1 
370 370 30 1 
371 371 9 16 
372 372 15 28 
373 373 3 39 
374 374 7 18 
375 375 19 6 
376 376 31 5 
377 377 44 13 
378 378 37 34 
379 379 34 35 
380 380 17 13 
381 381 43 27 
382 382 23 20 
383 383 13 15 
384 384 0 48 
385 385 25 43 
386 386 16 7 
387 387 27 32 
388 388 28 39 
389 389 11 22 
390 390 14 12 
391 391 17 9 
392 392 23 11 
393 393 43 31 
394 394 25 27 
395 395 0 42 
396 396 38 39 
397 397 40 26 
398 398 29 26 
399 399 35 33 
#
EDGES (from-node to-node length a b):
0 375 33 0 
1 20 34 0 
2 168 30 0 
2 51 40 0 
2 39 41 0 
3 286 26 0 
3 56 16 0 
4 314 42 0 
4 293 50 0 
4 180 39 0 
4 24 31 0 
5 336 38 0 
5 317 60 0 
5 200 28 0 
5 13 64 0 
6 341 31 0 
6 12 43 0 
7 323 8 0 
7 295 17 0 
7 126 30 0 
8 382 24 0 
8 293 49 0 
8 280 31 0 
8 96 32 0 
8 35 26 0 
9 381 16 0 
9 229 24 0 
9 100 21 0 
10 380 39 0 
10 322 41 0 
10 169 33 0 
10 145 38 0 
10 56 35 0 
11 392 37 0 
11 204 34 0 
12 250 43 0 
12 249 38 0 
12 243 29 0 
12 225 21 0 
12 74 4 0 
14 316 26 0 
14 28 26 0 
15 389 32 0 
15 289 12 0 
15 263 4 0 
15 239 23 0 
15 199 11 0 
15 38 36 0 
16 354 35 0 
16 206 31 0 
17 333 28 0 
17 214 25 0 
17 87 45 0 
18 333 62 0 
18 213 27 0 
18 29 32 0 
19 358 14 0 
19 251 17 0 
20 340 27 0 
21 356 60 0 
21 334 28 0 
21 172 19 0 
21 52 22 0 
22 312 41 0 
22 59 12 0 
22 28 40 0 
23 383 17 0 
23 342 33 0 
23 289 15 0 
23 186 20 0 
24 245 44 0 
24 195 24 0 
24 180 21 0 
24 167 22 0 
24 138 23 0 
24 86 22 0 
25 388 21 0 
25 274 30 0 
25 202 4 0 
26 322 3 0 
26 135 14 0 
27 305 10 0 
27 297 25 0 
27 77 21 0 
28 311 49 0 
29 350 11 0 
29 115 26 0 
30 99 20 0 
30 85 38 0 
30 83 33 0 
30 41 4 0 
31 351 46 0 
31 302 42 0 
31 177 48 0 
31 78 45 0 
31 55 25 0 
31 38 47 0 
32 244 27 0 
32 52 25 0 
33 320 12 0 
33 279 39 0 
33 250 36 0 
34 356 50 0 
34 121 28 0 
34 113 19 0 
35 325 36 0 
35 308 27 0 
35 163 21 0 
36 362 23 0 
36 309 15 0 
36 288 14 0 
36 266 44 0 
36 217 18 0 
36 209 13 0 
36 43 24 0 
37 388 32 0 
37 118 52 0 
37 72 10 0 
38 289 27 0 
38 260 49 0 
39 331 41 0 
39 80 15 0 
40 337 21 0 
40 177 31 0 
40 70 40 0 
41 397 5 0 
41 65 15 0 
42 337 20 0 
42 235 41 0 
43 343 24 0 
43 137 17 0 
44 371 33 0 
45 202 23 0 
46 373 40 0 
46 365 34 0 
46 77 31 0 
46 48 16 0 
47 210 7 0 
47 118 8 0 
48 211 9 0 
49 307 39 0 
49 298 30 0 
49 130 41 0 
49 79 41 0 
50 220 29 0 
50 112 13 0 
51 324 43 0 
51 264 35 0 
51 237 29 0 
52 389 9 0 
52 312 20 0 
52 237 15 0 
52 218 15 0 
52 215 20 0 
52 129 26 0 
53 377 28 0 
54 305 39 0 
54 281 22 0 
55 398 16 0 
55 312 30 0 
56 311 30 0 
56 300 7 0 
57 354 13 0 
57 261 13 0 
57 200 16 0 
58 317 42 0 
58 165 7 0 
59 297 53 0 
59 232 3 0 
59 209 41 0 
59 61 21 0 
60 315 40 0 
60 265 14 0 
60 210 9 0 
60 179 20 0 
61 286 32 0 
61 261 10 0 
61 204 7 0 
62 263 15 0 
62 230 14 0 
63 285 39 0 
63 263 18 0 
63 165 14 0 
64 361 48 0 
64 327 8 0 
64 270 54 0 
64 211 25 0 
64 138 43 0 
64 131 26 0 
65 396 25 0 
65 346 13 0 
65 92 30 0 
66 235 21 0 
66 119 18 0 
66 70 27 0 
67 386 29 0 
67 360 17 0 
67 348 33 0 
67 341 28 0 
67 295 23 0 
67 180 39 0 
68 293 19 0 
68 269 16 0 
68 233 24 0 
69 364 9 0 
69 301 6 0 
69 192 27 0 
69 102 17 0 
70 372 24 0 
70 139 22 0 
70 135 31 0 
70 116 18 0 
70 71 7 0 
71 198 6 0 
72 244 15 0 
72 151 29 0 
73 326 36 0 
73 306 46 0 
73 298 33 0 
73 208 25 0 
74 225 23 0 
74 155 8 0 
74 77 10 0 
75 290 9 0 
75 204 7 0 
75 200 19 0 
75 193 14 0 
75 188 4 0 
76 346 45 0 
76 207 48 0 
76 108 45 0 
76 79 22 0 
77 357 39 0 
78 348 19 0 
78 125 32 0 
78 118 19 0 
79 233 22 0 
79 178 41 0 
79 158 43 0 
79 147 14 0 
81 360 21 0 
81 335 28 0 
81 188 20 0 
81 184 27 0 
82 302 28 0 
82 213 13 0 
82 112 17 0 
83 336 30 0 
83 277 46 0 
84 191 34 0 
84 103 19 0 
85 203 45 0 
85 171 8 0 
85 158 46 0 
85 147 12 0 
86 369 44 0 
86 176 39 0 
86 171 20 0 
87 375 19 0 
87 250 42 0 
88 360 22 0 
89 315 13 0 
89 196 43 0 
89 151 31 0 
90 375 37 0 
90 330 24 0 
90 285 40 0 
90 209 40 0 
90 205 24 0 
91 327 18 0 
91 268 15 0 
91 263 29 0 
91 159 9 0 
92 377 32 0 
92 263 2 0 
93 165 10 0 
94 314 16 0 
94 205 4 0 
94 158 27 0 
95 365 20 0 
95 289 24 0 
95 269 32 0 
95 220 23 0 
95 116 40 0 
96 346 15 0 
96 294 13 0 
96 115 34 0 
97 338 4 0 
97 315 42 0 
97 259 4 0 
98 360 7 0 
98 356 47 0 
98 146 33 0 
98 111 14 0 
99 355 31 0 
99 321 30 0 
99 275 26 0 
99 218 52 0 
99 105 46 0 
100 313 16 0 
100 241 19 0 
100 186 30 0 
100 166 15 0 
100 155 31 0 
101 395 50 0 
101 362 24 0 
101 235 9 0 
101 185 6 0 
101 151 28 0 
102 376 40 0 
102 225 19 0 
102 152 36 0 
103 342 25 0 
103 274 45 0 
103 258 33 0 
103 197 3 0 
103 121 36 0 
104 387 19 0 
104 260 15 0 
104 218 40 0 
105 390 10 0 
105 318 41 0 
105 175 9 0 
105 170 22 0 
105 130 13 0 
106 315 25 0 
106 236 25 0 
106 164 9 0 
107 397 36 0 
107 372 24 0 
107 347 17 0 
107 340 33 0 
107 257 27 0 
107 233 6 0 
107 127 35 0 
108 351 35 0 
109 392 5 0 
109 366 36 0 
109 290 24 0 
109 253 31 0 
110 303 52 0 
110 246 42 0 
111 381 24 0 
111 371 40 0 
112 366 21 0 
112 333 23 0 
112 114 47 0 
113 390 12 0 
113 238 10 0 
113 153 16 0 
114 124 33 0 
115 205 20 0 
115 186 34 0 
115 133 31 0 
116 275 27 0 
116 226 36 0 
116 224 18 0 
116 193 45 0 
117 327 9 0 
117 214 34 0 
118 399 31 0 
118 343 17 0 
118 216 54 0 
119 346 36 0 
119 329 15 0 
119 268 40 0 
119 146 45 0 
120 394 28 0 
120 368 6 0 
120 199 47 0 
120 128 25 0 
121 338 35 0 
122 328 19 0 
122 222 53 0 
123 267 16 0 
123 179 11 0 
123 152 43 0 
125 376 29 0 
125 342 28 0 
125 249 11 0 
125 207 34 0 
126 369 35 0 
126 291 7 0 
126 210 38 0 
126 156 19 0 
127 366 34 0 
128 363 11 0 
128 356 54 0 
128 157 43 0 
128 136 43 0 
129 385 34 0 
129 356 46 0 
129 242 6 0 
129 239 23 0 
129 229 13 0 
129 167 9 0 
129 132 25 0 
130 377 44 0 
130 285 50 0 
130 283 29 0 
130 151 23 0 
131 301 2 0 
131 282 9 0 
131 270 39 0 
132 396 25 0 
132 238 38 0 
132 227 29 0 
132 157 53 0 
133 316 37 0 
133 292 39 0 
133 208 33 0 
133 207 21 0 
133 180 44 0 
134 395 46 0 
134 362 12 0 
134 360 12 0 
134 330 5 0 
134 312 38 0 
134 186 44 0 
135 384 47 0 
135 271 27 0 
135 154 27 0 
136 296 20 0 
136 295 26 0 
136 284 37 0 
136 159 22 0 
137 352 24 0 
137 337 19 0 
137 176 14 0 
138 275 18 0 
138 202 24 0 
138 165 28 0 
139 266 31 0 
140 339 31 0 
141 394 15 0 
141 318 38 0 
141 275 17 0 
141 153 19 0 
142 373 28 0 
142 198 39 0 
142 159 19 0 
143 360 8 0 
143 311 17 0 
143 278 10 0 
143 182 17 0 
144 353 22 0 
144 324 38 0 
144 286 39 0 
144 266 31 0 
144 240 7 0 
144 233 6 0 
144 172 16 0 
145 319 33 0 
146 277 32 0 
147 213 17 0 
148 301 13 0 
148 253 29 0 
148 178 48 0 
148 169 27 0 
149 393 30 0 
149 378 33 0 
149 202 30 0 
149 187 34 0 
149 167 18 0 
149 165 45 0 
150 338 25 0 
150 329 9 0 
150 312 17 0 
150 280 13 0 
150 274 25 0 
150 170 11 0 
151 382 24 0 
151 364 21 0 
151 346 40 0 
151 301 24 0 
152 370 15 0 
152 365 40 0 
153 354 14 0 
153 220 14 0 
154 388 3 0 
154 312 17 0 
154 307 21 0 
154 239 24 0 
154 218 37 0 
155 271 22 0 
155 225 27 0 
156 380 33 0 
156 343 56 0 
158 377 9 0 
158 373 48 0 
158 275 23 0 
159 386 20 0 
159 348 13 0 
159 327 25 0 
159 234 10 0 
159 198 21 0 
159 177 25 0 
159 162 19 0 
160 254 31 0 
161 383 38 0 
161 268 44 0 
161 194 28 0 
161 186 42 0 
161 172 36 0 
162 256 44 0 
162 226 2 0 
162 205 25 0 
163 317 28 0 
163 212 7 0 
163 169 7 0 
164 330 20 0 
164 304 21 0 
165 376 40 0 
165 352 43 0 
165 289 7 0 
166 392 2 0 
166 339 28 0 
166 231 31 0 
168 378 4 0 
168 310 29 0 
168 256 44 0 
169 393 15 0 
169 325 19 0 
169 244 4 0 
170 301 22 0 
170 231 19 0 
170 197 26 0 
170 193 16 0 
171 393 35 0 
171 321 15 0 
171 257 24 0 
171 251 44 0 
171 230 37 0 
171 189 26 0 
172 351 18 0 
172 233 13 0 
172 223 14 0 
172 190 10 0 
173 266 18 0 
174 385 10 0 
174 371 23 0 
175 228 29 0 
176 307 29 0 
177 320 20 0 
177 257 32 0 
178 396 23 0 
178 388 28 0 
178 293 48 0 
179 343 23 0 
179 295 15 0 
180 395 17 0 
180 301 2 0 
180 182 27 0 
181 398 25 0 
181 233 25 0 
182 326 34 0 
182 304 49 0 
182 285 37 0 
182 246 52 0 
182 216 31 0 
183 281 32 0 
184 387 17 0 
186 282 22 0 
186 238 20 0 
187 235 17 0 
187 233 27 0 
189 378 29 0 
189 371 22 0 
189 340 38 0 
189 333 41 0 
189 264 32 0 
190 397 21 0 
190 379 17 0 
190 297 21 0 
190 272 27 0 
191 289 32 0 
191 211 23 0 
192 362 9 0 
192 292 30 0 
193 293 45 0 
193 203 18 0 
194 342 34 0 
194 213 27 0 
195 399 15 0 
195 222 41 0 
195 200 27 0 
196 301 8 0 
198 362 17 0 
199 340 19 0 
199 303 26 0 
199 288 28 0 
200 365 10 0 
200 292 18 0 
200 272 25 0 
200 240 30 0 
200 219 23 0 
201 317 25 0 
201 233 18 0 
202 205 6 0 
203 247 42 0 
204 292 30 0 
205 377 23 0 
206 256 41 0 
207 364 36 0 
207 293 52 0 
209 380 12 0 
209 289 40 0 
209 261 28 0 
209 241 13 0 
210 305 34 0 
211 393 24 0 
211 259 17 0 
211 250 19 0 
213 398 20 0 
213 316 23 0 
213 223 34 0 
214 377 28 0 
214 351 26 0 
214 249 15 0 
215 348 22 0 
216 305 17 0 
216 236 38 0 
217 385 14 0 
217 349 27 0 
218 264 18 0 
218 249 44 0 
218 248 10 0 
218 240 9 0 
218 233 6 0 
219 283 26 0 
220 342 33 0 
220 296 8 0 
221 325 23 0 
222 321 21 0 
222 291 41 0 
222 275 21 0 
223 373 8 0 
224 319 43 0 
225 281 3 0 
225 269 16 0 
226 344 33 0 
227 271 33 0 
229 384 46 0 
229 360 11 0 
229 353 36 0 
230 332 44 0 
230 294 26 0 
230 270 23 0 
231 346 29 0 
231 331 24 0 
231 321 24 0 
231 309 33 0 
231 305 11 0 
232 398 26 0 
233 255 31 0 
236 377 32 0 
236 375 42 0 
236 317 51 0 
240 374 18 0 
240 303 34 0 
241 312 34 0 
241 305 26 0 
242 366 38 0 
242 303 34 0 
243 298 21 0 
244 385 13 0 
244 249 18 0 
245 380 17 0 
245 305 40 0 
245 285 43 0 
247 343 32 0 
248 343 34 0 
248 319 17 0 
248 264 25 0 
249 374 43 0 
249 287 26 0 
249 261 27 0 
251 378 32 0 
251 285 3 0 
252 388 27 0 
253 267 9 0 
254 374 14 0 
254 362 8 0 
255 299 22 0 
256 315 44 0 
257 391 19 0 
257 371 24 0 
257 286 32 0 
258 371 23 0 
258 322 17 0 
260 297 32 0 
260 291 24 0 
261 387 25 0 
262 281 9 0 
263 324 28 0 
266 359 16 0 
267 299 44 0 
268 380 8 0 
268 320 43 0 
268 278 12 0 
271 380 31 0 
271 378 13 0 
271 327 39 0 
271 307 22 0 
272 364 37 0 
273 288 7 0 
274 393 5 0 
275 279 26 0 
276 343 42 0 
277 338 41 0 
278 395 40 0 
278 353 22 0 
280 397 21 0 
282 365 21 0 
282 346 25 0 
283 373 35 0 
285 355 12 0 
285 341 33 0 
287 354 22 0 
291 299 41 0 
291 292 26 0 
292 333 10 0 
292 299 45 0 
292 298 23 0 
293 310 55 0 
294 362 7 0 
295 366 22 0 
295 307 21 0 
296 319 27 0 
298 392 23 0 
299 342 38 0 
300 323 25 0 
301 399 28 0 
301 398 22 0 
301 316 10 0 
304 381 15 0 
305 357 43 0 
306 388 9 0 
307 344 10 0 
307 338 30 0 
307 336 5 0 
308 384 24 0 
308 349 19 0 
313 393 30 0 
313 314 30 0 
314 335 33 0 
315 377 16 0 
315 370 32 0 
315 333 14 0 
316 321 6 0 
317 342 29 0 
322 336 21 0 
323 340 7 0 
324 377 47 0 
325 360 30 0 
326 362 25 0 
327 343 27 0 
329 392 23 0 
333 337 27 0 
334 360 10 0 
335 355 29 0 
337 387 8 0 
339 387 20 0 
339 371 15 0 
340 367 10 0 
342 354 32 0 
343 383 23 0 
343 379 34 0 
344 395 18 0 
345 387 16 0 
360 391 11 0 
360 380 12 0 
361 391 33 0 
363 385 39 0 
363 372 27 0 
371 394 19 0 
376 389 26 0 
387 398 6 0 
387 393 16 0 
389 399 26 0 
