#GRAPH (#nodes #edges id uu vv ww xx yy zz):
#400 1526 geo(0,{400,50,3,0.009,0.000,0.000}) 50 
#
VERTICES (index name u v w x y z):
0 0 49 36 
1 1 26 11 
2 2 47 34 
3 3 35 29 
4 4 8 17 
5 5 42 46 
6 6 33 38 
7 7 42 20 
8 8 7 29 
9 9 5 20 
10 10 35 30 
11 11 2 1 
12 12 6 39 
13 13 31 45 
14 14 8 8 
15 15 44 28 
16 16 20 41 
17 17 19 19 
18 18 27 6 
19 19 43 46 
20 20 36 46 
21 21 33 3 
22 22 18 49 
23 23 20 5 
24 24 29 24 
25 25 27 2 
26 26 8 39 
27 27 38 49 
28 28 39 24 
29 29 23 22 
30 30 19 37 
31 31 2 24 
32 32 0 34 
33 33 24 40 
34 34 17 28 
35 35 32 38 
36 36 25 18 
37 37 0 5 
38 38 21 4 
39 39 8 0 
40 40 45 2 
41 41 38 25 
42 42 13 46 
43 43 27 34 
44 44 15 8 
45 45 22 43 
46 46 19 12 
47 47 36 19 
48 48 2 35 
49 49 18 30 
50 50 7 48 
51 51 34 22 
52 52 15 3 
53 53 8 14 
54 54 1 35 
55 55 26 16 
56 56 49 37 
57 57 5 45 
58 58 27 24 
59 59 29 9 
60 60 49 24 
61 61 16 35 
62 62 16 20 
63 63 19 5 
64 64 7 22 
65 65 44 44 
66 66 38 1 
67 67 21 21 
68 68 23 34 
69 69 15 24 
70 70 8 28 
71 71 43 41 
72 72 35 48 
73 73 22 32 
74 74 10 12 
75 75 17 18 
76 76 9 26 
77 77 11 27 
78 78 14 23 
79 79 34 41 
80 80 39 38 
81 81 31 9 
82 82 18 27 
83 83 10 27 
84 84 9 6 
85 85 24 4 
86 86 22 4 
87 87 17 1 
88 88 33 39 
89 89 32 30 
90 90 37 9 
91 91 36 22 
92 92 12 18 
93 93 33 42 
94 94 17 49 
95 95 6 20 
96 96 26 49 
97 97 21 23 
98 98 0 25 
99 99 41 27 
100 100 3 36 
101 101 31 8 
102 102 19 33 
103 103 10 24 
104 104 9 44 
105 105 5 16 
106 106 19 46 
107 107 12 27 
108 108 22 26 
109 109 12 45 
110 110 46 21 
111 111 36 10 
112 112 49 47 
113 113 39 2 
114 114 14 46 
115 115 36 33 
116 116 16 8 
117 117 18 18 
118 118 22 41 
119 119 35 42 
120 120 13 13 
121 121 31 38 
122 122 18 12 
123 123 5 23 
124 124 15 13 
125 125 35 35 
126 126 3 47 
127 127 14 27 
128 128 41 16 
129 129 0 19 
130 130 42 29 
131 131 7 24 
132 132 48 3 
133 133 38 47 
134 134 36 36 
135 135 39 15 
136 136 1 13 
137 137 45 45 
138 138 22 20 
139 139 37 0 
140 140 45 43 
141 141 33 49 
142 142 20 31 
143 143 16 16 
144 144 8 15 
145 145 39 36 
146 146 35 47 
147 147 44 33 
148 148 24 41 
149 149 38 29 
150 150 9 18 
151 151 15 14 
152 152 49 41 
153 153 48 15 
154 154 38 37 
155 155 0 4 
156 156 33 9 
157 157 13 47 
158 158 41 32 
159 159 44 20 
160 160 6 9 
161 161 25 26 
162 162 18 8 
163 163 16 18 
164 164 38 20 
165 165 30 42 
166 166 2 33 
167 167 31 43 
168 168 24 5 
169 169 18 1 
170 170 31 16 
171 171 7 18 
172 172 41 25 
173 173 9 11 
174 174 47 41 
175 175 45 27 
176 176 5 2 
177 177 38 44 
178 178 17 2 
179 179 29 17 
180 180 48 0 
181 181 7 40 
182 182 24 14 
183 183 27 25 
184 184 35 1 
185 185 16 34 
186 186 26 42 
187 187 8 1 
188 188 11 41 
189 189 47 42 
190 190 43 18 
191 191 16 43 
192 192 49 32 
193 193 29 25 
194 194 7 33 
195 195 34 16 
196 196 45 41 
197 197 2 20 
198 198 31 33 
199 199 18 15 
200 200 47 25 
201 201 21 46 
202 202 25 10 
203 203 26 7 
204 204 34 49 
205 205 12 47 
206 206 48 35 
207 207 15 15 
208 208 19 14 
209 209 14 19 
210 210 44 26 
211 211 23 27 
212 212 45 49 
213 213 26 6 
214 214 21 17 
215 215 32 10 
216 216 24 10 
217 217 47 6 
218 218 30 7 
219 219 21 27 
220 220 12 12 
221 221 0 8 
222 222 6 15 
223 223 8 20 
224 224 41 43 
225 225 28 44 
226 226 7 35 
227 227 18 33 
228 228 2 23 
229 229 46 43 
230 230 0 20 
231 231 4 28 
232 232 19 22 
233 233 14 37 
234 234 35 37 
235 235 12 11 
236 236 40 33 
237 237 24 15 
238 238 48 1 
239 239 45 20 
240 240 16 24 
241 241 1 10 
242 242 28 27 
243 243 41 18 
244 244 45 40 
245 245 13 29 
246 246 17 36 
247 247 37 40 
248 248 1 28 
249 249 1 25 
250 250 21 11 
251 251 49 8 
252 252 9 12 
253 253 30 37 
254 254 0 29 
255 255 9 40 
256 256 44 42 
257 257 10 26 
258 258 23 8 
259 259 5 26 
260 260 14 33 
261 261 47 28 
262 262 4 38 
263 263 0 32 
264 264 42 21 
265 265 16 10 
266 266 43 34 
267 267 16 41 
268 268 35 9 
269 269 5 12 
270 270 1 29 
271 271 15 34 
272 272 1 32 
273 273 13 14 
274 274 7 10 
275 275 20 35 
276 276 25 32 
277 277 29 40 
278 278 42 30 
279 279 11 33 
280 280 37 34 
281 281 12 31 
282 282 33 5 
283 283 11 15 
284 284 13 35 
285 285 16 11 
286 286 39 26 
287 287 18 21 
288 288 36 13 
289 289 29 6 
290 290 2 40 
291 291 25 23 
292 292 12 3 
293 293 20 28 
294 294 45 5 
295 295 26 41 
296 296 34 28 
297 297 20 29 
298 298 46 27 
299 299 2 13 
300 300 29 35 
301 301 30 24 
302 302 24 32 
303 303 37 27 
304 304 17 44 
305 305 1 24 
306 306 44 24 
307 307 48 49 
308 308 14 34 
309 309 8 7 
310 310 2 3 
311 311 0 17 
312 312 28 48 
313 313 11 26 
314 314 37 43 
315 315 2 39 
316 316 29 47 
317 317 23 14 
318 318 22 13 
319 319 35 19 
320 320 40 1 
321 321 17 9 
322 322 36 1 
323 323 39 21 
324 324 1 31 
325 325 23 25 
326 326 19 28 
327 327 10 41 
328 328 2 18 
329 329 4 7 
330 330 8 27 
331 331 40 31 
332 332 23 12 
333 333 11 39 
334 334 46 36 
335 335 35 26 
336 336 27 23 
337 337 34 33 
338 338 1 43 
339 339 31 27 
340 340 45 25 
341 341 2 10 
342 342 8 10 
343 343 1 38 
344 344 40 9 
345 345 19 42 
346 346 49 14 
347 347 7 17 
348 348 23 41 
349 349 8 23 
350 350 21 45 
351 351 44 17 
352 352 37 13 
353 353 13 34 
354 354 21 10 
355 355 9 1 
356 356 38 11 
357 357 27 20 
358 358 49 40 
359 359 20 16 
360 360 12 14 
361 361 37 49 
362 362 31 24 
363 363 47 1 
364 364 24 48 
365 365 42 13 
366 366 3 10 
367 367 7 13 
368 368 27 35 
369 369 1 16 
370 370 21 37 
371 371 4 30 
372 372 46 19 
373 373 44 36 
374 374 42 1 
375 375 34 8 
376 376 16 38 
377 377 6 34 
378 378 33 48 
379 379 22 42 
380 380 36 5 
381 381 11 13 
382 382 14 20 
383 383 38 4 
384 384 4 3 
385 385 25 1 
386 386 35 17 
387 387 37 39 
388 388 21 0 
389 389 4 27 
390 390 27 44 
391 391 25 22 
392 392 9 34 
393 393 26 0 
394 394 28 8 
395 395 8 32 
396 396 31 4 
397 397 47 26 
398 398 22 28 
399 399 12 35 
#
EDGES (from-node to-node length a b):
0 208 37 0 
0 151 40 0 
0 56 1 0 
1 179 7 0 
1 153 22 0 
1 150 18 0 
2 311 50 0 
2 150 41 0 
2 54 46 0 
3 355 38 0 
3 329 38 0 
3 222 32 0 
3 142 15 0 
3 114 27 0 
3 64 29 0 
3 18 24 0 
4 275 22 0 
4 218 24 0 
4 29 16 0 
5 375 39 0 
5 226 37 0 
5 175 19 0 
5 16 23 0 
6 316 10 0 
6 242 12 0 
6 48 31 0 
7 208 24 0 
7 188 37 0 
7 185 30 0 
7 181 40 0 
7 63 27 0 
8 333 11 0 
8 281 5 0 
8 77 4 0 
9 391 20 0 
9 226 15 0 
9 27 44 0 
10 344 22 0 
10 340 11 0 
10 333 26 0 
10 326 16 0 
10 319 11 0 
10 133 17 0 
10 24 8 0 
11 375 33 0 
11 369 15 0 
11 183 35 0 
11 15 50 0 
12 283 25 0 
12 236 35 0 
12 58 26 0 
13 222 39 0 
13 154 11 0 
13 107 26 0 
13 104 22 0 
14 216 16 0 
14 207 10 0 
14 204 49 0 
14 182 17 0 
14 49 24 0 
15 273 34 0 
15 168 30 0 
15 148 24 0 
15 57 43 0 
15 43 18 0 
15 17 27 0 
15 16 27 0 
16 379 2 0 
16 330 18 0 
16 277 9 0 
16 270 22 0 
17 322 25 0 
17 274 15 0 
17 251 32 0 
17 183 10 0 
17 115 22 0 
17 111 19 0 
17 44 12 0 
18 367 21 0 
18 353 31 0 
18 162 9 0 
18 125 30 0 
19 369 52 0 
19 342 50 0 
19 338 42 0 
19 320 45 0 
19 238 45 0 
19 222 48 0 
19 66 45 0 
19 49 30 0 
20 165 7 0 
20 157 23 0 
21 389 38 0 
21 113 6 0 
22 153 45 0 
22 104 10 0 
23 63 1 0 
24 129 29 0 
24 124 18 0 
24 114 27 0 
25 243 21 0 
25 237 13 0 
25 124 16 0 
26 347 22 0 
26 289 39 0 
26 212 38 0 
26 99 35 0 
27 268 40 0 
27 160 51 0 
27 41 24 0 
28 330 31 0 
28 93 19 0 
29 383 23 0 
29 301 7 0 
30 284 6 0 
30 154 19 0 
30 48 17 0 
31 370 23 0 
31 342 15 0 
31 141 40 0 
31 138 20 0 
31 51 32 0 
31 45 28 0 
31 40 48 0 
32 310 31 0 
32 186 27 0 
32 143 24 0 
32 112 51 0 
33 168 35 0 
33 150 27 0 
33 129 32 0 
34 317 15 0 
35 259 30 0 
35 176 45 0 
36 228 24 0 
36 197 23 0 
36 170 6 0 
37 251 49 0 
37 210 49 0 
37 191 41 0 
37 43 40 0 
38 251 28 0 
39 211 31 0 
39 164 36 0 
39 145 48 0 
39 140 57 0 
40 368 38 0 
40 360 35 0 
40 296 28 0 
40 169 27 0 
40 150 39 0 
40 47 19 0 
41 346 16 0 
41 323 4 0 
41 321 26 0 
41 196 17 0 
41 49 21 0 
42 390 14 0 
42 313 20 0 
42 138 28 0 
42 88 21 0 
43 173 29 0 
44 339 25 0 
44 273 6 0 
44 46 6 0 
45 195 30 0 
46 351 25 0 
46 337 26 0 
46 278 29 0 
46 223 14 0 
46 85 9 0 
47 106 32 0 
48 144 21 0 
49 366 25 0 
49 278 24 0 
49 233 8 0 
49 143 14 0 
50 242 30 0 
50 86 46 0 
51 132 24 0 
52 318 12 0 
52 154 41 0 
52 128 29 0 
52 88 40 0 
52 63 4 0 
53 388 19 0 
53 369 7 0 
54 336 29 0 
54 216 34 0 
54 139 50 0 
55 189 33 0 
55 157 34 0 
55 139 19 0 
56 357 28 0 
56 344 29 0 
56 308 35 0 
56 182 34 0 
56 146 17 0 
56 88 16 0 
56 63 44 0 
57 317 36 0 
57 242 29 0 
57 207 32 0 
57 61 15 0 
58 380 21 0 
58 230 27 0 
58 226 23 0 
58 182 10 0 
58 161 3 0 
58 130 16 0 
58 94 27 0 
59 296 20 0 
59 235 17 0 
59 98 33 0 
59 89 21 0 
60 392 41 0 
60 363 23 0 
60 198 20 0 
60 166 48 0 
61 358 33 0 
61 219 9 0 
62 328 14 0 
62 112 43 0 
63 357 17 0 
63 231 27 0 
63 113 20 0 
64 336 20 0 
64 177 38 0 
64 116 17 0 
64 89 26 0 
64 80 36 0 
65 382 38 0 
65 369 51 0 
65 285 43 0 
65 140 1 0 
65 112 6 0 
65 95 45 0 
66 368 36 0 
66 269 35 0 
66 266 33 0 
66 264 20 0 
67 270 22 0 
67 158 23 0 
67 154 23 0 
68 381 24 0 
69 386 21 0 
69 180 41 0 
70 391 18 0 
70 194 5 0 
70 146 33 0 
71 317 34 0 
71 201 23 0 
72 276 19 0 
72 258 42 0 
72 255 27 0 
73 394 25 0 
74 389 16 0 
74 352 27 0 
74 272 22 0 
74 190 34 0 
74 176 11 0 
74 91 28 0 
75 307 44 0 
75 242 14 0 
75 217 32 0 
75 184 25 0 
75 136 17 0 
75 102 15 0 
75 76 11 0 
76 378 33 0 
76 182 19 0 
76 150 8 0 
76 125 28 0 
77 348 18 0 
77 303 26 0 
77 251 42 0 
77 216 21 0 
77 201 21 0 
77 133 34 0 
77 80 30 0 
78 325 9 0 
78 103 4 0 
79 389 33 0 
79 385 41 0 
79 274 41 0 
79 184 40 0 
80 214 28 0 
81 377 35 0 
81 337 24 0 
82 357 11 0 
82 354 17 0 
82 200 29 0 
82 179 15 0 
82 132 38 0 
83 272 10 0 
83 222 13 0 
83 220 15 0 
84 388 13 0 
84 289 20 0 
84 274 4 0 
84 244 50 0 
84 129 16 0 
85 265 10 0 
85 101 8 0 
86 315 40 0 
86 239 28 0 
86 183 22 0 
86 94 45 0 
87 379 41 0 
87 310 15 0 
87 160 14 0 
87 139 20 0 
88 304 17 0 
88 278 13 0 
88 259 31 0 
88 182 27 0 
89 317 18 0 
89 316 17 0 
89 279 21 0 
90 361 40 0 
90 187 30 0 
91 393 24 0 
92 275 19 0 
92 230 12 0 
92 180 40 0 
92 147 35 0 
93 384 49 0 
93 249 36 0 
94 378 16 0 
94 249 29 0 
94 242 25 0 
95 139 37 0 
95 136 9 0 
96 319 31 0 
96 315 26 0 
96 132 51 0 
97 378 28 0 
97 127 8 0 
97 120 13 0 
98 204 42 0 
98 168 31 0 
99 260 28 0 
99 240 25 0 
99 195 13 0 
99 161 16 0 
100 264 42 0 
100 202 34 0 
100 159 44 0 
101 336 16 0 
102 324 18 0 
102 209 15 0 
103 214 13 0 
104 244 36 0 
104 158 34 0 
104 157 5 0 
105 362 27 0 
105 327 25 0 
105 173 6 0 
106 391 25 0 
106 294 49 0 
106 265 36 0 
106 221 42 0 
106 203 40 0 
106 135 37 0 
106 121 14 0 
107 295 20 0 
107 262 14 0 
107 247 28 0 
107 130 30 0 
108 377 18 0 
108 302 6 0 
109 348 12 0 
109 247 25 0 
109 111 42 0 
110 332 25 0 
110 145 17 0 
110 131 39 0 
111 309 28 0 
112 258 47 0 
113 338 56 0 
113 269 35 0 
113 207 27 0 
114 159 40 0 
114 127 19 0 
115 292 38 0 
115 147 8 0 
116 337 31 0 
116 305 22 0 
116 120 6 0 
117 394 14 0 
117 147 30 0 
118 300 9 0 
119 370 15 0 
119 341 46 0 
119 285 36 0 
119 167 4 0 
120 163 6 0 
120 145 35 0 
121 187 44 0 
121 144 33 0 
122 347 12 0 
123 311 8 0 
124 358 43 0 
124 323 25 0 
124 245 16 0 
124 211 16 0 
124 137 44 0 
125 397 15 0 
125 387 4 0 
126 255 9 0 
126 174 44 0 
126 149 39 0 
127 340 31 0 
128 152 26 0 
129 374 46 0 
129 337 37 0 
130 393 33 0 
130 328 41 0 
130 301 13 0 
130 281 30 0 
130 180 30 0 
131 264 35 0 
131 240 9 0 
131 184 36 0 
131 161 18 0 
132 363 2 0 
132 211 35 0 
132 152 38 0 
133 306 24 0 
133 265 43 0 
133 190 29 0 
133 172 22 0 
134 396 32 0 
134 284 23 0 
134 236 5 0 
134 199 28 0 
134 194 29 0 
134 188 25 0 
135 209 25 0 
135 172 10 0 
136 394 27 0 
136 205 36 0 
136 203 26 0 
137 291 30 0 
138 371 21 0 
138 367 17 0 
138 229 33 0 
138 218 15 0 
139 301 25 0 
140 398 27 0 
140 381 45 0 
140 377 40 0 
140 327 35 0 
140 196 2 0 
140 192 12 0 
141 299 48 0 
141 245 28 0 
141 197 42 0 
141 172 25 0 
142 380 31 0 
142 220 21 0 
143 276 18 0 
143 248 19 0 
143 219 12 0 
143 209 4 0 
144 318 14 0 
144 157 32 0 
145 395 31 0 
146 152 15 0 
147 252 41 0 
147 251 25 0 
147 192 5 0 
148 166 23 0 
149 396 26 0 
149 320 28 0 
149 286 3 0 
150 386 26 0 
150 344 32 0 
150 290 23 0 
150 281 13 0 
150 276 21 0 
150 252 6 0 
151 276 21 0 
151 261 35 0 
152 289 40 0 
153 262 50 0 
153 234 26 0 
154 372 20 0 
154 335 11 0 
154 221 48 0 
155 277 46 0 
156 375 1 0 
156 246 31 0 
157 248 22 0 
157 198 23 0 
159 358 21 0 
159 355 40 0 
160 305 16 0 
160 299 6 0 
160 202 19 0 
161 358 28 0 
161 162 19 0 
162 367 12 0 
162 279 26 0 
162 185 26 0 
163 392 17 0 
163 249 17 0 
164 363 21 0 
164 360 27 0 
164 204 29 0 
165 369 39 0 
165 231 30 0 
165 206 19 0 
166 338 10 0 
166 183 26 0 
167 361 8 0 
167 259 31 0 
168 362 20 0 
168 339 23 0 
168 269 20 0 
168 259 28 0 
168 172 26 0 
169 373 44 0 
169 177 47 0 
170 231 30 0 
171 361 43 0 
171 262 20 0 
171 193 23 0 
172 293 21 0 
173 226 24 0 
174 380 38 0 
174 183 26 0 
175 297 25 0 
175 262 42 0 
176 230 19 0 
177 285 40 0 
177 259 38 0 
178 307 56 0 
179 188 30 0 
179 185 21 0 
180 287 37 0 
181 301 28 0 
182 315 33 0 
182 288 12 0 
182 239 22 0 
183 367 23 0 
183 335 8 0 
183 252 22 0 
183 245 15 0 
183 216 15 0 
184 277 39 0 
184 234 36 0 
184 218 8 0 
185 256 29 0 
187 372 42 0 
187 371 29 0 
187 227 34 0 
188 201 11 0 
189 296 19 0 
189 247 10 0 
191 308 9 0 
191 257 18 0 
191 223 24 0 
192 259 44 0 
193 319 8 0 
193 238 31 0 
195 308 27 0 
195 277 25 0 
195 241 34 0 
196 214 34 0 
197 398 22 0 
197 223 6 0 
199 256 37 0 
200 277 23 0 
200 237 25 0 
201 294 48 0 
202 382 15 0 
202 341 23 0 
203 210 26 0 
204 245 29 0 
205 324 19 0 
205 285 36 0 
206 343 47 0 
206 275 28 0 
207 359 5 0 
208 339 18 0 
208 273 6 0 
208 247 32 0 
209 392 16 0 
209 334 36 0 
210 364 30 0 
211 398 1 0 
211 397 24 0 
211 306 21 0 
211 258 19 0 
211 257 13 0 
211 253 12 0 
212 333 35 0 
212 297 32 0 
212 242 28 0 
213 299 25 0 
214 286 20 0 
215 341 30 0 
215 270 36 0 
216 343 36 0 
216 322 15 0 
216 278 27 0 
216 276 22 0 
216 270 30 0 
217 393 22 0 
218 314 37 0 
218 312 41 0 
219 366 25 0 
219 241 26 0 
220 369 12 0 
220 263 23 0 
221 385 26 0 
221 261 51 0 
222 396 27 0 
222 379 31 0 
222 289 25 0 
222 233 23 0 
223 370 21 0 
223 326 14 0 
223 267 22 0 
224 314 4 0 
224 283 41 0 
224 282 39 0 
225 310 49 0 
226 313 10 0 
226 288 36 0 
226 279 4 0 
226 258 31 0 
226 227 11 0 
227 362 16 0 
227 331 22 0 
227 243 27 0 
228 360 13 0 
228 269 11 0 
229 348 23 0 
230 271 21 0 
231 318 23 0 
232 397 28 0 
232 344 25 0 
234 341 43 0 
234 302 12 0 
234 246 18 0 
235 373 41 0 
236 389 36 0 
236 287 25 0 
237 258 7 0 
238 298 26 0 
239 340 5 0 
239 303 11 0 
240 398 7 0 
242 374 30 0 
242 357 7 0 
244 337 13 0 
245 354 21 0 
246 375 33 0 
246 330 13 0 
247 261 16 0 
248 306 43 0 
249 383 43 0 
250 318 2 0 
250 302 21 0 
252 354 12 0 
252 280 36 0 
253 377 24 0 
254 376 18 0 
256 359 35 0 
257 325 13 0 
257 279 7 0 
258 351 23 0 
259 360 14 0 
259 314 36 0 
261 380 25 0 
261 291 23 0 
261 284 35 0 
262 299 25 0 
263 369 16 0 
264 385 26 0 
265 307 50 0 
265 269 11 0 
266 353 30 0 
266 349 37 0 
269 393 24 0 
270 375 39 0 
270 274 20 0 
273 368 25 0 
275 353 7 0 
275 288 27 0 
276 382 16 0 
278 286 5 0 
278 285 32 0 
279 391 18 0 
279 280 26 0 
280 303 7 0 
284 312 20 0 
285 379 32 0 
285 332 7 0 
285 325 16 0 
289 398 23 0 
292 342 8 0 
294 363 4 0 
295 379 4 0 
296 362 5 0 
296 320 28 0 
297 332 17 0 
297 317 15 0 
298 388 37 0 
300 333 18 0 
303 396 24 0 
303 353 25 0 
304 394 38 0 
305 366 14 0 
305 319 34 0 
309 350 40 0 
309 338 37 0 
310 393 24 0 
313 379 19 0 
314 344 34 0 
316 398 20 0 
316 370 13 0 
317 366 20 0 
317 361 38 0 
318 376 26 0 
320 328 42 0 
321 330 20 0 
322 354 17 0 
322 351 18 0 
323 344 12 0 
324 345 21 0 
326 383 31 0 
327 382 21 0 
327 365 43 0 
328 336 25 0 
329 369 9 0 
329 351 41 0 
332 387 30 0 
332 384 21 0 
332 359 5 0 
339 350 21 0 
340 376 32 0 
340 353 33 0 
341 386 34 0 
343 388 43 0 
345 363 50 0 
353 399 1 0 
354 381 10 0 
356 379 35 0 
358 365 28 0 
361 387 10 0 
367 381 4 0 
368 399 15 0 
368 397 22 0 
368 395 19 0 
369 380 37 0 
375 380 4 0 
375 376 35 0 
381 385 18 0 
384 388 17 0 
385 390 43 0 
