#GRAPH (#nodes #edges id uu vv ww xx yy zz):
#50 174 geo(0,{50,100,3,0.067,0.000,0.000}) 100 
#
VERTICES (index name u v w x y z):
0 0 48 30 
1 1 48 79 
2 2 76 93 
3 3 24 43 
4 4 54 92 
5 5 58 60 
6 6 95 43 
7 7 59 38 
8 8 15 24 
9 9 61 74 
10 10 5 54 
11 11 66 21 
12 12 73 34 
13 13 59 45 
14 14 15 84 
15 15 78 83 
16 16 23 68 
17 17 84 17 
18 18 51 57 
19 19 51 60 
20 20 34 56 
21 21 95 58 
22 22 98 39 
23 23 71 71 
24 24 37 38 
25 25 96 52 
26 26 0 90 
27 27 27 88 
28 28 58 89 
29 29 30 9 
30 30 67 67 
31 31 20 73 
32 32 31 92 
33 33 82 77 
34 34 67 36 
35 35 53 98 
36 36 24 32 
37 37 87 88 
38 38 79 90 
39 39 0 60 
40 40 81 40 
41 41 83 55 
42 42 13 28 
43 43 18 47 
44 44 38 99 
45 45 75 68 
46 46 68 14 
47 47 10 23 
48 48 48 82 
49 49 32 36 
#
EDGES (from-node to-node length a b):
0 40 34 0 
0 36 24 0 
0 29 28 0 
0 23 47 0 
0 22 51 0 
0 19 30 0 
0 12 25 0 
0 7 14 0 
1 20 27 0 
1 6 59 0 
2 27 49 0 
2 12 59 0 
2 11 73 0 
2 7 58 0 
3 11 47 0 
3 9 48 0 
4 23 27 0 
4 20 41 0 
4 16 39 0 
4 15 26 0 
5 36 44 0 
5 27 42 0 
6 45 32 0 
6 37 46 0 
6 25 9 0 
7 49 27 0 
7 42 47 0 
7 29 41 0 
7 26 79 0 
8 23 73 0 
8 22 84 0 
8 17 69 0 
9 48 15 0 
9 31 41 0 
10 49 32 0 
10 31 24 0 
10 23 68 0 
11 30 46 0 
11 16 64 0 
11 15 63 0 
12 42 60 0 
12 40 10 0 
12 28 57 0 
12 21 33 0 
13 39 61 0 
13 27 54 0 
14 32 18 0 
14 18 45 0 
15 35 29 0 
16 47 47 0 
16 43 22 0 
16 42 41 0 
16 35 42 0 
16 34 54 0 
18 49 28 0 
18 40 34 0 
19 31 34 0 
20 47 41 0 
20 45 43 0 
20 43 18 0 
21 47 92 0 
22 38 54 0 
22 31 85 0 
22 30 42 0 
23 45 5 0 
23 38 21 0 
24 32 54 0 
25 46 47 0 
25 31 79 0 
28 47 82 0 
29 49 27 0 
30 42 67 0 
30 41 20 0 
30 37 29 0 
32 41 64 0 
32 34 67 0 
33 37 12 0 
34 46 22 0 
34 37 56 0 
35 42 81 0 
37 44 50 0 
37 42 95 0 
38 46 77 0 
41 46 44 0 
43 47 25 0 
44 47 81 0 
45 48 30 0 
