#GRAPH (#nodes #edges id uu vv ww xx yy zz):
#50 184 geo(0,{50,100,3,0.067,0.000,0.000}) 100 
#
VERTICES (index name u v w x y z):
0 0 56 40 
1 1 76 46 
2 2 88 95 
3 3 0 48 
4 4 70 10 
5 5 62 42 
6 6 34 10 
7 7 46 18 
8 8 73 39 
9 9 48 70 
10 10 20 33 
11 11 31 77 
12 12 65 12 
13 13 84 26 
14 14 82 36 
15 15 16 74 
16 16 13 21 
17 17 47 85 
18 18 77 29 
19 19 1 58 
20 20 21 31 
21 21 12 13 
22 22 55 70 
23 23 88 57 
24 24 15 29 
25 25 36 58 
26 26 92 71 
27 27 25 15 
28 28 57 6 
29 29 54 17 
30 30 47 2 
31 31 30 97 
32 32 65 61 
33 33 45 52 
34 34 81 93 
35 35 30 10 
36 36 18 26 
37 37 43 27 
38 38 9 61 
39 39 93 41 
40 40 31 18 
41 41 40 71 
42 42 48 98 
43 43 18 21 
44 44 93 49 
45 45 45 82 
46 46 29 1 
47 47 36 11 
48 48 69 70 
49 49 27 93 
#
EDGES (from-node to-node length a b):
0 39 37 0 
1 27 60 0 
1 17 49 0 
1 13 22 0 
1 5 15 0 
2 43 102 0 
2 33 61 0 
2 17 42 0 
2 7 88 0 
3 46 55 0 
3 44 93 0 
3 41 46 0 
3 14 83 0 
3 12 74 0 
4 48 60 0 
4 35 40 0 
4 16 58 0 
4 15 84 0 
4 5 33 0 
5 36 47 0 
5 35 45 0 
5 18 20 0 
5 17 46 0 
5 12 30 0 
6 30 15 0 
6 17 76 0 
6 15 66 0 
7 40 15 0 
7 38 57 0 
7 20 28 0 
8 36 57 0 
8 27 54 0 
9 36 53 0 
9 35 63 0 
9 33 18 0 
9 30 68 0 
9 12 60 0 
10 44 75 0 
10 40 19 0 
10 35 25 0 
11 39 72 0 
11 33 29 0 
12 44 46 0 
12 20 48 0 
12 16 53 0 
13 32 40 0 
13 26 46 0 
14 21 74 0 
15 29 69 0 
16 46 26 0 
16 43 5 0 
16 37 31 0 
17 48 27 0 
17 43 70 0 
17 37 58 0 
17 19 53 0 
18 43 60 0 
19 45 50 0 
19 23 87 0 
20 41 44 0 
20 35 23 0 
21 40 20 0 
21 29 42 0 
22 33 21 0 
23 44 9 0 
23 37 54 0 
23 34 37 0 
24 46 31 0 
24 33 38 0 
24 29 41 0 
24 26 88 0 
25 28 56 0 
26 48 23 0 
26 42 52 0 
27 44 76 0 
28 39 50 0 
29 49 81 0 
29 42 81 0 
30 43 35 0 
31 47 86 0 
32 36 59 0 
33 41 20 0 
34 44 46 0 
34 42 33 0 
34 36 92 0 
35 39 70 0 
35 38 55 0 
36 41 50 0 
37 49 68 0 
37 43 26 0 
42 49 22 0 
46 47 12 0 
