#GRAPH (#nodes #edges id uu vv ww xx yy zz):
#50 180 geo(0,{50,100,3,0.067,0.000,0.000}) 100 
#
VERTICES (index name u v w x y z):
0 0 36 65 
1 1 52 85 
2 2 41 52 
3 3 13 64 
4 4 65 48 
5 5 21 91 
6 6 0 54 
7 7 47 62 
8 8 12 20 
9 9 55 76 
10 10 97 54 
11 11 41 34 
12 12 34 57 
13 13 30 30 
14 14 3 47 
15 15 9 87 
16 16 21 53 
17 17 41 58 
18 18 11 13 
19 19 28 80 
20 20 6 37 
21 21 66 66 
22 22 81 69 
23 23 52 41 
24 24 20 71 
25 25 82 68 
26 26 99 7 
27 27 77 2 
28 28 11 66 
29 29 93 69 
30 30 63 86 
31 31 13 9 
32 32 47 65 
33 33 74 41 
34 34 2 35 
35 35 47 6 
36 36 4 80 
37 37 10 70 
38 38 32 51 
39 39 5 34 
40 40 54 86 
41 41 40 20 
42 42 37 27 
43 43 51 56 
44 44 49 4 
45 45 17 59 
46 46 0 12 
47 47 15 6 
48 48 64 23 
49 49 66 75 
#
EDGES (from-node to-node length a b):
0 43 17 0 
0 37 26 0 
0 30 34 0 
0 20 41 0 
1 31 85 0 
2 38 9 0 
2 24 28 0 
2 14 38 0 
3 42 44 0 
3 29 80 0 
3 13 38 0 
4 39 62 0 
4 24 51 0 
4 20 60 0 
5 6 43 0 
6 44 70 0 
6 24 26 0 
6 20 18 0 
7 44 58 0 
7 20 48 0 
7 18 61 0 
7 13 36 0 
8 49 77 0 
8 48 52 0 
8 26 88 0 
9 29 39 0 
9 26 82 0 
9 25 28 0 
10 36 97 0 
10 20 93 0 
11 21 41 0 
12 47 54 0 
12 35 53 0 
12 19 24 0 
12 16 14 0 
14 48 66 0 
14 38 29 0 
14 26 104 0 
14 23 49 0 
15 28 21 0 
15 24 19 0 
16 46 46 0 
16 24 18 0 
17 48 42 0 
17 37 33 0 
17 29 53 0 
17 24 25 0 
18 47 8 0 
18 38 43 0 
18 32 63 0 
18 25 90 0 
19 27 92 0 
21 38 37 0 
22 48 49 0 
22 25 1 0 
23 49 37 0 
24 49 46 0 
24 47 65 0 
24 43 34 0 
24 38 23 0 
24 30 46 0 
25 34 87 0 
26 47 84 0 
26 42 65 0 
26 32 78 0 
27 43 60 0 
27 34 82 0 
27 33 39 0 
28 43 41 0 
28 37 4 0 
29 34 97 0 
30 48 63 0 
30 45 53 0 
30 43 32 0 
30 42 64 0 
30 37 55 0 
30 31 92 0 
32 38 21 0 
34 37 36 0 
35 47 32 0 
37 49 56 0 
37 46 59 0 
37 42 51 0 
40 44 82 0 
40 43 30 0 
41 49 61 0 
42 45 38 0 
44 47 34 0 
44 46 50 0 
47 49 86 0 
