#GRAPH (#nodes #edges id uu vv ww xx yy zz):
#50 164 geo(0,{50,100,3,0.067,0.000,0.000}) 100 
#
VERTICES (index name u v w x y z):
0 0 87 5 
1 1 1 49 
2 2 8 98 
3 3 84 64 
4 4 12 41 
5 5 81 60 
6 6 34 40 
7 7 50 61 
8 8 80 12 
9 9 10 32 
10 10 55 61 
11 11 24 78 
12 12 72 14 
13 13 36 14 
14 14 18 45 
15 15 79 26 
16 16 49 47 
17 17 51 67 
18 18 65 91 
19 19 44 70 
20 20 60 10 
21 21 10 15 
22 22 91 27 
23 23 26 96 
24 24 52 24 
25 25 4 98 
26 26 38 34 
27 27 88 55 
28 28 23 72 
29 29 37 12 
30 30 98 7 
31 31 25 20 
32 32 95 79 
33 33 49 19 
34 34 33 18 
35 35 3 61 
36 36 83 8 
37 37 3 4 
38 38 84 7 
39 39 14 32 
40 40 30 29 
41 41 12 44 
42 42 0 77 
43 43 39 92 
44 44 46 50 
45 45 59 15 
46 46 7 80 
47 47 6 19 
48 48 77 50 
49 49 29 99 
#
EDGES (from-node to-node length a b):
0 18 89 0 
1 44 45 0 
1 40 35 0 
2 14 54 0 
2 10 60 0 
3 47 90 0 
3 40 64 0 
3 38 57 0 
3 35 81 0 
3 8 52 0 
4 28 33 0 
4 27 77 0 
5 43 53 0 
5 29 65 0 
5 25 86 0 
5 11 60 0 
5 9 76 0 
6 45 35 0 
6 21 35 0 
7 25 59 0 
8 44 51 0 
8 31 56 0 
8 30 19 0 
8 19 68 0 
9 42 46 0 
9 39 4 0 
9 32 97 0 
9 15 69 0 
10 40 41 0 
10 30 69 0 
11 48 60 0 
11 42 24 0 
12 34 39 0 
12 24 22 0 
13 48 55 0 
13 31 13 0 
13 22 57 0 
14 42 37 0 
15 40 49 0 
15 30 27 0 
15 23 88 0 
16 41 37 0 
16 26 17 0 
16 23 54 0 
17 32 46 0 
18 43 26 0 
18 40 71 0 
18 37 107 0 
19 47 64 0 
19 30 83 0 
20 45 5 0 
20 25 104 0 
21 34 23 0 
21 25 83 0 
22 26 53 0 
23 49 4 0 
23 35 42 0 
24 40 23 0 
24 33 6 0 
25 49 25 0 
25 27 94 0 
26 40 9 0 
26 34 17 0 
27 36 47 0 
27 34 66 0 
28 48 58 0 
28 36 88 0 
28 35 23 0 
29 31 14 0 
30 37 95 0 
31 34 8 0 
33 47 43 0 
34 48 54 0 
34 37 33 0 
35 43 48 0 
35 40 42 0 
35 37 57 0 
37 38 81 0 
38 46 106 0 
39 42 47 0 
44 47 51 0 
48 49 69 0 
