#GRAPH (#nodes #edges id uu vv ww xx yy zz):
#50 186 geo(0,{50,100,3,0.067,0.000,0.000}) 100 
#
VERTICES (index name u v w x y z):
0 0 19 32 
1 1 61 37 
2 2 68 23 
3 3 27 35 
4 4 60 83 
5 5 17 91 
6 6 14 64 
7 7 53 8 
8 8 0 65 
9 9 24 19 
10 10 93 85 
11 11 97 21 
12 12 75 19 
13 13 44 94 
14 14 53 21 
15 15 18 85 
16 16 68 40 
17 17 43 65 
18 18 21 33 
19 19 31 2 
20 20 76 43 
21 21 30 31 
22 22 8 33 
23 23 3 98 
24 24 78 56 
25 25 46 21 
26 26 58 81 
27 27 87 91 
28 28 61 9 
29 29 69 24 
30 30 99 51 
31 31 4 53 
32 32 50 42 
33 33 28 49 
34 34 78 16 
35 35 17 40 
36 36 94 5 
37 37 51 64 
38 38 55 28 
39 39 19 52 
40 40 16 44 
41 41 24 24 
42 42 14 84 
43 43 27 17 
44 44 75 13 
45 45 67 33 
46 46 49 90 
47 47 33 45 
48 48 62 65 
49 49 67 27 
#
EDGES (from-node to-node length a b):
0 43 17 0 
0 36 80 0 
0 27 90 0 
1 47 29 0 
1 46 54 0 
1 36 46 0 
1 26 44 0 
2 27 71 0 
2 25 22 0 
2 7 21 0 
2 3 43 0 
3 29 43 0 
3 4 58 0 
4 38 55 0 
4 34 69 0 
4 9 73 0 
5 43 75 0 
5 17 37 0 
6 42 20 0 
6 24 64 0 
6 14 58 0 
7 42 85 0 
7 40 52 0 
8 42 24 0 
8 17 43 0 
8 9 52 0 
9 37 52 0 
10 46 44 0 
10 41 92 0 
10 16 51 0 
10 13 50 0 
10 12 68 0 
11 41 73 0 
11 29 28 0 
12 46 76 0 
12 35 62 0 
12 22 68 0 
12 16 22 0 
13 44 87 0 
13 33 48 0 
13 31 57 0 
14 40 44 0 
14 38 7 0 
14 28 14 0 
14 21 25 0 
15 40 41 0 
15 16 67 0 
16 25 29 0 
16 20 9 0 
17 46 26 0 
17 45 40 0 
17 41 45 0 
17 39 27 0 
17 30 58 0 
17 29 49 0 
17 28 59 0 
18 44 58 0 
18 23 67 0 
19 25 24 0 
20 33 48 0 
22 46 70 0 
22 42 51 0 
23 49 96 0 
23 27 84 0 
24 41 63 0 
24 37 28 0 
24 29 33 0 
24 28 50 0 
25 43 19 0 
25 41 22 0 
25 40 38 0 
25 37 43 0 
27 43 95 0 
28 42 89 0 
28 40 57 0 
28 32 35 0 
29 36 31 0 
30 39 80 0 
30 32 50 0 
32 43 34 0 
33 38 34 0 
35 46 59 0 
36 47 73 0 
36 41 73 0 
37 47 26 0 
37 43 53 0 
37 41 48 0 
39 47 16 0 
39 45 52 0 
40 41 22 0 
41 45 44 0 
43 48 59 0 
44 49 16 0 
