#GRAPH (#nodes #edges id uu vv ww xx yy zz):
#50 164 geo(0,{50,100,3,0.067,0.000,0.000}) 100 
#
VERTICES (index name u v w x y z):
0 0 82 91 
1 1 73 78 
2 2 74 49 
3 3 63 19 
4 4 14 72 
5 5 7 25 
6 6 7 30 
7 7 98 78 
8 8 66 59 
9 9 0 92 
10 10 65 28 
11 11 1 51 
12 12 25 84 
13 13 79 21 
14 14 22 71 
15 15 15 5 
16 16 17 1 
17 17 49 73 
18 18 43 23 
19 19 42 61 
20 20 74 25 
21 21 35 69 
22 22 51 32 
23 23 74 24 
24 24 78 68 
25 25 79 28 
26 26 59 94 
27 27 2 24 
28 28 17 3 
29 29 29 57 
30 30 77 91 
31 31 44 36 
32 32 26 65 
33 33 70 75 
34 34 79 12 
35 35 41 90 
36 36 30 44 
37 37 94 5 
38 38 41 6 
39 39 22 70 
40 40 49 17 
41 41 20 72 
42 42 23 26 
43 43 76 19 
44 44 47 42 
45 45 8 23 
46 46 47 2 
47 47 66 58 
48 48 10 69 
49 49 34 44 
#
EDGES (from-node to-node length a b):
0 31 67 0 
1 36 55 0 
1 18 63 0 
2 48 67 0 
2 47 12 0 
2 39 56 0 
2 37 48 0 
2 26 47 0 
2 8 13 0 
3 48 73 0 
3 36 41 0 
3 14 66 0 
3 9 96 0 
3 4 72 0 
4 32 14 0 
4 27 49 0 
4 20 76 0 
4 15 67 0 
5 13 72 0 
6 43 70 0 
6 35 69 0 
6 31 37 0 
6 28 29 0 
7 38 92 0 
9 18 81 0 
10 48 69 0 
10 46 32 0 
10 35 66 0 
11 32 29 0 
11 29 29 0 
11 26 72 0 
11 23 78 0 
12 37 105 0 
12 28 81 0 
12 13 83 0 
13 36 54 0 
13 27 77 0 
13 22 30 0 
13 20 6 0 
14 24 56 0 
14 18 52 0 
14 15 66 0 
15 39 65 0 
16 39 69 0 
16 26 102 0 
17 36 35 0 
17 19 14 0 
19 44 20 0 
19 38 55 0 
19 34 61 0 
20 48 78 0 
20 30 66 0 
20 22 24 0 
21 33 36 0 
21 30 47 0 
22 47 30 0 
24 44 40 0 
24 37 65 0 
24 33 11 0 
24 30 23 0 
24 28 89 0 
25 48 80 0 
25 47 33 0 
25 39 71 0 
26 41 45 0 
26 37 96 0 
27 49 38 0 
29 44 23 0 
29 32 9 0 
31 49 13 0 
32 49 22 0 
32 43 68 0 
33 46 77 0 
33 45 81 0 
33 43 56 0 
33 34 64 0 
35 46 88 0 
36 40 33 0 
38 41 69 0 
40 45 41 0 
41 45 50 0 
41 42 46 0 
