#GRAPH (#nodes #edges id uu vv ww xx yy zz):
#50 218 geo(0,{50,100,3,0.067,0.000,0.000}) 100 
#
VERTICES (index name u v w x y z):
0 0 30 71 
1 1 92 27 
2 2 57 36 
3 3 79 66 
4 4 23 97 
5 5 45 88 
6 6 92 88 
7 7 55 91 
8 8 34 71 
9 9 6 57 
10 10 97 95 
11 11 57 26 
12 12 39 41 
13 13 39 53 
14 14 93 90 
15 15 92 65 
16 16 86 58 
17 17 69 81 
18 18 29 54 
19 19 68 12 
20 20 35 85 
21 21 25 9 
22 22 61 73 
23 23 92 97 
24 24 60 3 
25 25 2 93 
26 26 40 11 
27 27 44 82 
28 28 50 47 
29 29 86 21 
30 30 20 16 
31 31 79 56 
32 32 79 55 
33 33 64 99 
34 34 13 1 
35 35 2 44 
36 36 31 69 
37 37 40 71 
38 38 17 63 
39 39 33 96 
40 40 69 45 
41 41 89 84 
42 42 64 11 
43 43 35 15 
44 44 66 90 
45 45 24 93 
46 46 75 2 
47 47 89 38 
48 48 88 37 
49 49 65 3 
#
EDGES (from-node to-node length a b):
0 49 76 0 
0 32 52 0 
0 31 51 0 
0 19 70 0 
0 7 32 0 
0 4 27 0 
0 1 76 0 
1 26 54 0 
1 21 69 0 
1 18 69 0 
1 16 32 0 
2 49 34 0 
2 43 30 0 
2 38 48 0 
2 3 37 0 
3 30 77 0 
3 5 40 0 
5 41 44 0 
5 34 93 0 
5 25 43 0 
5 12 47 0 
6 39 60 0 
6 38 79 0 
6 20 57 0 
6 18 72 0 
7 42 81 0 
7 32 43 0 
7 30 83 0 
7 26 81 0 
7 21 87 0 
8 29 72 0 
8 28 29 0 
9 44 68 0 
9 42 74 0 
9 27 45 0 
9 16 80 0 
9 10 99 0 
10 49 97 0 
10 35 108 0 
10 27 55 0 
11 49 24 0 
11 48 33 0 
11 37 48 0 
11 27 57 0 
12 36 29 0 
12 23 77 0 
13 41 59 0 
13 30 42 0 
13 23 69 0 
14 45 69 0 
14 41 7 0 
14 19 82 0 
15 42 61 0 
15 38 75 0 
15 22 32 0 
15 16 9 0 
16 37 48 0 
16 32 8 0 
16 25 91 0 
16 19 49 0 
16 18 57 0 
16 17 29 0 
17 44 9 0 
17 33 19 0 
18 43 39 0 
19 42 4 0 
19 36 68 0 
19 22 61 0 
20 45 14 0 
20 38 28 0 
20 32 53 0 
20 30 71 0 
21 46 50 0 
21 42 39 0 
22 46 72 0 
22 38 45 0 
22 30 70 0 
23 43 100 0 
23 37 58 0 
23 32 44 0 
23 28 65 0 
23 27 50 0 
23 26 100 0 
23 24 99 0 
24 37 71 0 
24 33 96 0 
25 34 93 0 
25 26 90 0 
26 37 60 0 
27 48 63 0 
27 36 18 0 
27 31 44 0 
27 29 74 0 
28 39 52 0 
29 39 92 0 
29 30 66 0 
30 38 47 0 
31 47 21 0 
31 43 60 0 
31 40 15 0 
32 45 67 0 
32 41 31 0 
32 39 62 0 
33 47 66 0 
36 49 74 0 
36 47 66 0 
40 46 43 0 
40 44 45 0 
43 44 81 0 
