#GRAPH (#nodes #edges id uu vv ww xx yy zz):
#50 166 geo(0,{50,100,3,0.067,0.000,0.000}) 100 
#
VERTICES (index name u v w x y z):
0 0 93 68 
1 1 38 95 
2 2 59 42 
3 3 6 84 
4 4 39 17 
5 5 24 67 
6 6 92 33 
7 7 9 41 
8 8 45 28 
9 9 84 42 
10 10 42 13 
11 11 21 54 
12 12 77 3 
13 13 20 18 
14 14 41 24 
15 15 15 3 
16 16 24 77 
17 17 77 39 
18 18 12 16 
19 19 33 65 
20 20 48 17 
21 21 40 78 
22 22 27 86 
23 23 88 74 
24 24 96 54 
25 25 99 74 
26 26 31 75 
27 27 23 45 
28 28 71 92 
29 29 17 84 
30 30 91 68 
31 31 32 92 
32 32 48 78 
33 33 92 37 
34 34 49 92 
35 35 84 97 
36 36 81 0 
37 37 23 14 
38 38 83 97 
39 39 79 96 
40 40 45 94 
41 41 78 75 
42 42 6 97 
43 43 58 44 
44 44 80 12 
45 45 47 97 
46 46 63 56 
47 47 97 77 
48 48 16 87 
49 49 53 94 
#
EDGES (from-node to-node length a b):
0 35 30 0 
0 34 50 0 
0 17 33 0 
0 2 43 0 
0 1 61 0 
1 19 30 0 
1 16 23 0 
1 6 82 0 
2 3 68 0 
3 45 43 0 
3 16 19 0 
3 4 75 0 
4 47 83 0 
4 20 9 0 
4 5 52 0 
5 48 22 0 
5 34 35 0 
5 28 53 0 
5 21 19 0 
5 17 60 0 
6 47 44 0 
7 32 54 0 
7 31 56 0 
8 49 66 0 
8 34 64 0 
8 11 35 0 
9 40 65 0 
9 37 67 0 
10 32 65 0 
10 29 75 0 
10 12 36 0 
11 49 51 0 
11 37 40 0 
12 43 45 0 
12 33 37 0 
13 38 101 0 
13 27 27 0 
13 14 22 0 
14 40 70 0 
14 34 68 0 
14 32 54 0 
14 29 65 0 
15 35 117 0 
15 24 96 0 
15 16 75 0 
17 33 15 0 
17 24 24 0 
18 23 96 0 
18 19 53 0 
19 38 59 0 
20 45 80 0 
20 41 65 0 
20 29 74 0 
21 46 32 0 
21 45 20 0 
21 23 48 0 
22 31 8 0 
23 41 10 0 
23 39 24 0 
23 38 24 0 
23 36 74 0 
24 36 56 0 
25 44 65 0 
25 39 30 0 
25 31 69 0 
26 41 47 0 
27 48 43 0 
28 45 25 0 
29 48 3 0 
29 45 33 0 
29 31 17 0 
30 34 48 0 
31 42 26 0 
33 37 73 0 
34 49 4 0 
36 47 79 0 
36 44 12 0 
37 46 58 0 
37 44 57 0 
38 43 59 0 
41 42 75 0 
44 47 67 0 
48 49 38 0 
