#GRAPH (#nodes #edges id uu vv ww xx yy zz):
#50 178 geo(0,{50,100,3,0.067,0.000,0.000}) 100 
#
VERTICES (index name u v w x y z):
0 0 44 55 
1 1 68 69 
2 2 66 82 
3 3 72 69 
4 4 61 88 
5 5 38 51 
6 6 76 79 
7 7 84 70 
8 8 67 27 
9 9 46 79 
10 10 12 19 
11 11 53 97 
12 12 63 29 
13 13 5 73 
14 14 67 46 
15 15 41 61 
16 16 20 67 
17 17 33 97 
18 18 40 54 
19 19 64 95 
20 20 21 28 
21 21 10 52 
22 22 53 60 
23 23 84 28 
24 24 65 7 
25 25 89 27 
26 26 22 90 
27 27 1 64 
28 28 15 74 
29 29 17 77 
30 30 94 26 
31 31 92 74 
32 32 95 36 
33 33 25 38 
34 34 47 24 
35 35 49 99 
36 36 11 7 
37 37 37 12 
38 38 83 68 
39 39 70 81 
40 40 67 49 
41 41 5 68 
42 42 92 30 
43 43 60 82 
44 44 98 41 
45 45 39 92 
46 46 17 33 
47 47 41 93 
48 48 25 34 
49 49 54 60 
#
EDGES (from-node to-node length a b):
0 36 58 0 
0 24 52 0 
0 20 35 0 
0 18 4 0 
1 35 36 0 
1 33 53 0 
1 7 16 0 
2 34 61 0 
2 22 26 0 
2 11 20 0 
3 47 39 0 
3 41 67 0 
3 39 12 0 
3 21 64 0 
4 42 66 0 
4 26 39 0 
5 24 52 0 
5 20 29 0 
6 42 52 0 
6 10 88 0 
7 47 49 0 
7 39 18 0 
7 11 41 0 
7 8 46 0 
8 42 25 0 
8 32 29 0 
9 48 50 0 
9 45 15 0 
9 29 29 0 
9 13 41 0 
10 40 63 0 
10 37 26 0 
10 32 85 0 
10 20 13 0 
10 16 49 0 
11 48 69 0 
12 43 53 0 
13 23 91 0 
14 49 19 0 
14 37 45 0 
14 17 61 0 
15 24 59 0 
15 20 39 0 
15 19 41 0 
16 29 10 0 
17 44 86 0 
17 27 46 0 
18 48 25 0 
18 32 58 0 
18 31 56 0 
18 27 40 0 
18 22 14 0 
18 19 48 0 
19 45 25 0 
19 34 73 0 
19 33 69 0 
19 25 72 0 
19 21 69 0 
20 32 74 0 
21 44 89 0 
21 22 44 0 
22 42 49 0 
23 46 67 0 
23 33 60 0 
23 27 90 0 
24 30 35 0 
25 45 82 0 
25 28 88 0 
27 48 38 0 
28 44 89 0 
29 43 43 0 
30 49 52 0 
31 46 85 0 
31 41 87 0 
31 37 83 0 
31 33 76 0 
32 38 34 0 
33 47 57 0 
33 41 36 0 
34 44 54 0 
34 41 61 0 
36 39 95 0 
37 40 48 0 
39 49 26 0 
39 40 32 0 
40 47 51 0 
42 43 61 0 
43 48 59 0 
43 45 23 0 
