#GRAPH (#nodes #edges id uu vv ww xx yy zz):
#50 168 geo(0,{50,100,3,0.067,0.000,0.000}) 100 
#
VERTICES (index name u v w x y z):
0 0 24 8 
1 1 12 72 
2 2 18 69 
3 3 25 84 
4 4 49 65 
5 5 30 75 
6 6 46 63 
7 7 83 86 
8 8 42 51 
9 9 87 96 
10 10 50 28 
11 11 34 46 
12 12 63 90 
13 13 65 71 
14 14 84 1 
15 15 44 15 
16 16 8 96 
17 17 18 40 
18 18 31 22 
19 19 9 8 
20 20 2 22 
21 21 0 70 
22 22 98 55 
23 23 95 55 
24 24 41 48 
25 25 18 29 
26 26 90 25 
27 27 21 13 
28 28 52 7 
29 29 12 39 
30 30 57 84 
31 31 93 97 
32 32 33 84 
33 33 53 84 
34 34 18 6 
35 35 75 5 
36 36 59 34 
37 37 90 82 
38 38 15 12 
39 39 82 11 
40 40 4 5 
41 41 8 27 
42 42 12 89 
43 43 39 0 
44 44 32 46 
45 45 22 62 
46 46 45 25 
47 47 59 37 
48 48 92 78 
49 49 39 41 
#
EDGES (from-node to-node length a b):
0 30 83 0 
0 24 43 0 
0 23 85 0 
1 41 45 0 
1 39 93 0 
1 32 24 0 
1 28 76 0 
1 26 91 0 
1 16 24 0 
1 14 101 0 
1 13 53 0 
1 7 72 0 
2 43 72 0 
2 41 43 0 
3 23 76 0 
3 11 39 0 
3 5 10 0 
4 29 45 0 
5 24 29 0 
5 17 37 0 
5 15 62 0 
6 45 24 0 
6 43 63 0 
6 29 42 0 
7 29 85 0 
7 24 57 0 
7 18 82 0 
8 36 24 0 
9 48 19 0 
10 28 21 0 
10 14 43 0 
11 35 58 0 
12 41 84 0 
12 40 103 0 
12 26 70 0 
12 14 91 0 
13 39 62 0 
13 36 37 0 
13 25 63 0 
14 43 45 0 
14 33 89 0 
14 17 77 0 
15 42 81 0 
15 40 41 0 
16 41 69 0 
16 31 85 0 
16 28 99 0 
16 19 88 0 
17 43 45 0 
17 30 59 0 
17 23 78 0 
18 47 32 0 
19 27 13 0 
19 26 83 0 
20 38 16 0 
20 36 58 0 
21 45 23 0 
21 29 33 0 
22 38 93 0 
22 30 50 0 
22 24 57 0 
23 44 64 0 
23 40 104 0 
23 32 68 0 
25 40 28 0 
26 30 68 0 
26 27 70 0 
27 41 19 0 
27 37 98 0 
27 30 80 0 
29 41 13 0 
30 35 81 0 
32 47 54 0 
32 33 20 0 
33 38 81 0 
34 36 50 0 
35 47 36 0 
36 45 46 0 
36 41 51 0 
36 39 33 0 
41 43 41 0 
43 49 41 0 
43 46 26 0 
48 49 65 0 
