#GRAPH (#nodes #edges id uu vv ww xx yy zz):
#500 2226 geo(0,{500,50,3,0.008,0.000,0.000}) 50 
#
VERTICES (index name u v w x y z):
0 0 42 29 
1 1 32 26 
2 2 27 6 
3 3 7 15 
4 4 15 47 
5 5 21 16 
6 6 38 35 
7 7 48 39 
8 8 0 41 
9 9 11 40 
10 10 22 41 
11 11 7 34 
12 12 14 44 
13 13 30 30 
14 14 45 42 
15 15 40 0 
16 16 7 30 
17 17 18 42 
18 18 10 42 
19 19 24 16 
20 20 27 21 
21 21 9 26 
22 22 26 23 
23 23 31 30 
24 24 11 21 
25 25 10 39 
26 26 47 30 
27 27 5 40 
28 28 40 34 
29 29 36 0 
30 30 9 37 
31 31 47 29 
32 32 1 34 
33 33 41 11 
34 34 39 49 
35 35 28 5 
36 36 3 40 
37 37 26 12 
38 38 24 40 
39 39 34 43 
40 40 18 5 
41 41 6 28 
42 42 48 42 
43 43 13 2 
44 44 40 39 
45 45 0 36 
46 46 44 35 
47 47 6 29 
48 48 36 15 
49 49 33 43 
50 50 31 8 
51 51 10 17 
52 52 21 13 
53 53 27 4 
54 54 12 45 
55 55 38 46 
56 56 2 33 
57 57 16 39 
58 58 27 22 
59 59 18 47 
60 60 37 16 
61 61 47 18 
62 62 40 2 
63 63 27 28 
64 64 9 44 
65 65 1 1 
66 66 28 45 
67 67 44 38 
68 68 48 26 
69 69 21 6 
70 70 0 29 
71 71 16 25 
72 72 3 49 
73 73 41 20 
74 74 2 8 
75 75 24 38 
76 76 47 20 
77 77 17 26 
78 78 12 10 
79 79 25 25 
80 80 2 19 
81 81 32 40 
82 82 10 11 
83 83 29 15 
84 84 36 49 
85 85 45 22 
86 86 33 48 
87 87 5 46 
88 88 16 11 
89 89 24 3 
90 90 44 48 
91 91 42 44 
92 92 9 8 
93 93 20 20 
94 94 33 27 
95 95 17 35 
96 96 47 17 
97 97 44 5 
98 98 39 18 
99 99 43 43 
100 100 41 47 
101 101 47 44 
102 102 45 32 
103 103 0 15 
104 104 23 26 
105 105 36 21 
106 106 30 11 
107 107 28 38 
108 108 32 37 
109 109 32 8 
110 110 16 41 
111 111 29 3 
112 112 9 28 
113 113 43 15 
114 114 20 2 
115 115 1 36 
116 116 24 2 
117 117 45 39 
118 118 39 42 
119 119 6 21 
120 120 0 40 
121 121 33 26 
122 122 33 4 
123 123 43 28 
124 124 39 31 
125 125 27 16 
126 126 7 45 
127 127 48 30 
128 128 37 6 
129 129 14 17 
130 130 24 4 
131 131 19 2 
132 132 2 32 
133 133 27 10 
134 134 10 23 
135 135 21 23 
136 136 36 7 
137 137 35 48 
138 138 32 20 
139 139 11 4 
140 140 37 30 
141 141 7 11 
142 142 37 24 
143 143 19 30 
144 144 35 27 
145 145 8 20 
146 146 46 43 
147 147 20 4 
148 148 17 2 
149 149 17 13 
150 150 9 24 
151 151 43 10 
152 152 8 5 
153 153 28 24 
154 154 37 7 
155 155 26 40 
156 156 33 2 
157 157 4 15 
158 158 34 21 
159 159 9 21 
160 160 17 36 
161 161 14 18 
162 162 49 3 
163 163 21 49 
164 164 32 2 
165 165 15 22 
166 166 41 45 
167 167 21 12 
168 168 13 7 
169 169 20 48 
170 170 41 29 
171 171 13 39 
172 172 46 42 
173 173 22 16 
174 174 2 35 
175 175 23 34 
176 176 3 9 
177 177 30 1 
178 178 27 11 
179 179 18 26 
180 180 9 20 
181 181 1 17 
182 182 18 15 
183 183 43 21 
184 184 49 8 
185 185 25 6 
186 186 1 31 
187 187 10 48 
188 188 44 42 
189 189 33 45 
190 190 35 2 
191 191 13 15 
192 192 0 31 
193 193 39 16 
194 194 20 11 
195 195 20 1 
196 196 44 11 
197 197 35 31 
198 198 8 1 
199 199 7 29 
200 200 16 37 
201 201 39 30 
202 202 9 35 
203 203 0 19 
204 204 27 5 
205 205 35 8 
206 206 41 23 
207 207 19 12 
208 208 39 45 
209 209 8 48 
210 210 13 31 
211 211 45 23 
212 212 48 43 
213 213 38 21 
214 214 9 49 
215 215 49 4 
216 216 35 49 
217 217 4 26 
218 218 46 6 
219 219 26 48 
220 220 4 23 
221 221 48 27 
222 222 41 18 
223 223 36 35 
224 224 0 49 
225 225 2 10 
226 226 34 35 
227 227 27 33 
228 228 31 29 
229 229 30 44 
230 230 10 35 
231 231 49 42 
232 232 31 16 
233 233 32 21 
234 234 42 33 
235 235 40 32 
236 236 2 4 
237 237 3 24 
238 238 22 6 
239 239 43 48 
240 240 36 48 
241 241 24 27 
242 242 29 21 
243 243 11 44 
244 244 32 23 
245 245 29 41 
246 246 18 22 
247 247 41 4 
248 248 47 3 
249 249 37 37 
250 250 7 21 
251 251 39 34 
252 252 18 0 
253 253 23 17 
254 254 22 12 
255 255 5 6 
256 256 7 26 
257 257 34 39 
258 258 45 4 
259 259 44 44 
260 260 20 7 
261 261 5 23 
262 262 40 10 
263 263 17 7 
264 264 16 30 
265 265 18 19 
266 266 22 39 
267 267 24 14 
268 268 46 11 
269 269 7 47 
270 270 30 8 
271 271 12 15 
272 272 1 42 
273 273 17 18 
274 274 42 23 
275 275 45 46 
276 276 49 49 
277 277 29 38 
278 278 15 28 
279 279 26 38 
280 280 9 46 
281 281 0 38 
282 282 37 0 
283 283 33 44 
284 284 4 19 
285 285 43 32 
286 286 26 41 
287 287 35 17 
288 288 21 28 
289 289 48 45 
290 290 41 34 
291 291 1 9 
292 292 6 7 
293 293 14 7 
294 294 4 49 
295 295 0 25 
296 296 49 36 
297 297 31 12 
298 298 37 48 
299 299 41 0 
300 300 32 6 
301 301 49 26 
302 302 2 42 
303 303 30 29 
304 304 5 7 
305 305 16 34 
306 306 46 1 
307 307 17 34 
308 308 31 44 
309 309 32 43 
310 310 14 41 
311 311 0 1 
312 312 36 23 
313 313 30 16 
314 314 31 0 
315 315 25 8 
316 316 49 10 
317 317 27 13 
318 318 45 41 
319 319 12 24 
320 320 12 14 
321 321 10 30 
322 322 16 28 
323 323 4 12 
324 324 39 3 
325 325 33 32 
326 326 28 46 
327 327 12 18 
328 328 33 10 
329 329 44 25 
330 330 14 38 
331 331 32 48 
332 332 13 25 
333 333 1 2 
334 334 12 48 
335 335 4 0 
336 336 45 18 
337 337 40 13 
338 338 12 33 
339 339 30 14 
340 340 8 2 
341 341 24 29 
342 342 31 35 
343 343 28 35 
344 344 31 31 
345 345 44 39 
346 346 10 49 
347 347 49 25 
348 348 15 27 
349 349 22 22 
350 350 8 23 
351 351 33 22 
352 352 41 5 
353 353 39 14 
354 354 8 49 
355 355 39 29 
356 356 30 23 
357 357 2 9 
358 358 31 41 
359 359 13 27 
360 360 40 46 
361 361 38 22 
362 362 32 17 
363 363 12 28 
364 364 41 14 
365 365 36 13 
366 366 25 5 
367 367 19 4 
368 368 23 36 
369 369 21 8 
370 370 26 45 
371 371 47 43 
372 372 18 3 
373 373 17 33 
374 374 46 21 
375 375 36 19 
376 376 20 6 
377 377 49 20 
378 378 6 45 
379 379 19 40 
380 380 14 23 
381 381 40 17 
382 382 29 44 
383 383 8 30 
384 384 31 1 
385 385 36 39 
386 386 23 7 
387 387 0 33 
388 388 6 13 
389 389 28 3 
390 390 14 14 
391 391 15 0 
392 392 4 45 
393 393 31 13 
394 394 0 27 
395 395 19 41 
396 396 38 27 
397 397 28 17 
398 398 17 45 
399 399 36 3 
400 400 17 16 
401 401 37 21 
402 402 30 17 
403 403 7 6 
404 404 6 49 
405 405 26 4 
406 406 3 41 
407 407 23 48 
408 408 2 36 
409 409 2 41 
410 410 19 20 
411 411 38 17 
412 412 37 33 
413 413 31 6 
414 414 15 12 
415 415 42 2 
416 416 44 41 
417 417 45 45 
418 418 41 30 
419 419 15 20 
420 420 19 6 
421 421 41 6 
422 422 42 6 
423 423 34 15 
424 424 17 38 
425 425 0 3 
426 426 34 41 
427 427 3 27 
428 428 32 24 
429 429 0 6 
430 430 10 8 
431 431 48 23 
432 432 17 11 
433 433 42 21 
434 434 34 29 
435 435 14 34 
436 436 14 28 
437 437 37 49 
438 438 3 13 
439 439 21 38 
440 440 36 24 
441 441 31 25 
442 442 37 2 
443 443 16 9 
444 444 6 12 
445 445 29 12 
446 446 9 3 
447 447 16 18 
448 448 10 18 
449 449 6 37 
450 450 14 6 
451 451 12 5 
452 452 28 22 
453 453 20 19 
454 454 25 20 
455 455 2 26 
456 456 36 8 
457 457 1 49 
458 458 11 49 
459 459 47 15 
460 460 10 20 
461 461 22 42 
462 462 3 28 
463 463 10 46 
464 464 38 42 
465 465 34 20 
466 466 18 13 
467 467 41 33 
468 468 18 36 
469 469 3 1 
470 470 16 44 
471 471 21 1 
472 472 15 41 
473 473 14 24 
474 474 24 1 
475 475 33 16 
476 476 3 16 
477 477 48 17 
478 478 22 21 
479 479 0 37 
480 480 36 22 
481 481 47 7 
482 482 32 44 
483 483 8 19 
484 484 14 10 
485 485 15 42 
486 486 40 15 
487 487 36 47 
488 488 40 7 
489 489 38 2 
490 490 23 20 
491 491 48 14 
492 492 10 3 
493 493 0 24 
494 494 41 37 
495 495 28 11 
496 496 25 44 
497 497 3 35 
498 498 39 11 
499 499 23 33 
#
EDGES (from-node to-node length a b):
0 290 5 0 
0 235 4 0 
0 222 11 0 
1 283 18 0 
1 260 22 0 
1 39 17 0 
2 407 42 0 
2 152 19 0 
3 190 31 0 
3 156 29 0 
4 279 14 0 
4 230 13 0 
4 45 19 0 
5 306 29 0 
5 282 23 0 
5 227 18 0 
5 66 30 0 
6 345 7 0 
6 49 9 0 
7 460 42 0 
7 308 18 0 
7 241 27 0 
7 120 48 0 
8 395 19 0 
8 338 14 0 
8 263 38 0 
8 189 33 0 
8 155 26 0 
9 344 22 0 
9 327 22 0 
9 320 26 0 
9 262 42 0 
9 204 38 0 
9 108 21 0 
9 50 38 0 
9 17 7 0 
10 158 23 0 
10 117 23 0 
10 82 32 0 
11 488 43 0 
11 196 44 0 
11 146 40 0 
12 477 43 0 
12 374 39 0 
12 312 30 0 
12 290 29 0 
12 161 26 0 
12 53 42 0 
13 458 27 0 
13 444 30 0 
13 362 13 0 
13 290 12 0 
13 243 24 0 
13 222 16 0 
13 157 30 0 
13 118 15 0 
14 436 34 0 
14 281 45 0 
14 50 37 0 
15 248 8 0 
15 47 45 0 
15 23 31 0 
16 176 21 0 
17 346 11 0 
17 40 37 0 
18 452 27 0 
18 438 30 0 
18 212 38 0 
18 180 22 0 
18 153 25 0 
18 105 33 0 
18 42 38 0 
19 470 29 0 
19 458 35 0 
19 357 23 0 
19 349 6 0 
19 291 24 0 
20 470 25 0 
20 173 7 0 
20 102 21 0 
20 45 31 0 
21 463 20 0 
21 401 28 0 
21 368 17 0 
21 148 25 0 
21 27 15 0 
22 420 18 0 
22 318 26 0 
23 373 14 0 
23 295 31 0 
23 169 21 0 
23 106 19 0 
23 36 30 0 
23 28 10 0 
24 474 24 0 
24 363 7 0 
24 276 47 0 
24 215 42 0 
24 173 12 0 
24 111 25 0 
24 99 39 0 
24 81 28 0 
24 25 18 0 
25 496 16 0 
25 431 41 0 
25 367 36 0 
25 362 31 0 
25 41 12 0 
25 40 35 0 
26 460 38 0 
26 366 33 0 
26 327 37 0 
26 161 35 0 
27 494 36 0 
27 196 49 0 
27 153 28 0 
28 403 43 0 
28 340 45 0 
28 203 43 0 
29 428 24 0 
29 312 23 0 
29 227 34 0 
29 196 14 0 
29 143 34 0 
29 43 23 0 
30 239 36 0 
30 81 23 0 
30 55 30 0 
31 282 31 0 
31 151 19 0 
31 145 40 0 
31 123 4 0 
32 357 25 0 
32 291 25 0 
32 240 38 0 
33 329 14 0 
33 304 36 0 
34 432 44 0 
34 425 60 0 
34 393 37 0 
34 204 46 0 
34 73 29 0 
34 62 47 0 
35 176 25 0 
35 86 43 0 
36 447 26 0 
36 371 44 0 
36 364 46 0 
36 274 43 0 
36 234 40 0 
36 198 39 0 
36 171 10 0 
37 421 16 0 
37 393 5 0 
37 316 23 0 
37 46 29 0 
38 451 37 0 
38 440 20 0 
38 303 13 0 
38 210 14 0 
38 165 20 0 
38 76 30 0 
39 483 35 0 
39 426 2 0 
39 233 22 0 
39 161 32 0 
40 496 40 0 
40 343 32 0 
40 276 54 0 
40 181 21 0 
40 156 15 0 
40 68 37 0 
41 343 23 0 
41 272 15 0 
42 417 4 0 
42 219 23 0 
42 150 43 0 
42 86 16 0 
43 495 17 0 
43 490 21 0 
43 386 11 0 
43 315 13 0 
43 269 45 0 
43 203 21 0 
43 173 17 0 
43 153 27 0 
43 98 31 0 
43 67 48 0 
44 311 55 0 
44 255 48 0 
44 196 28 0 
44 94 14 0 
45 394 9 0 
45 392 10 0 
45 321 12 0 
45 301 50 0 
45 84 38 0 
46 260 37 0 
46 165 32 0 
47 474 33 0 
47 443 22 0 
47 321 4 0 
47 144 29 0 
48 474 18 0 
48 381 4 0 
48 225 34 0 
48 211 12 0 
48 175 23 0 
48 171 33 0 
49 435 21 0 
49 427 34 0 
49 375 24 0 
49 216 6 0 
49 209 25 0 
49 56 33 0 
50 479 42 0 
50 332 25 0 
50 200 33 0 
50 192 39 0 
50 53 6 0 
51 436 12 0 
51 414 7 0 
51 328 24 0 
51 214 32 0 
52 474 12 0 
52 386 6 0 
52 207 2 0 
53 376 7 0 
53 361 21 0 
53 341 25 0 
54 486 41 0 
54 369 38 0 
54 214 5 0 
54 167 34 0 
55 344 17 0 
55 80 45 0 
55 65 58 0 
56 424 16 0 
56 287 37 0 
56 114 36 0 
56 64 13 0 
57 409 14 0 
58 498 16 0 
58 351 6 0 
58 269 32 0 
58 71 11 0 
59 462 24 0 
59 450 41 0 
59 426 17 0 
59 344 21 0 
59 334 6 0 
59 245 13 0 
59 237 27 0 
59 142 30 0 
60 364 4 0 
60 282 16 0 
61 471 31 0 
61 436 34 0 
61 417 27 0 
61 289 27 0 
61 225 46 0 
61 149 30 0 
63 422 27 0 
63 390 19 0 
63 324 28 0 
64 211 42 0 
64 186 15 0 
64 98 40 0 
65 332 27 0 
65 296 59 0 
65 244 38 0 
65 184 49 0 
66 464 10 0 
66 437 10 0 
66 369 38 0 
66 316 41 0 
66 295 34 0 
66 284 35 0 
66 274 26 0 
66 81 6 0 
67 488 31 0 
67 207 36 0 
67 150 38 0 
67 146 5 0 
67 78 43 0 
68 365 18 0 
68 364 14 0 
68 300 26 0 
68 272 50 0 
68 87 47 0 
69 350 21 0 
69 302 41 0 
70 311 28 0 
70 275 48 0 
70 72 20 0 
71 418 25 0 
71 317 16 0 
71 269 24 0 
72 471 51 0 
72 371 44 0 
72 309 30 0 
72 297 46 0 
72 268 57 0 
72 242 38 0 
72 217 23 0 
72 216 32 0 
72 211 49 0 
73 410 22 0 
73 357 41 0 
73 342 18 0 
73 341 19 0 
73 224 50 0 
74 418 45 0 
74 325 39 0 
74 197 40 0 
74 196 42 0 
74 192 23 0 
75 412 14 0 
75 315 30 0 
75 255 37 0 
76 90 28 0 
77 425 29 0 
78 405 15 0 
78 312 27 0 
78 264 20 0 
78 230 25 0 
79 451 24 0 
79 167 14 0 
80 422 42 0 
80 298 45 0 
80 262 39 0 
80 139 17 0 
81 457 32 0 
81 325 8 0 
81 168 38 0 
81 146 14 0 
82 462 18 0 
82 326 39 0 
82 217 16 0 
82 104 20 0 
82 86 44 0 
83 353 10 0 
83 312 11 0 
83 110 29 0 
84 429 56 0 
84 323 49 0 
84 254 40 0 
84 227 18 0 
85 497 44 0 
85 325 16 0 
85 92 39 0 
86 368 16 0 
86 271 39 0 
86 245 8 0 
86 233 27 0 
87 466 35 0 
87 331 27 0 
87 232 40 0 
87 231 44 0 
87 188 39 0 
87 113 49 0 
87 94 34 0 
88 381 25 0 
88 252 11 0 
89 438 23 0 
89 300 9 0 
89 228 27 0 
89 202 35 0 
90 256 43 0 
90 129 43 0 
90 120 45 0 
91 481 37 0 
91 196 33 0 
91 115 42 0 
92 396 35 0 
93 433 22 0 
93 430 16 0 
93 418 23 0 
93 408 24 0 
93 364 22 0 
93 314 23 0 
93 280 28 0 
93 251 24 0 
93 194 9 0 
94 458 31 0 
94 350 25 0 
94 339 13 0 
94 169 25 0 
94 163 25 0 
95 451 30 0 
95 383 10 0 
95 173 20 0 
95 171 6 0 
96 453 27 0 
96 434 18 0 
96 405 25 0 
96 386 26 0 
96 337 8 0 
96 302 51 0 
96 294 54 0 
97 494 32 0 
97 443 28 0 
97 295 48 0 
97 292 38 0 
97 284 42 0 
98 492 33 0 
98 480 5 0 
98 357 38 0 
98 234 15 0 
98 137 30 0 
98 110 33 0 
99 401 23 0 
99 214 35 0 
99 147 45 0 
100 144 21 0 
101 435 34 0 
101 192 49 0 
102 433 11 0 
102 390 36 0 
102 263 38 0 
102 212 11 0 
103 398 34 0 
103 349 23 0 
103 312 37 0 
103 288 25 0 
103 233 33 0 
104 383 16 0 
104 357 27 0 
105 196 13 0 
105 176 35 0 
105 120 41 0 
106 315 6 0 
106 271 18 0 
107 441 13 0 
107 373 12 0 
107 187 21 0 
108 263 34 0 
109 450 18 0 
109 413 2 0 
109 389 6 0 
109 334 45 0 
110 343 13 0 
110 161 23 0 
111 448 24 0 
111 443 14 0 
111 334 48 0 
111 220 32 0 
112 456 34 0 
112 453 14 0 
112 431 39 0 
112 411 31 0 
112 326 26 0 
112 309 27 0 
112 163 24 0 
114 415 22 0 
114 407 46 0 
114 370 43 0 
114 224 51 0 
114 175 32 0 
115 485 15 0 
115 390 26 0 
115 298 38 0 
115 141 26 0 
116 455 33 0 
116 451 12 0 
116 156 9 0 
117 437 13 0 
117 424 28 0 
117 402 27 0 
117 360 9 0 
117 334 34 0 
117 278 32 0 
118 340 51 0 
118 322 27 0 
119 355 34 0 
119 293 16 0 
119 234 38 0 
119 197 31 0 
120 177 49 0 
121 371 22 0 
121 356 4 0 
121 219 23 0 
121 183 11 0 
122 424 38 0 
122 383 36 0 
122 356 19 0 
122 320 23 0 
122 191 23 0 
122 187 50 0 
123 442 27 0 
123 386 29 0 
123 328 21 0 
123 248 25 0 
124 455 37 0 
124 390 30 0 
124 204 29 0 
125 440 12 0 
125 345 29 0 
125 308 28 0 
125 194 9 0 
126 388 32 0 
126 358 24 0 
126 347 47 0 
126 233 35 0 
126 194 36 0 
127 303 18 0 
128 312 17 0 
128 293 23 0 
128 262 5 0 
128 191 26 0 
129 306 36 0 
129 269 31 0 
130 193 19 0 
130 183 25 0 
130 141 18 0 
131 389 9 0 
131 376 4 0 
131 239 52 0 
131 155 39 0 
132 323 20 0 
132 317 31 0 
132 235 38 0 
133 363 23 0 
134 226 27 0 
135 214 29 0 
136 474 13 0 
136 387 44 0 
136 382 38 0 
137 443 43 0 
137 401 27 0 
137 289 13 0 
137 185 43 0 
138 451 25 0 
138 430 25 0 
138 277 18 0 
138 252 24 0 
139 369 11 0 
139 321 26 0 
140 382 16 0 
140 326 18 0 
141 480 31 0 
141 437 48 0 
141 291 6 0 
141 213 33 0 
142 303 9 0 
142 259 21 0 
143 347 30 0 
143 338 8 0 
143 245 15 0 
143 226 16 0 
143 202 11 0 
144 302 36 0 
144 208 18 0 
145 431 40 0 
145 309 33 0 
146 341 26 0 
146 286 20 0 
146 245 17 0 
146 157 50 0 
146 147 47 0 
147 464 42 0 
147 395 37 0 
147 325 31 0 
147 172 46 0 
148 464 45 0 
148 373 31 0 
148 356 25 0 
148 169 46 0 
150 281 17 0 
150 238 22 0 
150 195 25 0 
151 482 36 0 
151 405 18 0 
151 376 23 0 
151 322 32 0 
151 321 39 0 
151 283 35 0 
151 238 21 0 
151 165 30 0 
151 162 9 0 
151 158 14 0 
152 457 45 0 
152 247 33 0 
153 372 23 0 
153 366 19 0 
153 343 11 0 
153 197 10 0 
153 195 24 0 
154 438 35 0 
154 303 23 0 
155 491 34 0 
155 367 37 0 
155 353 29 0 
155 213 22 0 
156 471 12 0 
156 395 41 0 
156 378 51 0 
157 417 51 0 
157 289 53 0 
157 278 17 0 
158 457 43 0 
158 430 27 0 
158 310 28 0 
159 380 5 0 
159 180 1 0 
159 178 21 0 
159 169 29 0 
160 406 15 0 
160 198 36 0 
161 378 28 0 
161 329 31 0 
161 320 4 0 
161 301 36 0 
162 471 28 0 
162 362 22 0 
162 330 49 0 
162 238 27 0 
162 168 36 0 
163 313 34 0 
164 490 20 0 
164 311 32 0 
165 347 34 0 
165 197 22 0 
166 391 52 0 
166 213 24 0 
166 185 42 0 
167 437 40 0 
167 361 20 0 
167 203 22 0 
168 491 36 0 
168 291 12 0 
169 393 37 0 
169 362 33 0 
169 357 43 0 
169 197 23 0 
170 463 35 0 
170 314 31 0 
170 272 42 0 
171 410 20 0 
171 381 35 0 
171 272 12 0 
171 262 40 0 
171 245 16 0 
172 491 28 0 
172 365 31 0 
172 206 20 0 
172 191 43 0 
172 186 46 0 
174 444 23 0 
174 359 14 0 
174 312 36 0 
175 352 34 0 
175 215 40 0 
176 442 35 0 
176 441 32 0 
177 389 3 0 
177 336 23 0 
177 322 30 0 
177 321 35 0 
177 273 21 0 
178 465 11 0 
178 424 29 0 
178 390 13 0 
178 254 5 0 
179 226 18 0 
180 424 20 0 
181 322 19 0 
181 279 33 0 
182 385 30 0 
182 269 34 0 
183 363 32 0 
183 227 20 0 
183 224 51 0 
183 220 39 0 
183 218 15 0 
184 417 37 0 
185 461 36 0 
185 448 19 0 
185 406 41 0 
185 332 22 0 
185 304 20 0 
185 263 8 0 
185 254 7 0 
186 456 42 0 
186 390 21 0 
186 352 48 0 
186 286 27 0 
186 270 37 0 
186 253 26 0 
186 249 36 0 
187 491 51 0 
187 480 37 0 
187 419 28 0 
187 377 48 0 
187 268 52 0 
187 192 20 0 
188 212 4 0 
189 401 24 0 
189 228 16 0 
189 209 25 0 
190 390 24 0 
191 472 26 0 
191 421 29 0 
191 304 11 0 
192 450 29 0 
192 446 29 0 
192 440 37 0 
192 426 35 0 
192 409 10 0 
192 320 21 0 
192 257 35 0 
192 205 42 0 
193 442 14 0 
193 382 30 0 
193 338 32 0 
193 234 17 0 
195 477 32 0 
195 322 27 0 
196 354 52 0 
197 405 28 0 
197 335 44 0 
197 204 27 0 
198 316 42 0 
199 226 28 0 
200 452 19 0 
200 371 32 0 
200 361 27 0 
200 289 33 0 
200 219 15 0 
201 322 23 0 
202 289 40 0 
203 491 48 0 
205 339 8 0 
205 317 9 0 
205 238 13 0 
206 349 19 0 
206 281 44 0 
206 256 34 0 
207 423 15 0 
207 336 27 0 
208 349 29 0 
208 288 25 0 
208 278 29 0 
209 470 9 0 
211 480 9 0 
211 413 22 0 
211 308 25 0 
211 276 26 0 
212 405 45 0 
212 395 29 0 
212 369 44 0 
212 275 4 0 
212 260 46 0 
213 482 24 0 
213 461 26 0 
213 222 4 0 
214 466 37 0 
214 268 53 0 
214 254 39 0 
215 451 37 0 
216 434 20 0 
217 479 12 0 
217 424 18 0 
218 222 13 0 
220 499 21 0 
220 344 28 0 
220 311 22 0 
220 301 45 0 
220 290 39 0 
220 246 14 0 
221 487 23 0 
221 484 38 0 
221 461 30 0 
221 452 21 0 
221 335 52 0 
221 319 36 0 
222 370 31 0 
222 272 47 0 
222 255 38 0 
223 495 25 0 
223 425 48 0 
223 268 26 0 
226 322 19 0 
226 316 29 0 
227 450 30 0 
227 426 11 0 
227 375 17 0 
228 395 17 0 
228 375 11 0 
229 451 43 0 
229 388 39 0 
229 375 26 0 
229 338 21 0 
230 322 9 0 
230 256 9 0 
231 451 52 0 
231 372 50 0 
231 367 48 0 
231 295 52 0 
231 269 42 0 
232 416 28 0 
232 333 33 0 
233 439 20 0 
233 318 24 0 
235 459 18 0 
235 325 7 0 
235 295 41 0 
235 293 36 0 
236 476 12 0 
236 350 20 0 
238 377 30 0 
238 361 23 0 
238 242 17 0 
239 364 34 0 
239 298 6 0 
240 489 46 0 
240 387 39 0 
240 364 34 0 
240 353 34 0 
240 338 28 0 
240 337 35 0 
240 242 28 0 
241 298 25 0 
242 493 29 0 
242 491 20 0 
243 448 26 0 
243 264 15 0 
244 283 21 0 
245 476 36 0 
245 375 23 0 
247 359 36 0 
247 319 35 0 
247 251 30 0 
248 323 44 0 
249 425 50 0 
249 376 35 0 
250 495 23 0 
250 381 33 0 
251 356 14 0 
251 340 45 0 
251 307 22 0 
252 426 44 0 
252 415 24 0 
252 281 42 0 
253 486 17 0 
253 276 41 0 
254 356 14 0 
255 473 20 0 
256 464 35 0 
256 458 23 0 
256 308 30 0 
256 303 23 0 
257 416 10 0 
257 345 10 0 
257 322 21 0 
257 321 26 0 
258 421 4 0 
259 324 41 0 
260 338 27 0 
260 329 30 0 
260 271 11 0 
261 482 34 0 
261 434 30 0 
261 403 17 0 
261 332 8 0 
261 318 44 0 
261 268 43 0 
262 474 18 0 
262 374 13 0 
262 335 37 0 
262 326 38 0 
263 488 23 0 
263 405 9 0 
264 468 6 0 
265 405 17 0 
266 474 38 0 
266 374 30 0 
266 368 3 0 
267 499 19 0 
267 487 35 0 
267 481 24 0 
267 412 23 0 
267 395 27 0 
267 301 28 0 
270 379 34 0 
271 315 15 0 
272 317 39 0 
274 355 7 0 
275 438 53 0 
277 459 29 0 
277 437 14 0 
277 388 34 0 
277 280 22 0 
278 379 13 0 
279 389 35 0 
279 336 28 0 
280 347 45 0 
281 482 33 0 
281 461 22 0 
282 466 23 0 
283 437 6 0 
283 339 30 0 
283 333 53 0 
283 326 5 0 
284 472 25 0 
285 482 16 0 
285 362 19 0 
286 429 44 0 
286 424 9 0 
286 413 35 0 
286 352 39 0 
289 488 39 0 
289 422 39 0 
289 357 58 0 
289 310 34 0 
290 436 28 0 
290 354 36 0 
290 333 51 0 
291 406 32 0 
291 387 24 0 
291 379 36 0 
291 312 38 0 
292 472 35 0 
294 482 28 0 
294 372 48 0 
294 366 49 0 
294 315 46 0 
294 307 20 0 
294 298 33 0 
295 497 10 0 
295 409 16 0 
295 392 20 0 
295 341 24 0 
296 432 41 0 
296 359 37 0 
296 322 34 0 
297 385 27 0 
297 301 23 0 
298 475 32 0 
298 459 34 0 
298 410 33 0 
299 449 51 0 
300 471 12 0 
300 365 8 0 
301 466 34 0 
302 457 7 0 
302 385 34 0 
302 357 33 0 
302 340 40 0 
303 317 16 0 
304 456 31 0 
305 348 7 0 
307 436 7 0 
307 371 31 0 
308 490 25 0 
309 424 16 0 
309 407 10 0 
309 371 15 0 
310 338 8 0 
310 316 47 0 
311 389 28 0 
312 436 23 0 
313 453 10 0 
313 376 14 0 
314 439 39 0 
315 367 7 0 
315 359 22 0 
316 373 39 0 
316 357 47 0 
317 460 18 0 
317 433 17 0 
317 397 4 0 
318 374 20 0 
319 351 21 0 
320 413 21 0 
321 450 24 0 
321 430 22 0 
321 425 29 0 
321 363 3 0 
322 366 25 0 
323 482 43 0 
323 461 35 0 
323 454 22 0 
323 393 27 0 
323 339 26 0 
324 463 52 0 
324 398 47 0 
325 494 9 0 
326 399 44 0 
326 327 32 0 
327 399 28 0 
328 420 15 0 
329 496 27 0 
329 482 22 0 
332 480 23 0 
332 416 35 0 
332 402 19 0 
333 409 39 0 
334 402 36 0 
334 371 35 0 
334 369 41 0 
335 485 43 0 
335 477 47 0 
335 445 28 0 
336 468 32 0 
336 353 7 0 
337 396 14 0 
337 383 36 0 
340 494 48 0 
341 471 28 0 
341 351 11 0 
342 425 45 0 
343 478 15 0 
343 437 17 0 
345 484 42 0 
345 425 57 0 
348 384 31 0 
348 371 36 0 
350 363 6 0 
351 445 11 0 
351 435 22 0 
351 428 2 0 
352 447 28 0 
352 417 40 0 
352 354 55 0 
353 402 9 0 
353 376 21 0 
356 363 19 0 
357 392 36 0 
357 375 35 0 
361 473 24 0 
361 402 9 0 
361 396 5 0 
364 450 28 0 
364 405 18 0 
366 374 26 0 
367 382 41 0 
370 397 28 0 
371 392 43 0 
373 485 9 0 
373 374 31 0 
374 425 49 0 
375 467 15 0 
375 449 35 0 
375 377 13 0 
376 486 22 0 
377 406 51 0 
379 488 39 0 
379 478 19 0 
380 430 16 0 
380 392 24 0 
381 499 23 0 
382 447 29 0 
382 417 16 0 
382 390 34 0 
383 499 15 0 
383 493 10 0 
383 487 33 0 
383 421 41 0 
384 488 11 0 
384 407 48 0 
386 496 37 0 
388 488 35 0 
388 433 37 0 
389 402 14 0 
390 495 14 0 
391 481 33 0 
392 454 33 0 
399 425 36 0 
399 409 51 0 
400 483 9 0 
400 472 25 0 
403 408 30 0 
404 430 41 0 
405 477 26 0 
406 469 40 0 
406 419 24 0 
407 464 16 0 
409 418 41 0 
411 417 29 0 
412 479 37 0 
413 499 28 0 
413 447 19 0 
413 422 11 0 
418 499 18 0 
418 427 38 0 
419 488 28 0 
420 482 40 0 
420 427 26 0 
421 431 18 0 
421 429 41 0 
425 482 52 0 
425 456 36 0 
427 486 39 0 
432 446 11 0 
434 484 28 0 
435 444 23 0 
438 479 24 0 
438 472 30 0 
439 444 30 0 
443 490 13 0 
445 473 19 0 
451 490 19 0 
452 479 32 0 
455 493 3 0 
456 470 41 0 
458 475 40 0 
459 498 9 0 
463 490 29 0 
471 473 24 0 
480 490 13 0 
480 483 28 0 
484 496 36 0 
