#GRAPH (#nodes #edges id uu vv ww xx yy zz):
#500 2016 geo(0,{500,50,3,0.008,0.000,0.000}) 50 
#
VERTICES (index name u v w x y z):
0 0 28 48 
1 1 49 35 
2 2 47 4 
3 3 24 26 
4 4 16 18 
5 5 9 11 
6 6 27 23 
7 7 26 18 
8 8 23 44 
9 9 46 36 
10 10 26 38 
11 11 8 22 
12 12 43 22 
13 13 14 34 
14 14 18 15 
15 15 44 23 
16 16 20 28 
17 17 20 1 
18 18 3 16 
19 19 14 10 
20 20 21 34 
21 21 9 41 
22 22 21 0 
23 23 2 5 
24 24 2 39 
25 25 14 14 
26 26 37 15 
27 27 21 41 
28 28 19 13 
29 29 39 26 
30 30 46 29 
31 31 31 44 
32 32 39 24 
33 33 5 28 
34 34 31 38 
35 35 24 20 
36 36 21 48 
37 37 22 28 
38 38 14 24 
39 39 40 35 
40 40 29 36 
41 41 44 19 
42 42 8 43 
43 43 45 22 
44 44 27 33 
45 45 4 47 
46 46 42 36 
47 47 42 3 
48 48 23 48 
49 49 14 48 
50 50 24 34 
51 51 30 6 
52 52 41 28 
53 53 38 47 
54 54 5 49 
55 55 43 31 
56 56 33 3 
57 57 40 17 
58 58 43 27 
59 59 41 25 
60 60 30 27 
61 61 25 18 
62 62 31 26 
63 63 8 20 
64 64 5 36 
65 65 11 26 
66 66 14 28 
67 67 48 36 
68 68 30 34 
69 69 36 27 
70 70 36 2 
71 71 3 14 
72 72 44 28 
73 73 1 13 
74 74 5 48 
75 75 12 49 
76 76 41 34 
77 77 15 36 
78 78 8 10 
79 79 35 43 
80 80 6 10 
81 81 33 29 
82 82 7 10 
83 83 31 23 
84 84 16 9 
85 85 3 34 
86 86 18 19 
87 87 44 39 
88 88 39 41 
89 89 48 3 
90 90 17 19 
91 91 3 41 
92 92 27 14 
93 93 23 32 
94 94 26 33 
95 95 48 10 
96 96 37 29 
97 97 12 7 
98 98 7 20 
99 99 29 39 
100 100 38 34 
101 101 20 26 
102 102 7 37 
103 103 17 14 
104 104 7 47 
105 105 3 32 
106 106 2 13 
107 107 36 18 
108 108 47 5 
109 109 15 27 
110 110 37 26 
111 111 4 12 
112 112 12 22 
113 113 30 21 
114 114 30 36 
115 115 16 10 
116 116 10 14 
117 117 45 31 
118 118 26 25 
119 119 16 11 
120 120 13 23 
121 121 17 45 
122 122 21 5 
123 123 17 2 
124 124 47 29 
125 125 37 6 
126 126 23 27 
127 127 29 34 
128 128 8 36 
129 129 43 26 
130 130 25 16 
131 131 49 0 
132 132 13 31 
133 133 10 43 
134 134 41 33 
135 135 32 31 
136 136 1 49 
137 137 48 17 
138 138 28 22 
139 139 5 30 
140 140 9 19 
141 141 34 7 
142 142 43 3 
143 143 10 8 
144 144 23 21 
145 145 15 1 
146 146 18 35 
147 147 40 36 
148 148 26 37 
149 149 32 38 
150 150 17 48 
151 151 10 11 
152 152 2 9 
153 153 15 7 
154 154 4 35 
155 155 6 5 
156 156 8 13 
157 157 4 33 
158 158 3 33 
159 159 27 30 
160 160 18 9 
161 161 12 4 
162 162 31 46 
163 163 25 15 
164 164 44 0 
165 165 8 49 
166 166 26 0 
167 167 1 36 
168 168 0 12 
169 169 33 4 
170 170 5 23 
171 171 26 6 
172 172 18 2 
173 173 12 44 
174 174 47 38 
175 175 34 9 
176 176 11 33 
177 177 29 41 
178 178 0 24 
179 179 26 35 
180 180 19 1 
181 181 18 1 
182 182 23 43 
183 183 7 32 
184 184 18 24 
185 185 23 38 
186 186 39 27 
187 187 14 15 
188 188 35 10 
189 189 23 40 
190 190 20 43 
191 191 19 31 
192 192 34 16 
193 193 6 6 
194 194 11 28 
195 195 4 16 
196 196 22 14 
197 197 11 43 
198 198 9 33 
199 199 28 13 
200 200 30 45 
201 201 16 33 
202 202 28 26 
203 203 25 20 
204 204 48 37 
205 205 11 19 
206 206 32 4 
207 207 41 19 
208 208 33 14 
209 209 49 8 
210 210 18 48 
211 211 32 29 
212 212 9 29 
213 213 28 7 
214 214 13 47 
215 215 9 8 
216 216 11 48 
217 217 0 27 
218 218 27 41 
219 219 31 22 
220 220 37 7 
221 221 49 18 
222 222 47 35 
223 223 26 44 
224 224 31 47 
225 225 40 11 
226 226 28 20 
227 227 5 8 
228 228 4 32 
229 229 1 44 
230 230 32 30 
231 231 29 5 
232 232 6 2 
233 233 17 26 
234 234 15 15 
235 235 0 40 
236 236 34 47 
237 237 8 47 
238 238 13 21 
239 239 23 2 
240 240 14 33 
241 241 11 18 
242 242 16 3 
243 243 10 25 
244 244 1 4 
245 245 2 22 
246 246 43 21 
247 247 14 38 
248 248 4 24 
249 249 43 28 
250 250 36 41 
251 251 15 26 
252 252 30 47 
253 253 35 24 
254 254 3 27 
255 255 25 24 
256 256 43 41 
257 257 28 43 
258 258 41 14 
259 259 42 8 
260 260 2 19 
261 261 22 36 
262 262 47 18 
263 263 13 20 
264 264 40 45 
265 265 20 24 
266 266 32 39 
267 267 20 15 
268 268 41 2 
269 269 3 43 
270 270 3 0 
271 271 45 42 
272 272 3 44 
273 273 20 39 
274 274 1 28 
275 275 31 34 
276 276 41 15 
277 277 33 34 
278 278 13 0 
279 279 17 0 
280 280 18 38 
281 281 38 22 
282 282 39 19 
283 283 21 16 
284 284 22 30 
285 285 8 12 
286 286 15 18 
287 287 16 1 
288 288 33 35 
289 289 23 19 
290 290 7 7 
291 291 5 13 
292 292 16 32 
293 293 13 16 
294 294 22 10 
295 295 27 26 
296 296 34 22 
297 297 11 8 
298 298 21 27 
299 299 2 10 
300 300 37 5 
301 301 22 13 
302 302 31 13 
303 303 19 19 
304 304 2 25 
305 305 28 41 
306 306 16 27 
307 307 16 23 
308 308 29 37 
309 309 14 26 
310 310 1 20 
311 311 40 30 
312 312 13 26 
313 313 36 13 
314 314 21 44 
315 315 12 37 
316 316 25 26 
317 317 19 30 
318 318 48 1 
319 319 24 24 
320 320 15 0 
321 321 12 48 
322 322 45 17 
323 323 28 34 
324 324 38 5 
325 325 47 8 
326 326 46 11 
327 327 45 16 
328 328 36 38 
329 329 36 3 
330 330 11 32 
331 331 13 4 
332 332 49 19 
333 333 33 28 
334 334 27 34 
335 335 11 39 
336 336 45 47 
337 337 35 49 
338 338 22 21 
339 339 25 45 
340 340 34 17 
341 341 24 19 
342 342 44 25 
343 343 48 32 
344 344 37 36 
345 345 31 33 
346 346 37 1 
347 347 33 16 
348 348 39 37 
349 349 39 48 
350 350 19 15 
351 351 3 8 
352 352 0 48 
353 353 10 22 
354 354 15 10 
355 355 30 25 
356 356 44 36 
357 357 17 27 
358 358 13 29 
359 359 12 26 
360 360 39 17 
361 361 34 43 
362 362 10 37 
363 363 23 45 
364 364 30 40 
365 365 15 32 
366 366 24 14 
367 367 33 9 
368 368 8 5 
369 369 37 30 
370 370 20 6 
371 371 21 1 
372 372 24 37 
373 373 47 12 
374 374 13 9 
375 375 7 42 
376 376 6 39 
377 377 27 3 
378 378 40 41 
379 379 9 38 
380 380 36 25 
381 381 7 17 
382 382 29 26 
383 383 26 34 
384 384 11 34 
385 385 28 25 
386 386 43 25 
387 387 24 39 
388 388 46 5 
389 389 28 29 
390 390 39 36 
391 391 20 45 
392 392 11 21 
393 393 36 8 
394 394 17 39 
395 395 42 45 
396 396 3 2 
397 397 35 35 
398 398 13 32 
399 399 49 23 
400 400 12 36 
401 401 41 38 
402 402 35 9 
403 403 31 18 
404 404 0 13 
405 405 3 40 
406 406 14 45 
407 407 4 31 
408 408 4 36 
409 409 6 1 
410 410 1 42 
411 411 24 6 
412 412 18 31 
413 413 10 41 
414 414 36 23 
415 415 22 17 
416 416 3 18 
417 417 20 40 
418 418 32 44 
419 419 28 27 
420 420 24 1 
421 421 1 16 
422 422 21 13 
423 423 45 35 
424 424 41 16 
425 425 14 21 
426 426 31 15 
427 427 11 11 
428 428 30 37 
429 429 10 18 
430 430 33 47 
431 431 49 14 
432 432 48 28 
433 433 27 9 
434 434 43 32 
435 435 3 12 
436 436 26 14 
437 437 5 39 
438 438 31 14 
439 439 30 44 
440 440 37 44 
441 441 46 7 
442 442 35 38 
443 443 11 35 
444 444 21 36 
445 445 47 40 
446 446 5 44 
447 447 40 6 
448 448 36 1 
449 449 26 7 
450 450 5 38 
451 451 29 46 
452 452 34 5 
453 453 49 49 
454 454 45 4 
455 455 26 10 
456 456 38 30 
457 457 33 30 
458 458 48 34 
459 459 35 23 
460 460 11 7 
461 461 11 20 
462 462 31 35 
463 463 25 48 
464 464 27 28 
465 465 14 22 
466 466 37 33 
467 467 42 23 
468 468 27 46 
469 469 2 8 
470 470 1 31 
471 471 22 25 
472 472 38 33 
473 473 4 34 
474 474 33 25 
475 475 37 0 
476 476 27 5 
477 477 21 10 
478 478 0 29 
479 479 2 40 
480 480 11 1 
481 481 29 40 
482 482 37 41 
483 483 7 18 
484 484 22 27 
485 485 34 39 
486 486 47 16 
487 487 2 34 
488 488 20 21 
489 489 2 15 
490 490 43 4 
491 491 23 18 
492 492 5 40 
493 493 9 7 
494 494 9 13 
495 495 36 37 
496 496 8 32 
497 497 4 26 
498 498 0 0 
499 499 31 19 
#
EDGES (from-node to-node length a b):
0 466 17 0 
0 465 30 0 
0 427 41 0 
0 234 35 0 
0 150 11 0 
0 128 23 0 
1 427 45 0 
1 176 38 0 
1 78 48 0 
1 33 45 0 
1 17 45 0 
1 9 3 0 
2 466 31 0 
2 443 48 0 
2 382 28 0 
2 353 41 0 
2 251 39 0 
2 190 47 0 
2 163 25 0 
2 116 38 0 
3 435 25 0 
3 408 22 0 
3 365 11 0 
3 277 12 0 
3 244 32 0 
3 221 26 0 
3 150 23 0 
4 408 22 0 
4 289 7 0 
5 492 29 0 
5 200 40 0 
5 187 6 0 
5 107 28 0 
6 397 14 0 
6 368 26 0 
6 187 15 0 
6 145 25 0 
7 411 12 0 
7 378 27 0 
7 312 15 0 
7 171 12 0 
7 107 10 0 
7 106 25 0 
7 76 22 0 
8 406 9 0 
8 349 16 0 
9 174 2 0 
9 19 41 0 
10 442 9 0 
10 319 14 0 
10 91 23 0 
11 470 11 0 
11 358 9 0 
11 307 8 0 
11 213 25 0 
11 137 40 0 
11 75 27 0 
11 42 21 0 
12 217 43 0 
12 133 39 0 
12 72 6 0 
13 482 24 0 
13 384 3 0 
14 428 25 0 
14 390 30 0 
14 227 15 0 
15 472 12 0 
15 386 2 0 
15 327 7 0 
15 309 30 0 
15 242 34 0 
15 183 38 0 
15 173 38 0 
15 104 44 0 
16 432 28 0 
16 324 29 0 
16 164 37 0 
16 135 12 0 
16 58 23 0 
17 321 48 0 
17 62 27 0 
17 61 18 0 
18 362 22 0 
18 359 13 0 
18 353 9 0 
18 340 31 0 
18 299 6 0 
18 268 40 0 
18 105 16 0 
19 370 7 0 
19 94 26 0 
19 72 35 0 
20 415 17 0 
20 127 8 0 
21 298 18 0 
21 191 14 0 
21 118 23 0 
22 469 21 0 
22 418 45 0 
22 249 36 0 
23 453 64 0 
23 272 39 0 
23 260 14 0 
24 229 5 0 
25 438 17 0 
25 127 25 0 
25 103 3 0 
26 153 23 0 
26 97 26 0 
27 384 12 0 
27 75 12 0 
28 438 12 0 
28 384 22 0 
28 336 43 0 
28 34 28 0 
29 379 32 0 
29 202 11 0 
30 474 14 0 
30 417 28 0 
30 241 37 0 
30 139 41 0 
30 118 20 0 
31 294 35 0 
31 267 31 0 
31 181 45 0 
32 203 15 0 
32 148 18 0 
33 375 14 0 
33 357 12 0 
33 313 34 0 
33 206 36 0 
34 443 20 0 
34 277 4 0 
34 228 28 0 
35 458 28 0 
36 391 3 0 
36 289 29 0 
36 269 19 0 
36 187 34 0 
36 179 14 0 
36 87 25 0 
37 429 16 0 
37 364 14 0 
37 276 23 0 
37 201 8 0 
37 103 15 0 
38 448 32 0 
38 314 21 0 
39 310 42 0 
39 236 13 0 
40 485 6 0 
40 149 4 0 
41 189 30 0 
42 310 24 0 
42 74 6 0 
43 477 27 0 
43 465 31 0 
43 443 36 0 
44 494 27 0 
44 488 14 0 
45 360 46 0 
46 482 7 0 
46 426 24 0 
46 403 21 0 
46 125 30 0 
46 48 22 0 
46 47 33 0 
47 459 21 0 
47 424 13 0 
47 269 56 0 
48 469 45 0 
49 356 32 0 
49 312 22 0 
49 172 46 0 
49 51 45 0 
50 441 35 0 
50 317 6 0 
50 295 9 0 
50 121 13 0 
50 96 14 0 
51 287 15 0 
51 210 44 0 
52 341 19 0 
52 281 7 0 
52 194 30 0 
52 144 19 0 
53 351 52 0 
53 128 32 0 
53 83 25 0 
54 442 32 0 
54 298 27 0 
54 211 34 0 
54 178 25 0 
55 360 15 0 
55 303 27 0 
55 299 46 0 
55 289 23 0 
55 249 3 0 
56 119 19 0 
56 107 15 0 
57 426 9 0 
57 412 26 0 
57 313 6 0 
57 81 14 0 
59 168 43 0 
60 394 18 0 
60 156 26 0 
61 433 9 0 
61 276 16 0 
61 167 30 0 
62 233 14 0 
63 423 40 0 
63 365 14 0 
63 349 42 0 
63 256 41 0 
63 151 9 0 
64 380 33 0 
64 363 20 0 
65 430 30 0 
65 378 33 0 
66 487 13 0 
66 333 19 0 
66 302 23 0 
66 118 12 0 
67 332 17 0 
67 283 34 0 
67 78 48 0 
68 452 29 0 
68 398 17 0 
68 283 20 0 
68 141 27 0 
69 478 36 0 
69 352 42 0 
69 231 23 0 
69 187 25 0 
70 361 41 0 
70 147 34 0 
70 99 38 0 
71 497 12 0 
71 457 34 0 
71 445 51 0 
71 265 20 0 
71 220 35 0 
71 203 23 0 
72 101 24 0 
73 484 25 0 
73 213 28 0 
73 201 25 0 
73 181 21 0 
74 424 48 0 
74 166 52 0 
75 352 12 0 
75 318 60 0 
75 317 20 0 
76 495 6 0 
76 475 34 0 
76 445 8 0 
76 328 6 0 
77 361 20 0 
77 269 14 0 
77 187 21 0 
78 468 41 0 
78 432 44 0 
78 429 8 0 
78 424 34 0 
78 370 13 0 
78 290 3 0 
79 464 17 0 
79 445 12 0 
79 413 25 0 
79 338 26 0 
79 308 8 0 
79 248 36 0 
79 150 19 0 
80 328 41 0 
80 252 44 0 
81 497 29 0 
81 487 31 0 
81 482 13 0 
81 393 21 0 
81 199 17 0 
81 95 24 0 
82 470 22 0 
82 458 48 0 
82 376 29 0 
82 203 21 0 
83 364 17 0 
84 457 27 0 
84 389 23 0 
85 173 13 0 
85 151 24 0 
85 103 24 0 
86 476 17 0 
86 192 16 0 
87 443 33 0 
87 356 3 0 
88 451 11 0 
89 248 49 0 
89 168 49 0 
90 400 18 0 
90 322 28 0 
90 274 18 0 
90 246 26 0 
90 245 15 0 
90 185 20 0 
91 399 49 0 
91 342 44 0 
91 325 55 0 
91 267 31 0 
91 263 23 0 
91 106 28 0 
91 95 55 0 
92 499 6 0 
92 468 32 0 
92 448 16 0 
92 385 11 0 
92 343 28 0 
92 101 14 0 
93 477 22 0 
93 411 26 0 
93 244 36 0 
93 127 6 0 
94 448 34 0 
94 422 21 0 
94 363 12 0 
94 330 15 0 
94 244 38 0 
95 497 47 0 
95 126 30 0 
96 324 24 0 
96 264 16 0 
96 233 20 0 
97 464 26 0 
97 228 26 0 
97 220 25 0 
97 100 37 0 
98 404 10 0 
99 426 24 0 
100 402 25 0 
101 301 13 0 
101 298 1 0 
101 289 8 0 
101 166 27 0 
102 148 19 0 
102 146 11 0 
103 394 25 0 
103 323 23 0 
103 165 36 0 
104 441 56 0 
104 389 28 0 
105 367 38 0 
105 297 25 0 
105 224 32 0 
105 183 4 0 
106 386 43 0 
106 273 32 0 
106 151 8 0 
107 439 27 0 
107 375 38 0 
107 272 42 0 
107 120 24 0 
108 477 26 0 
108 320 32 0 
109 445 35 0 
109 394 12 0 
109 372 13 0 
109 348 26 0 
109 274 14 0 
110 413 31 0 
110 342 7 0 
110 316 12 0 
110 194 26 0 
111 277 36 0 
111 204 51 0 
112 452 28 0 
112 387 21 0 
112 369 26 0 
112 194 6 0 
113 499 2 0 
113 377 18 0 
113 323 13 0 
113 286 15 0 
113 216 33 0 
113 171 16 0 
114 483 29 0 
114 270 45 0 
115 415 9 0 
115 154 28 0 
116 337 43 0 
116 236 41 0 
116 131 41 0 
117 497 41 0 
117 434 2 0 
117 409 49 0 
117 218 21 0 
117 167 44 0 
118 482 19 0 
118 433 16 0 
118 322 21 0 
118 303 9 0 
118 299 28 0 
119 369 28 0 
119 356 38 0 
119 353 13 0 
119 240 22 0 
120 388 38 0 
120 346 33 0 
120 271 37 0 
120 253 22 0 
120 150 25 0 
121 471 21 0 
121 450 14 0 
121 421 33 0 
121 192 34 0 
122 492 38 0 
122 306 23 0 
122 186 28 0 
123 314 42 0 
123 129 35 0 
124 460 42 0 
124 376 42 0 
125 484 26 0 
125 430 41 0 
125 429 30 0 
125 369 24 0 
125 284 28 0 
125 186 21 0 
126 291 23 0 
126 262 26 0 
126 136 31 0 
127 368 36 0 
128 158 6 0 
129 490 22 0 
129 380 7 0 
129 163 21 0 
130 456 19 0 
130 361 28 0 
130 343 28 0 
131 189 48 0 
131 187 38 0 
131 172 31 0 
132 338 13 0 
132 292 3 0 
132 149 20 0 
133 459 32 0 
133 426 35 0 
133 208 37 0 
133 149 23 0 
134 458 7 0 
134 363 22 0 
134 168 46 0 
135 384 21 0 
135 286 21 0 
135 145 34 0 
136 379 14 0 
136 253 42 0 
136 252 29 0 
137 449 24 0 
137 208 15 0 
137 181 34 0 
138 472 15 0 
138 464 6 0 
138 297 22 0 
139 437 9 0 
139 353 9 0 
140 362 18 0 
140 314 28 0 
140 277 28 0 
140 260 7 0 
141 425 24 0 
141 424 11 0 
142 385 27 0 
142 358 40 0 
143 418 42 0 
143 400 28 0 
143 328 40 0 
144 361 25 0 
144 316 5 0 
144 312 11 0 
145 349 53 0 
145 205 18 0 
145 187 14 0 
146 445 29 0 
146 203 17 0 
147 476 34 0 
147 443 29 0 
147 264 9 0 
147 231 33 0 
147 215 42 0 
147 203 22 0 
147 188 26 0 
148 489 33 0 
148 339 8 0 
148 274 27 0 
148 267 23 0 
149 182 10 0 
149 169 34 0 
150 454 52 0 
150 444 13 0 
150 443 14 0 
150 436 35 0 
150 243 24 0 
151 354 5 0 
151 308 32 0 
152 490 41 0 
152 467 42 0 
153 437 34 0 
153 258 27 0 
153 215 6 0 
153 201 26 0 
154 481 25 0 
155 456 41 0 
155 413 36 0 
155 247 34 0 
155 172 12 0 
157 438 33 0 
157 246 41 0 
158 455 33 0 
158 439 29 0 
158 399 47 0 
158 223 25 0 
158 196 27 0 
158 187 21 0 
159 484 6 0 
159 416 27 0 
159 377 27 0 
159 238 17 0 
160 498 20 0 
160 489 17 0 
160 303 10 0 
160 173 36 0 
160 172 7 0 
161 454 33 0 
161 442 41 0 
161 275 36 0 
162 486 34 0 
162 458 21 0 
162 340 29 0 
162 264 9 0 
163 454 23 0 
163 373 22 0 
163 217 28 0 
164 496 48 0 
164 485 40 0 
164 398 45 0 
164 358 42 0 
164 260 46 0 
165 404 37 0 
165 269 8 0 
165 229 9 0 
165 222 41 0 
165 192 42 0 
166 244 25 0 
166 177 41 0 
168 466 43 0 
168 452 35 0 
168 416 7 0 
168 303 20 0 
169 299 32 0 
169 252 43 0 
169 248 35 0 
169 210 46 0 
170 499 26 0 
170 465 9 0 
170 387 25 0 
172 496 32 0 
172 491 17 0 
172 426 18 0 
172 363 43 0 
172 319 23 0 
173 345 22 0 
173 203 27 0 
174 302 30 0 
174 252 19 0 
174 190 27 0 
175 336 40 0 
175 299 32 0 
175 297 23 0 
175 236 38 0 
175 181 18 0 
176 468 21 0 
176 414 27 0 
176 403 25 0 
176 372 14 0 
176 288 22 0 
176 282 31 0 
176 279 34 0 
177 397 8 0 
178 468 35 0 
178 327 46 0 
178 231 35 0 
178 222 48 0 
178 183 11 0 
179 451 11 0 
179 434 17 0 
179 341 16 0 
179 321 19 0 
179 287 35 0 
179 249 18 0 
180 397 38 0 
180 339 44 0 
181 382 27 0 
181 226 21 0 
182 374 35 0 
182 351 40 0 
183 309 9 0 
184 451 25 0 
184 376 19 0 
184 375 21 0 
185 483 26 0 
185 212 17 0 
185 187 25 0 
187 233 11 0 
187 232 15 0 
188 475 10 0 
188 296 12 0 
188 214 43 0 
189 355 17 0 
189 252 10 0 
191 420 30 0 
191 376 15 0 
191 313 25 0 
191 285 22 0 
192 489 32 0 
192 216 39 0 
192 209 17 0 
192 193 30 0 
193 469 4 0 
193 452 28 0 
193 390 45 0 
194 494 15 0 
195 264 46 0 
195 213 26 0 
196 495 27 0 
196 482 31 0 
196 401 31 0 
196 235 34 0 
197 274 18 0 
197 254 18 0 
197 236 23 0 
197 206 44 0 
198 415 21 0 
198 406 13 0 
198 394 10 0 
198 373 43 0 
198 309 9 0 
198 267 21 0 
199 379 31 0 
199 355 12 0 
199 325 20 0 
199 300 12 0 
201 326 37 0 
202 451 20 0 
203 475 23 0 
203 415 4 0 
203 263 12 0 
203 256 28 0 
204 361 15 0 
205 463 32 0 
205 352 31 0 
205 275 25 0 
206 305 37 0 
206 291 28 0 
207 220 13 0 
208 438 2 0 
209 429 40 0 
209 366 26 0 
209 218 40 0 
210 275 19 0 
211 319 9 0 
211 237 30 0 
212 367 31 0 
213 424 16 0 
213 400 33 0 
213 393 8 0 
213 381 23 0 
213 325 19 0 
213 219 15 0 
214 382 26 0 
214 350 33 0 
214 327 45 0 
215 395 50 0 
215 371 14 0 
215 317 24 0 
216 433 42 0 
216 380 34 0 
216 327 47 0 
216 256 33 0 
216 232 46 0 
217 272 17 0 
217 237 22 0 
218 466 13 0 
218 363 6 0 
218 286 26 0 
219 494 24 0 
219 334 13 0 
220 407 41 0 
220 306 29 0 
220 224 40 0 
221 465 35 0 
221 442 24 0 
221 411 28 0 
222 486 19 0 
223 363 3 0 
224 306 25 0 
225 390 25 0 
226 365 18 0 
227 432 47 0 
228 454 50 0 
230 447 25 0 
230 389 4 0 
230 236 17 0 
231 482 37 0 
231 374 16 0 
232 394 39 0 
232 378 52 0 
233 395 31 0 
233 290 21 0 
234 427 6 0 
234 338 9 0 
235 372 24 0 
235 322 51 0 
236 460 46 0 
237 259 52 0 
238 462 23 0 
238 284 13 0 
239 440 44 0 
240 436 22 0 
241 468 32 0 
241 405 23 0 
241 347 22 0 
241 257 30 0 
241 254 12 0 
242 490 27 0 
243 411 24 0 
243 387 20 0 
243 332 39 0 
244 355 36 0 
245 313 35 0 
246 475 22 0 
246 446 44 0 
247 381 22 0 
247 343 35 0 
249 495 11 0 
249 388 23 0 
249 254 40 0 
250 472 8 0 
250 414 18 0 
250 302 28 0 
250 273 16 0 
252 480 50 0 
253 471 13 0 
253 450 33 0 
253 335 28 0 
253 262 13 0 
254 475 43 0 
255 359 13 0 
256 388 36 0 
256 339 18 0 
256 321 32 0 
256 303 33 0 
257 484 17 0 
257 440 9 0 
257 324 39 0 
259 424 8 0 
260 351 11 0 
261 332 32 0 
262 488 27 0 
262 451 33 0 
262 416 44 0 
262 322 2 0 
262 297 37 0 
263 340 21 0 
263 332 36 0 
264 287 50 0 
265 477 14 0 
265 407 17 0 
266 464 12 0 
266 411 34 0 
267 475 23 0 
267 461 10 0 
267 392 11 0 
267 294 5 0 
268 400 45 0 
269 408 7 0 
269 284 23 0 
270 360 40 0 
270 309 28 0 
271 282 24 0 
272 494 32 0 
272 331 41 0 
273 450 15 0 
273 411 33 0 
273 310 27 0 
274 468 32 0 
274 458 47 0 
274 390 39 0 
275 324 30 0 
276 306 28 0 
277 342 14 0 
278 377 14 0 
278 332 41 0 
279 299 18 0 
280 325 42 0 
281 418 23 0 
281 315 30 0 
282 380 7 0 
282 378 22 0 
282 308 21 0 
284 356 23 0 
285 380 31 0 
286 480 17 0 
286 411 15 0 
286 311 28 0 
287 490 27 0 
287 423 45 0 
287 349 52 0 
288 363 14 0 
289 294 9 0 
290 437 32 0 
290 346 31 0 
291 342 41 0 
291 298 21 0 
292 349 28 0 
292 310 19 0 
293 366 11 0 
293 304 14 0 
294 459 18 0 
294 314 34 0 
295 377 23 0 
297 434 40 0 
298 384 12 0 
299 461 13 0 
300 493 28 0 
300 428 33 0 
300 332 18 0 
301 473 28 0 
301 451 34 0 
302 308 24 0 
303 406 26 0 
304 395 45 0 
304 313 36 0 
305 383 7 0 
306 452 28 0 
306 397 21 0 
306 366 15 0 
306 338 8 0 
307 436 13 0 
308 394 12 0 
309 434 30 0 
309 327 33 0 
310 490 45 0 
310 482 42 0 
310 441 47 0 
310 348 42 0 
311 364 14 0 
312 479 18 0 
312 464 14 0 
313 444 27 0 
313 329 10 0 
314 439 9 0 
314 430 12 0 
315 451 19 0 
315 420 38 0 
316 323 9 0 
317 483 17 0 
317 415 13 0 
318 441 6 0 
318 405 60 0 
318 398 47 0 
318 362 52 0 
319 480 26 0 
320 333 33 0 
321 449 43 0 
322 449 21 0 
324 455 13 0 
324 390 31 0 
324 366 17 0 
325 379 48 0 
326 481 34 0 
326 434 21 0 
327 447 11 0 
328 403 21 0 
329 424 14 0 
329 397 32 0 
329 380 22 0 
331 452 21 0 
333 464 6 0 
333 439 16 0 
333 335 25 0 
334 482 12 0 
334 383 1 0 
336 441 40 0 
336 429 45 0 
337 460 48 0 
338 392 11 0 
340 493 27 0 
340 489 32 0 
341 384 20 0 
342 493 39 0 
342 465 30 0 
342 421 44 0 
342 353 34 0 
343 461 39 0 
344 473 33 0 
345 449 26 0 
346 423 35 0 
346 365 38 0 
348 477 32 0 
348 428 9 0 
348 421 43 0 
349 413 30 0 
349 363 16 0 
349 362 31 0 
349 358 32 0 
350 420 15 0 
351 463 46 0 
352 447 58 0 
354 411 10 0 
356 471 25 0 
356 447 30 0 
358 376 12 0 
359 419 16 0 
360 486 8 0 
360 430 31 0 
361 492 29 0 
363 480 46 0 
364 432 22 0 
365 494 20 0 
367 451 37 0 
368 431 42 0 
371 456 34 0 
372 453 28 0 
373 477 26 0 
373 375 50 0 
375 457 29 0 
376 493 32 0 
376 448 48 0 
376 406 10 0 
377 390 35 0 
378 435 47 0 
382 442 13 0 
383 473 22 0 
384 427 23 0 
384 399 40 0 
386 439 23 0 
387 475 41 0 
387 472 15 0 
387 408 20 0 
387 399 30 0 
387 397 12 0 
390 442 4 0 
390 425 29 0 
394 416 25 0 
396 448 33 0 
399 489 48 0 
399 452 23 0 
400 470 12 0 
400 467 33 0 
400 430 24 0 
401 417 21 0 
403 434 18 0 
404 493 11 0 
405 484 23 0 
405 422 32 0 
407 488 19 0 
407 409 30 0 
409 458 53 0 
409 449 21 0 
410 450 6 0 
410 416 24 0 
411 474 21 0 
416 424 38 0 
417 452 38 0 
418 488 26 0 
418 478 35 0 
418 422 33 0 
419 437 26 0 
420 462 35 0 
420 436 13 0 
426 483 24 0 
426 455 7 0 
426 452 10 0 
427 496 21 0 
427 473 24 0 
430 448 46 0 
430 440 5 0 
435 496 21 0 
435 493 8 0 
439 460 42 0 
440 472 11 0 
442 465 26 0 
444 499 20 0 
444 448 38 0 
445 453 9 0 
450 494 25 0 
452 483 30 0 
453 485 18 0 
453 466 20 0 
454 491 26 0 
455 499 10 0 
456 478 38 0 
456 472 3 0 
463 484 21 0 
467 490 19 0 
467 482 19 0 
477 478 28 0 
485 498 52 0 
