#GRAPH (#nodes #edges id uu vv ww xx yy zz):
#500 2098 geo(0,{500,50,3,0.008,0.000,0.000}) 50 
#
VERTICES (index name u v w x y z):
0 0 35 9 
1 1 8 21 
2 2 29 49 
3 3 9 31 
4 4 27 37 
5 5 7 31 
6 6 7 5 
7 7 21 23 
8 8 29 30 
9 9 22 1 
10 10 37 36 
11 11 14 29 
12 12 30 27 
13 13 28 31 
14 14 6 42 
15 15 15 25 
16 16 44 46 
17 17 30 6 
18 18 14 40 
19 19 1 34 
20 20 15 34 
21 21 44 8 
22 22 45 32 
23 23 41 34 
24 24 47 34 
25 25 21 42 
26 26 14 46 
27 27 23 5 
28 28 25 1 
29 29 0 40 
30 30 8 11 
31 31 43 42 
32 32 49 48 
33 33 4 44 
34 34 24 1 
35 35 16 1 
36 36 1 9 
37 37 0 16 
38 38 1 5 
39 39 42 28 
40 40 32 5 
41 41 21 39 
42 42 39 48 
43 43 38 33 
44 44 36 7 
45 45 27 13 
46 46 29 18 
47 47 7 28 
48 48 1 37 
49 49 6 38 
50 50 12 25 
51 51 30 26 
52 52 19 47 
53 53 32 15 
54 54 24 27 
55 55 15 21 
56 56 17 15 
57 57 36 10 
58 58 34 12 
59 59 39 17 
60 60 39 6 
61 61 26 3 
62 62 22 22 
63 63 2 43 
64 64 21 17 
65 65 12 8 
66 66 29 48 
67 67 34 29 
68 68 23 43 
69 69 23 31 
70 70 8 35 
71 71 7 35 
72 72 3 16 
73 73 25 13 
74 74 27 29 
75 75 9 45 
76 76 12 5 
77 77 41 18 
78 78 49 35 
79 79 38 6 
80 80 19 20 
81 81 9 7 
82 82 11 41 
83 83 2 28 
84 84 3 3 
85 85 42 3 
86 86 49 1 
87 87 26 9 
88 88 24 7 
89 89 27 34 
90 90 9 24 
91 91 44 4 
92 92 16 6 
93 93 8 24 
94 94 11 8 
95 95 5 31 
96 96 20 36 
97 97 18 38 
98 98 30 15 
99 99 27 15 
100 100 38 38 
101 101 16 33 
102 102 46 10 
103 103 19 40 
104 104 43 37 
105 105 10 24 
106 106 5 9 
107 107 5 47 
108 108 39 18 
109 109 31 31 
110 110 28 22 
111 111 15 24 
112 112 49 0 
113 113 34 49 
114 114 23 12 
115 115 12 39 
116 116 13 48 
117 117 7 21 
118 118 36 5 
119 119 37 35 
120 120 20 11 
121 121 23 25 
122 122 34 0 
123 123 21 35 
124 124 39 13 
125 125 20 39 
126 126 3 25 
127 127 48 35 
128 128 21 20 
129 129 8 42 
130 130 8 32 
131 131 6 30 
132 132 29 45 
133 133 36 30 
134 134 38 20 
135 135 20 43 
136 136 13 5 
137 137 7 44 
138 138 42 8 
139 139 16 0 
140 140 20 21 
141 141 3 20 
142 142 9 10 
143 143 11 7 
144 144 28 9 
145 145 9 33 
146 146 20 35 
147 147 11 42 
148 148 43 40 
149 149 5 15 
150 150 48 34 
151 151 36 17 
152 152 49 16 
153 153 40 27 
154 154 0 33 
155 155 45 13 
156 156 9 40 
157 157 31 42 
158 158 43 17 
159 159 17 39 
160 160 39 27 
161 161 29 34 
162 162 24 30 
163 163 45 44 
164 164 20 25 
165 165 47 45 
166 166 23 16 
167 167 47 37 
168 168 0 19 
169 169 49 44 
170 170 3 29 
171 171 2 23 
172 172 49 29 
173 173 4 21 
174 174 18 10 
175 175 11 18 
176 176 48 47 
177 177 37 4 
178 178 5 27 
179 179 18 16 
180 180 44 17 
181 181 19 2 
182 182 14 11 
183 183 5 24 
184 184 43 45 
185 185 5 2 
186 186 41 29 
187 187 47 47 
188 188 36 39 
189 189 30 45 
190 190 9 11 
191 191 7 34 
192 192 37 28 
193 193 44 5 
194 194 24 20 
195 195 35 17 
196 196 24 34 
197 197 35 13 
198 198 30 30 
199 199 4 29 
200 200 19 32 
201 201 37 11 
202 202 13 9 
203 203 45 38 
204 204 30 4 
205 205 26 27 
206 206 2 15 
207 207 11 36 
208 208 3 36 
209 209 30 22 
210 210 3 6 
211 211 22 43 
212 212 10 35 
213 213 34 28 
214 214 7 17 
215 215 26 17 
216 216 36 40 
217 217 39 40 
218 218 0 17 
219 219 21 7 
220 220 15 33 
221 221 5 4 
222 222 37 49 
223 223 5 0 
224 224 35 38 
225 225 45 10 
226 226 28 16 
227 227 37 13 
228 228 27 48 
229 229 34 40 
230 230 19 12 
231 231 49 34 
232 232 5 42 
233 233 41 21 
234 234 32 3 
235 235 40 7 
236 236 31 27 
237 237 39 23 
238 238 27 28 
239 239 43 10 
240 240 46 47 
241 241 37 17 
242 242 29 36 
243 243 29 32 
244 244 22 17 
245 245 1 1 
246 246 19 31 
247 247 47 30 
248 248 18 40 
249 249 28 4 
250 250 47 21 
251 251 37 1 
252 252 29 42 
253 253 27 10 
254 254 46 7 
255 255 17 36 
256 256 25 17 
257 257 46 24 
258 258 40 2 
259 259 8 22 
260 260 33 25 
261 261 13 39 
262 262 11 5 
263 263 34 18 
264 264 28 15 
265 265 0 25 
266 266 35 30 
267 267 38 31 
268 268 2 39 
269 269 11 10 
270 270 18 15 
271 271 44 25 
272 272 38 24 
273 273 46 13 
274 274 48 22 
275 275 43 18 
276 276 17 45 
277 277 34 32 
278 278 14 16 
279 279 41 45 
280 280 32 33 
281 281 37 32 
282 282 6 43 
283 283 4 25 
284 284 39 5 
285 285 6 9 
286 286 16 27 
287 287 2 41 
288 288 1 28 
289 289 33 43 
290 290 33 1 
291 291 19 18 
292 292 33 36 
293 293 14 24 
294 294 28 23 
295 295 49 22 
296 296 12 31 
297 297 24 33 
298 298 20 9 
299 299 18 0 
300 300 23 14 
301 301 32 27 
302 302 19 7 
303 303 42 36 
304 304 47 3 
305 305 16 16 
306 306 21 8 
307 307 18 12 
308 308 42 47 
309 309 24 44 
310 310 47 8 
311 311 9 48 
312 312 34 14 
313 313 24 23 
314 314 41 49 
315 315 35 1 
316 316 25 38 
317 317 2 31 
318 318 35 44 
319 319 17 13 
320 320 29 23 
321 321 5 41 
322 322 16 46 
323 323 5 45 
324 324 13 22 
325 325 43 48 
326 326 33 6 
327 327 0 1 
328 328 10 26 
329 329 36 16 
330 330 49 26 
331 331 17 19 
332 332 13 28 
333 333 0 44 
334 334 43 23 
335 335 46 46 
336 336 21 34 
337 337 42 13 
338 338 5 39 
339 339 26 19 
340 340 17 48 
341 341 39 47 
342 342 47 12 
343 343 45 41 
344 344 42 24 
345 345 9 22 
346 346 18 35 
347 347 42 30 
348 348 4 3 
349 349 19 34 
350 350 4 17 
351 351 1 38 
352 352 31 29 
353 353 32 44 
354 354 13 18 
355 355 18 3 
356 356 28 10 
357 357 43 38 
358 358 29 47 
359 359 47 29 
360 360 15 11 
361 361 37 19 
362 362 6 35 
363 363 29 33 
364 364 47 1 
365 365 11 46 
366 366 7 33 
367 367 14 34 
368 368 12 19 
369 369 26 35 
370 370 6 29 
371 371 17 20 
372 372 33 5 
373 373 45 24 
374 374 25 41 
375 375 45 22 
376 376 26 44 
377 377 44 6 
378 378 20 44 
379 379 20 38 
380 380 25 21 
381 381 48 29 
382 382 5 26 
383 383 34 6 
384 384 19 9 
385 385 26 12 
386 386 9 12 
387 387 32 14 
388 388 18 5 
389 389 25 45 
390 390 47 9 
391 391 38 27 
392 392 42 21 
393 393 30 0 
394 394 39 44 
395 395 5 44 
396 396 7 46 
397 397 1 39 
398 398 14 41 
399 399 9 15 
400 400 20 24 
401 401 35 35 
402 402 22 3 
403 403 3 4 
404 404 38 23 
405 405 13 37 
406 406 40 4 
407 407 26 39 
408 408 1 36 
409 409 5 28 
410 410 28 47 
411 411 17 17 
412 412 10 23 
413 413 43 22 
414 414 41 12 
415 415 11 21 
416 416 31 24 
417 417 34 7 
418 418 40 0 
419 419 13 32 
420 420 0 47 
421 421 28 6 
422 422 7 27 
423 423 33 34 
424 424 45 25 
425 425 15 48 
426 426 49 36 
427 427 0 12 
428 428 16 29 
429 429 15 16 
430 430 43 36 
431 431 4 38 
432 432 7 2 
433 433 29 5 
434 434 44 31 
435 435 0 43 
436 436 45 27 
437 437 46 38 
438 438 17 47 
439 439 24 12 
440 440 19 26 
441 441 16 10 
442 442 18 31 
443 443 12 0 
444 444 28 8 
445 445 10 16 
446 446 32 41 
447 447 7 37 
448 448 33 26 
449 449 18 43 
450 450 15 31 
451 451 35 42 
452 452 23 36 
453 453 38 15 
454 454 2 37 
455 455 48 18 
456 456 2 45 
457 457 22 0 
458 458 16 5 
459 459 41 41 
460 460 12 34 
461 461 31 49 
462 462 49 40 
463 463 9 0 
464 464 17 32 
465 465 25 24 
466 466 41 24 
467 467 29 3 
468 468 19 45 
469 469 9 41 
470 470 47 24 
471 471 35 40 
472 472 29 24 
473 473 29 7 
474 474 13 31 
475 475 13 3 
476 476 14 13 
477 477 6 11 
478 478 2 24 
479 479 35 4 
480 480 28 18 
481 481 9 44 
482 482 14 14 
483 483 21 22 
484 484 16 2 
485 485 23 28 
486 486 13 23 
487 487 7 39 
488 488 35 24 
489 489 33 48 
490 490 15 4 
491 491 41 22 
492 492 41 27 
493 493 48 30 
494 494 33 47 
495 495 47 6 
496 496 12 47 
497 497 39 12 
498 498 48 32 
499 499 1 0 
#
EDGES (from-node to-node length a b):
0 290 8 0 
0 244 15 0 
0 198 22 0 
1 341 40 0 
1 5 10 0 
1 4 25 0 
2 324 31 0 
2 254 45 0 
3 406 41 0 
3 316 17 0 
3 56 18 0 
4 394 14 0 
4 387 24 0 
4 212 17 0 
4 201 28 0 
4 132 8 0 
4 18 13 0 
5 412 9 0 
5 355 30 0 
5 304 49 0 
6 405 33 0 
6 403 4 0 
7 400 1 0 
7 278 10 0 
7 189 24 0 
8 255 13 0 
8 198 1 0 
8 184 21 0 
8 69 6 0 
8 18 18 0 
9 160 31 0 
9 119 37 0 
9 46 18 0 
9 44 15 0 
10 46 20 0 
10 16 12 0 
10 13 10 0 
10 12 11 0 
11 430 30 0 
11 18 11 0 
11 14 15 0 
12 250 18 0 
12 132 18 0 
12 108 13 0 
12 101 15 0 
12 38 36 0 
13 389 14 0 
13 347 14 0 
13 250 21 0 
13 166 16 0 
14 492 38 0 
14 173 21 0 
15 368 7 0 
15 295 34 0 
15 140 6 0 
15 130 10 0 
15 113 31 0 
16 326 41 0 
16 301 22 0 
16 116 31 0 
16 36 57 0 
16 20 31 0 
17 458 14 0 
17 405 35 0 
17 374 35 0 
17 249 3 0 
17 209 16 0 
18 155 41 0 
18 130 10 0 
18 93 17 0 
18 24 34 0 
19 227 42 0 
19 153 40 0 
19 55 19 0 
20 315 39 0 
20 277 19 0 
20 28 34 0 
21 463 36 0 
21 249 16 0 
22 486 33 0 
22 469 37 0 
22 356 28 0 
22 161 16 0 
22 97 28 0 
23 440 23 0 
23 422 35 0 
23 356 27 0 
23 301 11 0 
23 283 38 0 
23 275 16 0 
23 173 39 0 
23 91 30 0 
23 49 35 0 
24 473 32 0 
24 118 31 0 
24 107 44 0 
24 83 45 0 
24 28 40 0 
25 484 40 0 
25 483 20 0 
25 290 43 0 
25 88 35 0 
25 48 21 0 
26 247 37 0 
26 227 40 0 
26 113 20 0 
26 72 32 0 
26 66 15 0 
27 428 25 0 
27 291 14 0 
27 265 30 0 
27 252 37 0 
28 387 15 0 
28 330 35 0 
28 236 27 0 
28 171 32 0 
28 151 19 0 
28 149 24 0 
28 85 17 0 
29 192 39 0 
30 370 18 0 
30 62 18 0 
30 51 27 0 
31 462 6 0 
31 156 34 0 
31 77 24 0 
32 488 28 0 
32 403 64 0 
32 262 57 0 
32 187 2 0 
33 492 41 0 
33 296 15 0 
33 221 40 0 
34 394 46 0 
34 390 24 0 
34 193 20 0 
34 105 27 0 
34 44 13 0 
35 388 4 0 
36 462 57 0 
36 310 46 0 
37 458 19 0 
37 171 7 0 
37 48 21 0 
38 447 33 0 
38 342 47 0 
38 121 30 0 
38 88 23 0 
39 312 16 0 
39 265 42 0 
39 63 43 0 
40 456 50 0 
40 245 31 0 
40 86 17 0 
40 42 44 0 
41 371 19 0 
41 303 21 0 
41 292 12 0 
42 356 40 0 
42 319 41 0 
43 449 22 0 
43 442 20 0 
43 417 26 0 
43 399 34 0 
43 397 37 0 
43 264 21 0 
43 258 31 0 
44 400 23 0 
44 373 19 0 
44 335 40 0 
44 308 40 0 
45 466 18 0 
46 377 19 0 
46 260 8 0 
46 203 26 0 
46 119 19 0 
47 444 29 0 
47 359 40 0 
47 155 41 0 
47 154 9 0 
48 424 46 0 
48 366 7 0 
49 429 24 0 
49 330 45 0 
49 167 41 0 
50 368 6 0 
50 225 36 0 
50 133 25 0 
50 129 17 0 
50 100 29 0 
51 359 17 0 
51 229 15 0 
51 177 23 0 
51 154 31 0 
52 440 21 0 
52 427 40 0 
52 400 23 0 
52 363 17 0 
52 309 6 0 
53 428 21 0 
53 402 16 0 
53 296 26 0 
53 179 14 0 
53 163 32 0 
54 491 18 0 
54 466 17 0 
54 153 16 0 
54 114 15 0 
55 426 37 0 
55 375 30 0 
55 358 30 0 
55 62 7 0 
56 459 35 0 
56 195 18 0 
57 261 37 0 
57 158 10 0 
57 145 35 0 
57 83 38 0 
58 456 46 0 
58 329 4 0 
58 322 38 0 
58 126 34 0 
58 60 8 0 
59 419 30 0 
59 275 4 0 
59 155 7 0 
59 79 11 0 
59 69 21 0 
60 346 36 0 
60 317 45 0 
60 175 30 0 
61 455 27 0 
61 276 43 0 
62 489 28 0 
62 245 30 0 
62 208 24 0 
62 160 18 0 
63 470 49 0 
63 459 39 0 
63 408 7 0 
63 109 31 0 
64 228 32 0 
64 184 36 0 
64 137 30 0 
64 108 18 0 
65 378 37 0 
65 69 25 0 
66 475 48 0 
66 120 38 0 
67 484 32 0 
67 344 9 0 
67 322 25 0 
67 179 21 0 
67 158 15 0 
68 498 27 0 
68 453 32 0 
68 415 25 0 
68 329 30 0 
68 95 22 0 
69 453 22 0 
69 409 18 0 
69 159 10 0 
69 94 26 0 
70 345 13 0 
70 298 29 0 
70 80 19 0 
71 463 35 0 
71 286 12 0 
71 281 30 0 
71 127 41 0 
72 479 34 0 
72 266 35 0 
72 188 40 0 
72 144 26 0 
73 431 33 0 
73 325 39 0 
73 280 21 0 
73 267 22 0 
73 108 15 0 
74 343 22 0 
74 235 26 0 
74 201 21 0 
75 324 23 0 
75 273 49 0 
76 381 43 0 
76 342 36 0 
76 278 11 0 
76 182 6 0 
77 438 38 0 
78 493 5 0 
78 464 32 0 
78 427 54 0 
78 376 25 0 
78 93 42 0 
79 206 37 0 
80 373 26 0 
80 277 19 0 
81 442 26 0 
81 124 31 0 
82 322 7 0 
82 258 49 0 
82 145 8 0 
83 469 15 0 
84 354 18 0 
84 342 45 0 
84 130 29 0 
85 300 22 0 
85 222 46 0 
86 353 46 0 
86 148 39 0 
87 478 28 0 
87 430 32 0 
87 397 39 0 
87 306 5 0 
87 188 32 0 
87 142 17 0 
88 406 16 0 
88 342 24 0 
88 231 37 0 
88 171 27 0 
89 389 11 0 
89 373 21 0 
89 231 22 0 
89 123 6 0 
89 92 30 0 
90 384 18 0 
90 374 23 0 
90 327 25 0 
90 276 22 0 
91 228 47 0 
91 126 46 0 
92 410 43 0 
92 395 40 0 
92 178 24 0 
93 474 9 0 
93 467 30 0 
93 388 21 0 
93 360 15 0 
93 330 41 0 
93 154 12 0 
94 489 46 0 
94 332 20 0 
94 321 34 0 
94 266 33 0 
94 158 33 0 
94 134 30 0 
95 457 35 0 
95 178 4 0 
96 486 15 0 
96 290 37 0 
96 186 22 0 
96 123 1 0 
97 463 39 0 
97 416 19 0 
97 390 41 0 
97 323 15 0 
97 275 32 0 
98 444 7 0 
98 266 16 0 
98 247 23 0 
99 432 24 0 
99 396 37 0 
99 388 13 0 
99 276 32 0 
99 183 24 0 
99 147 31 0 
100 348 49 0 
100 217 2 0 
100 209 18 0 
100 144 31 0 
101 312 26 0 
101 154 16 0 
102 140 28 0 
103 313 18 0 
103 293 17 0 
103 240 28 0 
104 316 18 0 
104 197 25 0 
105 447 13 0 
105 333 22 0 
105 166 15 0 
105 163 40 0 
105 144 23 0 
106 202 8 0 
106 171 14 0 
106 124 34 0 
107 484 46 0 
107 385 41 0 
107 192 37 0 
108 497 6 0 
108 471 22 0 
108 221 37 0 
109 452 9 0 
109 315 30 0 
109 277 3 0 
109 276 20 0 
109 112 36 0 
110 478 26 0 
110 460 20 0 
110 364 28 0 
110 352 8 0 
110 350 25 0 
110 302 17 0 
111 432 23 0 
112 404 25 0 
112 346 47 0 
112 330 26 0 
112 117 47 0 
112 114 29 0 
113 387 35 0 
114 492 23 0 
114 409 24 0 
114 391 21 0 
114 325 41 0 
115 482 25 0 
115 393 43 0 
115 246 11 0 
116 462 37 0 
116 442 18 0 
116 406 52 0 
116 404 35 0 
116 314 28 0 
116 275 42 0 
116 242 20 0 
117 227 31 0 
117 157 32 0 
118 380 19 0 
118 362 42 0 
118 319 21 0 
119 479 31 0 
119 470 15 0 
119 394 9 0 
119 349 18 0 
120 438 36 0 
120 334 26 0 
120 174 2 0 
120 171 22 0 
121 473 19 0 
121 296 13 0 
122 319 21 0 
122 219 15 0 
122 204 6 0 
122 195 17 0 
122 185 29 0 
123 146 1 0 
124 409 37 0 
125 222 20 0 
125 172 31 0 
126 485 20 0 
126 482 16 0 
126 368 11 0 
126 326 36 0 
126 170 4 0 
127 218 51 0 
128 334 22 0 
128 317 22 0 
128 220 14 0 
128 214 14 0 
128 181 18 0 
128 178 17 0 
129 431 6 0 
129 413 40 0 
129 373 41 0 
129 216 28 0 
130 431 7 0 
130 318 30 0 
131 418 45 0 
131 273 43 0 
131 272 33 0 
131 246 13 0 
132 415 30 0 
132 163 16 0 
133 477 36 0 
133 460 24 0 
133 424 10 0 
133 383 24 0 
133 286 20 0 
133 175 28 0 
134 279 25 0 
134 146 23 0 
135 239 40 0 
135 187 27 0 
136 341 49 0 
136 320 24 0 
136 269 5 0 
136 264 18 0 
136 245 13 0 
137 446 25 0 
137 417 46 0 
137 311 4 0 
137 292 27 0 
137 290 50 0 
137 191 10 0 
137 189 23 0 
138 368 32 0 
139 401 40 0 
139 199 31 0 
140 414 23 0 
140 409 17 0 
140 346 14 0 
140 321 25 0 
141 472 26 0 
141 452 26 0 
143 465 22 0 
143 313 21 0 
143 178 21 0 
144 372 6 0 
145 201 36 0 
146 455 33 0 
147 206 28 0 
148 403 54 0 
148 194 28 0 
148 193 35 0 
148 150 8 0 
149 482 9 0 
149 423 34 0 
149 218 5 0 
149 174 14 0 
150 460 36 0 
150 325 15 0 
150 299 45 0 
150 206 50 0 
151 402 20 0 
151 179 18 0 
152 473 22 0 
152 442 34 0 
152 433 23 0 
152 319 32 0 
152 315 21 0 
152 294 22 0 
152 173 45 0 
153 245 47 0 
154 426 49 0 
154 275 46 0 
155 480 18 0 
155 353 34 0 
155 243 25 0 
155 198 23 0 
156 450 11 0 
156 395 6 0 
156 273 46 0 
156 236 26 0 
156 210 35 0 
156 166 28 0 
157 480 24 0 
157 396 24 0 
157 395 26 0 
157 300 29 0 
157 296 22 0 
157 291 27 0 
159 436 30 0 
159 414 36 0 
159 318 19 0 
160 346 22 0 
161 443 38 0 
161 428 14 0 
161 373 19 0 
161 342 28 0 
161 298 27 0 
161 207 18 0 
162 323 24 0 
162 279 23 0 
162 241 18 0 
162 164 6 0 
163 476 44 0 
163 401 13 0 
163 305 40 0 
164 366 15 0 
164 336 9 0 
164 190 18 0 
165 441 47 0 
166 488 14 0 
166 401 22 0 
166 254 25 0 
166 200 16 0 
166 175 12 0 
167 385 33 0 
167 194 29 0 
168 460 19 0 
168 438 33 0 
169 499 65 0 
169 448 24 0 
169 436 17 0 
169 431 45 0 
169 370 46 0 
170 395 15 0 
171 484 25 0 
172 300 30 0 
172 266 14 0 
172 242 21 0 
173 446 34 0 
173 428 14 0 
173 413 39 0 
173 302 21 0 
174 397 34 0 
174 291 8 0 
174 228 39 0 
175 499 21 0 
175 366 16 0 
175 308 42 0 
176 322 32 0 
176 306 47 0 
176 297 28 0 
176 270 44 0 
177 343 38 0 
177 242 33 0 
178 369 22 0 
179 455 30 0 
179 388 11 0 
179 303 31 0 
179 284 24 0 
179 273 28 0 
179 271 28 0 
179 203 35 0 
180 330 10 0 
181 426 45 0 
181 381 40 0 
181 342 30 0 
181 204 11 0 
182 498 40 0 
182 478 18 0 
182 417 20 0 
182 411 7 0 
182 366 23 0 
182 254 32 0 
183 384 21 0 
183 188 34 0 
184 464 29 0 
184 418 45 0 
184 253 38 0 
184 239 35 0 
184 214 46 0 
185 389 47 0 
185 386 11 0 
185 380 28 0 
185 342 43 0 
185 277 42 0 
185 200 33 0 
185 191 32 0 
186 449 27 0 
186 303 7 0 
187 340 30 0 
187 333 47 0 
187 275 29 0 
187 223 63 0 
188 488 15 0 
188 399 36 0 
188 258 37 0 
188 256 25 0 
189 367 19 0 
189 328 28 0 
189 304 45 0 
189 249 41 0 
189 244 29 0 
190 452 29 0 
191 301 26 0 
191 290 42 0 
192 489 20 0 
192 465 13 0 
193 444 16 0 
193 421 16 0 
193 213 25 0 
194 259 16 0 
195 499 38 0 
195 253 11 0 
196 379 6 0 
196 286 11 0 
196 209 13 0 
197 253 9 0 
198 368 21 0 
198 341 19 0 
198 329 15 0 
198 295 21 0 
201 497 2 0 
201 463 30 0 
201 460 34 0 
201 443 27 0 
201 390 10 0 
201 205 19 0 
202 496 38 0 
202 267 33 0 
203 392 17 0 
204 452 33 0 
204 432 23 0 
205 456 30 0 
205 212 18 0 
206 373 44 0 
206 230 17 0 
207 343 34 0 
207 317 10 0 
207 284 42 0 
208 455 48 0 
208 331 22 0 
208 241 39 0 
209 359 18 0 
210 462 57 0 
210 457 20 0 
210 340 44 0 
210 248 37 0 
211 368 26 0 
212 412 12 0 
212 408 9 0 
212 323 11 0 
213 473 22 0 
213 436 11 0 
214 380 18 0 
214 246 18 0 
214 244 15 0 
215 414 16 0 
217 482 36 0 
217 340 23 0 
218 390 48 0 
218 387 32 0 
218 296 18 0 
219 450 25 0 
219 438 40 0 
220 367 1 0 
221 455 45 0 
222 480 32 0 
222 411 38 0 
222 378 18 0 
222 293 34 0 
223 340 49 0 
224 448 12 0 
224 447 28 0 
224 251 37 0 
224 248 17 0 
225 494 39 0 
225 461 41 0 
225 391 18 0 
225 317 48 0 
225 259 39 0 
226 399 19 0 
226 298 11 0 
227 297 24 0 
228 383 43 0 
228 381 28 0 
228 291 31 0 
229 316 9 0 
230 460 23 0 
230 315 19 0 
230 309 32 0 
231 486 38 0 
231 313 27 0 
231 253 33 0 
232 442 17 0 
232 368 24 0 
232 286 19 0 
232 268 4 0 
233 424 6 0 
233 375 4 0 
234 481 47 0 
236 456 34 0 
236 307 20 0 
236 262 30 0 
236 259 24 0 
237 436 7 0 
237 412 29 0 
237 378 28 0 
237 357 16 0 
237 335 24 0 
238 442 9 0 
238 392 17 0 
238 371 13 0 
238 348 34 0 
240 394 8 0 
240 261 34 0 
240 255 31 0 
241 263 3 0 
242 471 7 0 
242 418 38 0 
242 294 13 0 
243 386 28 0 
244 474 17 0 
244 265 23 0 
245 494 56 0 
246 457 31 0 
247 394 16 0 
247 335 16 0 
248 475 37 0 
249 404 21 0 
249 403 25 0 
250 471 22 0 
250 468 37 0 
250 453 11 0 
250 440 28 0 
250 387 17 0 
251 480 19 0 
251 470 25 0 
251 278 27 0 
251 259 36 0 
253 451 33 0 
253 310 20 0 
254 310 1 0 
254 307 28 0 
255 399 22 0 
256 379 22 0 
256 368 13 0 
256 270 7 0 
257 344 4 0 
257 318 23 0 
259 470 39 0 
259 455 40 0 
259 296 10 0 
260 490 28 0 
260 371 17 0 
262 484 6 0 
263 463 31 0 
263 460 27 0 
263 361 3 0 
264 470 21 0 
264 432 25 0 
264 420 43 0 
264 367 24 0 
265 410 36 0 
265 375 45 0 
265 370 7 0 
265 293 14 0 
265 271 44 0 
266 494 17 0 
266 405 23 0 
266 339 14 0 
266 276 23 0 
268 498 47 0 
268 462 47 0 
268 357 41 0 
269 468 36 0 
270 427 18 0 
270 346 20 0 
271 372 23 0 
271 336 25 0 
273 280 24 0 
274 479 22 0 
275 314 31 0 
276 484 43 0 
276 390 47 0 
276 305 29 0 
277 318 12 0 
277 290 31 0 
278 316 25 0 
279 359 17 0 
279 289 8 0 
280 472 9 0 
281 375 13 0 
282 404 38 0 
283 290 38 0 
285 489 47 0 
287 339 33 0 
287 299 44 0 
288 311 22 0 
289 377 39 0 
291 475 16 0 
292 462 16 0 
292 448 10 0 
292 350 35 0 
293 448 19 0 
293 423 21 0 
293 385 17 0 
293 350 12 0 
294 410 24 0 
294 367 18 0 
295 495 16 0 
295 332 36 0 
296 405 6 0 
297 347 18 0 
298 410 39 0 
298 352 23 0 
299 479 17 0 
299 424 37 0 
299 416 27 0 
299 364 29 0 
299 356 14 0 
300 304 26 0 
301 318 17 0 
303 381 9 0 
303 376 18 0 
304 451 41 0 
304 369 38 0 
305 313 11 0 
306 494 41 0 
306 330 33 0 
307 400 12 0 
307 329 18 0 
308 394 4 0 
308 379 24 0 
309 337 36 0 
310 495 2 0 
310 408 54 0 
311 495 57 0 
311 433 47 0 
312 416 10 0 
312 386 25 0 
313 366 20 0 
314 399 47 0 
316 390 36 0 
318 465 22 0 
318 351 35 0 
318 348 51 0 
319 438 34 0 
320 411 13 0 
320 333 36 0 
321 460 10 0 
321 337 46 0 
321 336 17 0 
321 324 21 0 
322 458 41 0 
322 378 4 0 
322 327 48 0 
324 360 11 0 
325 411 40 0 
325 402 50 0 
326 466 20 0 
326 439 11 0 
326 387 8 0 
329 474 27 0 
329 438 36 0 
330 401 17 0 
331 437 35 0 
331 405 18 0 
332 372 30 0 
334 446 21 0 
335 461 15 0 
335 443 57 0 
335 381 17 0 
335 351 46 0 
336 494 18 0 
336 441 25 0 
336 418 39 0 
338 448 31 0 
338 372 44 0 
339 430 24 0 
339 396 33 0 
340 396 10 0 
340 377 50 0 
341 457 50 0 
342 422 43 0 
342 393 21 0 
342 382 44 0 
343 473 38 0 
343 457 47 0 
343 425 31 0 
345 498 40 0 
346 352 14 0 
347 405 30 0 
349 380 14 0 
349 363 10 0 
349 359 28 0 
350 424 42 0 
351 354 23 0 
353 489 4 0 
353 367 21 0 
355 439 11 0 
356 491 18 0 
356 426 33 0 
357 401 9 0 
360 484 9 0 
360 382 18 0 
361 479 15 0 
361 458 25 0 
362 493 42 0 
362 434 38 0 
363 454 27 0 
364 488 26 0 
365 463 46 0 
365 461 20 0 
365 460 12 0 
365 458 41 0 
365 373 40 0 
367 455 38 0 
368 468 27 0 
370 405 11 0 
370 401 30 0 
372 437 35 0 
372 392 18 0 
373 455 7 0 
374 385 29 0 
375 416 14 0 
375 403 46 0 
375 376 29 0 
381 412 38 0 
382 447 11 0 
383 391 21 0 
383 389 40 0 
385 498 30 0 
385 438 36 0 
386 482 5 0 
389 485 17 0 
389 471 11 0 
389 422 25 0 
389 419 18 0 
389 396 18 0 
391 484 33 0 
392 482 29 0 
392 461 30 0 
392 445 32 0 
392 423 16 0 
392 417 16 0 
394 425 24 0 
395 430 39 0 
395 414 48 0 
395 398 9 0 
395 396 3 0 
396 458 42 0 
396 428 19 0 
401 409 31 0 
402 498 39 0 
404 443 35 0 
405 407 13 0 
406 487 48 0 
409 455 44 0 
410 476 37 0 
410 470 30 0 
413 495 16 0 
415 458 17 0 
417 418 9 0 
418 483 29 0 
418 430 36 0 
420 463 48 0 
421 469 40 0 
428 463 30 0 
428 430 28 0 
430 450 28 0 
430 433 34 0 
432 492 42 0 
435 440 25 0 
439 483 10 0 
442 453 26 0 
446 473 34 0 
447 498 41 0 
447 475 35 0 
447 450 10 0 
448 494 21 0 
448 491 9 0 
451 476 36 0 
452 480 19 0 
455 497 11 0 
458 491 30 0 
459 462 8 0 
460 477 24 0 
461 481 23 0 
462 498 8 0 
464 489 23 0 
471 488 16 0 
474 483 12 0 
481 486 21 0 
483 499 30 0 
484 486 21 0 
485 499 36 0 
495 496 54 0 
