#GRAPH (#nodes #edges id uu vv ww xx yy zz):
#500 2100 geo(0,{500,50,3,0.008,0.000,0.000}) 50 
#
VERTICES (index name u v w x y z):
0 0 41 2 
1 1 40 23 
2 2 47 1 
3 3 30 7 
4 4 31 3 
5 5 28 33 
6 6 14 4 
7 7 0 21 
8 8 25 26 
9 9 49 33 
10 10 15 33 
11 11 41 14 
12 12 42 3 
13 13 17 25 
14 14 12 16 
15 15 19 4 
16 16 4 21 
17 17 1 2 
18 18 7 7 
19 19 37 44 
20 20 39 4 
21 21 4 46 
22 22 2 49 
23 23 27 21 
24 24 1 35 
25 25 39 35 
26 26 48 5 
27 27 23 46 
28 28 12 32 
29 29 9 35 
30 30 28 36 
31 31 7 11 
32 32 48 18 
33 33 44 27 
34 34 11 6 
35 35 12 11 
36 36 39 33 
37 37 3 17 
38 38 1 32 
39 39 18 19 
40 40 15 11 
41 41 5 47 
42 42 2 8 
43 43 0 45 
44 44 6 17 
45 45 29 45 
46 46 38 34 
47 47 37 12 
48 48 37 14 
49 49 28 46 
50 50 32 9 
51 51 44 23 
52 52 36 4 
53 53 20 15 
54 54 12 9 
55 55 2 9 
56 56 13 32 
57 57 23 12 
58 58 17 1 
59 59 7 25 
60 60 17 40 
61 61 18 4 
62 62 17 16 
63 63 18 2 
64 64 32 46 
65 65 33 2 
66 66 0 35 
67 67 35 12 
68 68 10 2 
69 69 33 22 
70 70 19 15 
71 71 1 6 
72 72 38 3 
73 73 35 31 
74 74 33 25 
75 75 43 37 
76 76 1 7 
77 77 32 49 
78 78 30 31 
79 79 32 1 
80 80 1 3 
81 81 12 30 
82 82 42 0 
83 83 27 24 
84 84 8 7 
85 85 1 10 
86 86 19 48 
87 87 11 21 
88 88 14 31 
89 89 27 36 
90 90 23 35 
91 91 25 32 
92 92 1 20 
93 93 22 5 
94 94 43 7 
95 95 32 21 
96 96 40 17 
97 97 17 21 
98 98 16 13 
99 99 12 47 
100 100 43 49 
101 101 16 30 
102 102 27 45 
103 103 19 49 
104 104 49 30 
105 105 13 30 
106 106 19 3 
107 107 18 10 
108 108 30 2 
109 109 48 30 
110 110 38 25 
111 111 41 36 
112 112 36 34 
113 113 9 11 
114 114 8 6 
115 115 36 31 
116 116 48 0 
117 117 1 41 
118 118 34 43 
119 119 24 45 
120 120 0 9 
121 121 29 48 
122 122 35 24 
123 123 34 33 
124 124 20 44 
125 125 1 24 
126 126 32 28 
127 127 35 32 
128 128 13 0 
129 129 46 25 
130 130 5 32 
131 131 26 34 
132 132 9 10 
133 133 30 41 
134 134 37 31 
135 135 41 18 
136 136 44 19 
137 137 15 36 
138 138 45 45 
139 139 44 37 
140 140 36 49 
141 141 34 28 
142 142 34 31 
143 143 47 20 
144 144 14 32 
145 145 21 36 
146 146 9 46 
147 147 33 4 
148 148 44 2 
149 149 31 25 
150 150 38 37 
151 151 40 41 
152 152 26 23 
153 153 7 1 
154 154 46 49 
155 155 33 40 
156 156 24 12 
157 157 48 33 
158 158 13 8 
159 159 36 33 
160 160 41 28 
161 161 0 43 
162 162 4 14 
163 163 32 41 
164 164 2 10 
165 165 23 48 
166 166 34 12 
167 167 15 4 
168 168 34 27 
169 169 40 48 
170 170 45 5 
171 171 18 25 
172 172 10 44 
173 173 8 38 
174 174 10 40 
175 175 40 28 
176 176 37 27 
177 177 13 38 
178 178 17 8 
179 179 33 28 
180 180 44 7 
181 181 41 47 
182 182 25 9 
183 183 12 44 
184 184 26 15 
185 185 36 43 
186 186 42 2 
187 187 12 3 
188 188 17 4 
189 189 10 0 
190 190 18 30 
191 191 6 46 
192 192 27 48 
193 193 8 47 
194 194 22 24 
195 195 28 40 
196 196 1 17 
197 197 29 32 
198 198 37 4 
199 199 15 9 
200 200 19 22 
201 201 6 3 
202 202 33 14 
203 203 31 43 
204 204 0 41 
205 205 16 3 
206 206 17 42 
207 207 24 21 
208 208 17 11 
209 209 18 12 
210 210 10 49 
211 211 25 36 
212 212 48 37 
213 213 34 35 
214 214 43 21 
215 215 44 20 
216 216 38 26 
217 217 9 0 
218 218 33 18 
219 219 28 14 
220 220 41 48 
221 221 17 17 
222 222 14 49 
223 223 19 5 
224 224 21 45 
225 225 11 11 
226 226 15 26 
227 227 23 26 
228 228 33 49 
229 229 12 7 
230 230 11 35 
231 231 19 31 
232 232 8 24 
233 233 21 32 
234 234 3 30 
235 235 31 20 
236 236 46 6 
237 237 7 14 
238 238 0 28 
239 239 20 34 
240 240 2 22 
241 241 30 13 
242 242 20 35 
243 243 43 43 
244 244 19 40 
245 245 18 37 
246 246 46 36 
247 247 29 6 
248 248 37 19 
249 249 1 45 
250 250 42 34 
251 251 17 7 
252 252 29 28 
253 253 21 8 
254 254 28 21 
255 255 48 7 
256 256 43 27 
257 257 29 14 
258 258 43 9 
259 259 5 18 
260 260 12 48 
261 261 4 26 
262 262 1 27 
263 263 42 6 
264 264 45 43 
265 265 5 23 
266 266 21 41 
267 267 7 4 
268 268 40 42 
269 269 0 44 
270 270 31 12 
271 271 27 33 
272 272 18 15 
273 273 26 5 
274 274 9 27 
275 275 14 14 
276 276 5 7 
277 277 29 49 
278 278 19 19 
279 279 36 3 
280 280 36 9 
281 281 27 41 
282 282 47 48 
283 283 32 33 
284 284 6 35 
285 285 0 33 
286 286 47 33 
287 287 30 21 
288 288 12 42 
289 289 14 43 
290 290 13 48 
291 291 19 26 
292 292 42 10 
293 293 31 37 
294 294 22 0 
295 295 23 10 
296 296 21 42 
297 297 14 10 
298 298 12 20 
299 299 38 39 
300 300 34 10 
301 301 10 24 
302 302 30 39 
303 303 26 42 
304 304 25 42 
305 305 13 33 
306 306 34 49 
307 307 30 43 
308 308 23 44 
309 309 7 46 
310 310 22 27 
311 311 22 33 
312 312 47 25 
313 313 38 13 
314 314 30 37 
315 315 34 36 
316 316 34 5 
317 317 19 35 
318 318 16 1 
319 319 14 18 
320 320 24 10 
321 321 13 21 
322 322 11 12 
323 323 36 5 
324 324 10 27 
325 325 21 5 
326 326 10 25 
327 327 4 28 
328 328 10 5 
329 329 27 40 
330 330 2 5 
331 331 41 43 
332 332 26 38 
333 333 28 1 
334 334 28 32 
335 335 16 2 
336 336 27 5 
337 337 3 23 
338 338 27 49 
339 339 36 47 
340 340 32 8 
341 341 4 45 
342 342 27 27 
343 343 8 35 
344 344 17 33 
345 345 16 33 
346 346 34 23 
347 347 28 18 
348 348 48 15 
349 349 28 22 
350 350 46 37 
351 351 25 33 
352 352 5 43 
353 353 24 47 
354 354 45 41 
355 355 35 28 
356 356 18 28 
357 357 7 0 
358 358 32 13 
359 359 16 16 
360 360 32 0 
361 361 20 49 
362 362 0 31 
363 363 8 19 
364 364 16 26 
365 365 29 11 
366 366 28 11 
367 367 43 32 
368 368 37 49 
369 369 23 28 
370 370 25 10 
371 371 6 26 
372 372 29 27 
373 373 30 35 
374 374 42 8 
375 375 44 14 
376 376 19 23 
377 377 4 48 
378 378 28 26 
379 379 5 21 
380 380 43 2 
381 381 20 19 
382 382 24 4 
383 383 31 39 
384 384 4 31 
385 385 43 29 
386 386 17 36 
387 387 49 40 
388 388 48 42 
389 389 23 34 
390 390 5 30 
391 391 43 47 
392 392 40 26 
393 393 19 29 
394 394 43 17 
395 395 17 26 
396 396 26 35 
397 397 7 43 
398 398 12 38 
399 399 13 35 
400 400 32 25 
401 401 39 26 
402 402 11 31 
403 403 10 20 
404 404 35 41 
405 405 0 10 
406 406 33 33 
407 407 1 13 
408 408 34 16 
409 409 25 49 
410 410 47 18 
411 411 14 15 
412 412 16 47 
413 413 14 33 
414 414 34 0 
415 415 19 14 
416 416 21 46 
417 417 36 41 
418 418 47 46 
419 419 0 20 
420 420 4 18 
421 421 37 29 
422 422 24 31 
423 423 40 1 
424 424 41 16 
425 425 5 33 
426 426 12 14 
427 427 10 21 
428 428 28 29 
429 429 32 4 
430 430 1 12 
431 431 8 32 
432 432 24 8 
433 433 37 39 
434 434 20 38 
435 435 34 4 
436 436 23 6 
437 437 14 45 
438 438 19 39 
439 439 9 9 
440 440 3 36 
441 441 9 43 
442 442 26 43 
443 443 46 40 
444 444 15 24 
445 445 45 8 
446 446 49 19 
447 447 26 12 
448 448 15 7 
449 449 4 13 
450 450 23 2 
451 451 28 6 
452 452 7 12 
453 453 36 27 
454 454 9 44 
455 455 45 17 
456 456 47 36 
457 457 6 27 
458 458 36 17 
459 459 10 47 
460 460 46 24 
461 461 49 26 
462 462 47 37 
463 463 26 29 
464 464 21 30 
465 465 11 20 
466 466 40 32 
467 467 32 5 
468 468 35 4 
469 469 38 9 
470 470 35 22 
471 471 45 10 
472 472 24 1 
473 473 7 48 
474 474 29 39 
475 475 6 15 
476 476 29 23 
477 477 21 40 
478 478 42 40 
479 479 4 19 
480 480 40 49 
481 481 33 8 
482 482 10 14 
483 483 0 4 
484 484 34 34 
485 485 44 13 
486 486 9 40 
487 487 33 11 
488 488 0 5 
489 489 11 28 
490 490 46 5 
491 491 44 1 
492 492 10 18 
493 493 5 2 
494 494 3 6 
495 495 13 46 
496 496 8 48 
497 497 47 11 
498 498 17 48 
499 499 26 37 
#
EDGES (from-node to-node length a b):
0 426 31 0 
0 343 47 0 
0 79 9 0 
0 47 11 0 
1 451 21 0 
1 443 18 0 
1 215 5 0 
1 205 31 0 
1 117 43 0 
2 362 56 0 
2 318 31 0 
2 15 28 0 
3 228 42 0 
4 435 3 0 
4 241 10 0 
4 98 18 0 
4 34 20 0 
4 11 15 0 
5 330 38 0 
5 327 25 0 
5 119 13 0 
5 90 5 0 
6 345 29 0 
6 73 34 0 
6 62 12 0 
6 50 19 0 
7 477 28 0 
7 143 47 0 
7 117 20 0 
7 81 15 0 
8 409 23 0 
8 227 2 0 
8 61 23 0 
9 408 23 0 
10 471 38 0 
10 115 21 0 
10 39 14 0 
10 36 24 0 
11 329 30 0 
11 321 29 0 
11 272 23 0 
11 159 20 0 
11 106 25 0 
11 100 35 0 
12 468 7 0 
12 360 10 0 
12 276 37 0 
12 230 45 0 
12 80 41 0 
12 78 30 0 
12 55 40 0 
13 489 7 0 
13 456 32 0 
13 403 9 0 
13 386 11 0 
13 366 18 0 
13 351 11 0 
13 328 21 0 
13 168 17 0 
14 335 15 0 
14 295 13 0 
15 330 17 0 
15 319 15 0 
15 270 14 0 
16 360 35 0 
17 420 16 0 
17 406 45 0 
17 259 16 0 
18 476 27 0 
18 448 8 0 
18 410 41 0 
18 391 54 0 
18 372 30 0 
18 297 8 0 
18 223 12 0 
18 190 25 0 
18 173 31 0 
18 20 32 0 
19 436 40 0 
19 420 42 0 
19 189 52 0 
20 330 37 0 
20 81 37 0 
20 28 39 0 
21 498 13 0 
21 374 54 0 
21 278 31 0 
21 175 40 0 
21 134 36 0 
22 173 13 0 
22 56 20 0 
22 29 16 0 
23 498 29 0 
23 293 16 0 
23 226 13 0 
23 142 12 0 
24 333 43 0 
24 328 31 0 
24 301 14 0 
24 296 21 0 
24 245 17 0 
25 316 30 0 
25 91 14 0 
25 77 16 0 
26 230 48 0 
26 198 11 0 
27 424 35 0 
27 352 18 0 
27 103 5 0 
28 475 18 0 
28 390 7 0 
28 389 11 0 
28 356 7 0 
28 209 21 0 
28 172 12 0 
29 421 29 0 
29 295 29 0 
29 252 21 0 
29 156 27 0 
29 146 11 0 
30 313 25 0 
30 248 19 0 
30 98 26 0 
31 327 17 0 
31 257 22 0 
31 128 13 0 
32 447 23 0 
32 416 39 0 
32 337 45 0 
32 89 28 0 
33 445 19 0 
33 344 28 0 
33 73 10 0 
34 408 25 0 
34 374 31 0 
34 227 23 0 
34 159 37 0 
34 49 43 0 
35 451 17 0 
37 494 11 0 
37 328 14 0 
37 154 54 0 
38 485 47 0 
38 455 46 0 
38 103 25 0 
39 490 31 0 
39 333 21 0 
39 242 16 0 
39 138 37 0 
40 458 22 0 
40 205 8 0 
40 166 19 0 
40 94 28 0 
41 474 25 0 
41 466 38 0 
41 421 37 0 
41 136 48 0 
42 304 41 0 
42 140 53 0 
43 442 26 0 
43 67 48 0 
44 472 24 0 
44 413 18 0 
44 405 9 0 
44 357 17 0 
44 329 31 0 
44 146 29 0 
44 50 27 0 
45 454 20 0 
45 282 18 0 
45 272 32 0 
45 248 27 0 
46 499 12 0 
46 287 15 0 
46 127 4 0 
46 124 21 0 
46 48 20 0 
47 319 24 0 
48 439 28 0 
48 420 33 0 
48 319 23 0 
48 286 21 0 
48 285 42 0 
48 92 36 0 
49 451 40 0 
49 392 23 0 
49 260 16 0 
49 126 18 0 
50 460 21 0 
50 309 45 0 
50 214 16 0 
50 65 7 0 
51 484 15 0 
51 258 14 0 
51 112 14 0 
51 108 25 0 
51 78 16 0 
52 414 4 0 
52 332 35 0 
52 245 38 0 
52 215 18 0 
53 273 12 0 
54 365 17 0 
54 337 17 0 
54 325 10 0 
54 270 19 0 
54 249 38 0 
55 492 12 0 
55 352 34 0 
55 236 44 0 
55 67 33 0 
56 336 30 0 
56 318 31 0 
56 220 32 0 
56 135 31 0 
56 80 31 0 
56 74 21 0 
57 391 40 0 
57 302 28 0 
58 410 34 0 
58 389 34 0 
58 241 18 0 
59 413 11 0 
59 257 25 0 
59 106 25 0 
60 333 41 0 
60 281 10 0 
60 196 28 0 
60 152 19 0 
61 398 35 0 
62 485 27 0 
62 328 13 0 
62 224 29 0 
62 219 11 0 
62 85 17 0 
63 467 14 0 
63 410 33 0 
63 280 19 0 
63 272 13 0 
63 176 31 0 
63 104 42 0 
63 70 13 0 
63 65 15 0 
64 482 39 0 
64 290 19 0 
64 270 34 0 
64 268 9 0 
64 222 18 0 
64 115 16 0 
64 67 34 0 
65 95 19 0 
66 489 13 0 
66 339 38 0 
68 493 5 0 
68 410 40 0 
68 329 42 0 
68 292 33 0 
68 77 52 0 
69 368 27 0 
69 107 19 0 
70 370 8 0 
70 303 28 0 
70 239 19 0 
71 366 27 0 
71 155 47 0 
72 347 18 0 
72 221 25 0 
73 386 19 0 
74 453 4 0 
74 293 12 0 
75 479 43 0 
75 431 35 0 
75 394 20 0 
75 387 7 0 
75 316 33 0 
75 153 51 0 
75 116 37 0 
75 100 12 0 
75 96 20 0 
76 335 16 0 
76 132 9 0 
77 473 25 0 
77 409 7 0 
77 388 17 0 
77 372 22 0 
77 118 6 0 
77 85 50 0 
79 255 17 0 
79 164 31 0 
80 467 31 0 
80 435 33 0 
80 311 37 0 
80 243 58 0 
80 199 15 0 
81 410 37 0 
81 302 20 0 
81 138 36 0 
81 108 33 0 
82 206 49 0 
82 132 34 0 
83 315 14 0 
83 302 15 0 
83 174 23 0 
83 157 23 0 
84 410 41 0 
84 403 13 0 
84 348 41 0 
84 323 28 0 
84 227 24 0 
84 223 11 0 
84 134 38 0 
85 482 10 0 
85 435 34 0 
85 134 42 0 
85 109 51 0 
85 96 40 0 
86 431 19 0 
86 390 23 0 
86 309 12 0 
86 246 30 0 
87 204 23 0 
87 144 11 0 
88 419 18 0 
88 416 17 0 
88 296 13 0 
89 457 23 0 
89 439 32 0 
89 303 6 0 
89 291 13 0 
89 247 30 0 
89 162 32 0 
90 407 31 0 
90 400 13 0 
90 145 2 0 
91 224 14 0 
92 371 8 0 
92 306 44 0 
93 320 5 0 
94 476 21 0 
95 488 36 0 
95 312 16 0 
95 278 13 0 
95 101 18 0 
97 230 15 0 
97 163 25 0 
98 426 4 0 
98 400 20 0 
98 109 36 0 
99 368 25 0 
99 230 12 0 
100 468 46 0 
100 368 6 0 
100 294 53 0 
100 175 21 0 
101 482 17 0 
101 463 10 0 
101 460 31 0 
101 442 16 0 
101 409 21 0 
101 279 34 0 
101 236 38 0 
102 463 16 0 
102 174 18 0 
103 382 45 0 
103 308 6 0 
103 259 34 0 
103 216 30 0 
103 170 51 0 
103 152 27 0 
104 488 55 0 
104 409 31 0 
105 331 31 0 
105 177 8 0 
106 353 44 0 
106 298 18 0 
106 276 15 0 
106 263 23 0 
106 258 25 0 
106 254 20 0 
106 235 21 0 
106 197 31 0 
107 458 19 0 
107 440 30 0 
107 250 34 0 
108 463 27 0 
108 447 11 0 
108 416 45 0 
108 309 50 0 
108 286 35 0 
109 380 28 0 
109 195 22 0 
109 138 15 0 
109 111 9 0 
110 486 33 0 
110 199 28 0 
110 192 25 0 
111 338 19 0 
111 264 8 0 
111 138 10 0 
112 484 2 0 
112 382 32 0 
112 381 22 0 
112 345 20 0 
112 231 17 0 
112 201 43 0 
113 325 13 0 
113 175 35 0 
113 163 38 0 
114 271 33 0 
114 172 38 0 
115 316 26 0 
115 192 19 0 
116 342 34 0 
116 239 44 0 
117 438 18 0 
118 439 42 0 
118 432 36 0 
118 355 15 0 
118 181 8 0 
119 479 33 0 
119 452 37 0 
119 297 36 0 
119 283 14 0 
120 473 40 0 
120 155 45 0 
121 464 20 0 
122 473 37 0 
122 234 33 0 
123 427 27 0 
123 424 18 0 
125 267 21 0 
125 239 21 0 
126 385 11 0 
126 337 29 0 
126 183 26 0 
127 478 11 0 
127 459 29 0 
127 269 37 0 
127 214 14 0 
127 196 37 0 
127 156 23 0 
128 448 7 0 
128 377 49 0 
128 201 8 0 
128 176 36 0 
128 168 34 0 
129 408 15 0 
129 363 38 0 
129 263 19 0 
129 213 16 0 
130 338 28 0 
130 227 19 0 
131 301 19 0 
131 290 19 0 
131 224 12 0 
131 170 35 0 
131 165 14 0 
132 469 29 0 
132 466 38 0 
132 421 34 0 
132 151 44 0 
133 408 25 0 
133 218 23 0 
134 483 46 0 
134 336 28 0 
135 480 31 0 
137 466 25 0 
137 384 12 0 
139 492 39 0 
139 327 41 0 
139 270 28 0 
139 264 6 0 
139 222 32 0 
139 219 28 0 
139 181 10 0 
139 141 13 0 
140 452 47 0 
140 323 44 0 
140 280 40 0 
140 271 18 0 
140 181 5 0 
141 378 6 0 
141 371 28 0 
141 333 28 0 
141 262 33 0 
142 351 9 0 
142 283 3 0 
142 184 18 0 
143 415 29 0 
143 222 44 0 
143 180 13 0 
143 177 38 0 
144 451 30 0 
144 271 13 0 
144 261 12 0 
144 219 23 0 
145 397 16 0 
145 377 21 0 
145 320 26 0 
146 367 37 0 
146 366 40 0 
146 200 26 0 
147 499 34 0 
147 429 1 0 
147 184 13 0 
148 378 29 0 
148 371 45 0 
148 343 49 0 
149 412 27 0 
149 211 13 0 
150 489 28 0 
150 479 38 0 
150 355 9 0 
150 264 9 0 
150 167 40 0 
152 389 11 0 
152 342 4 0 
152 270 12 0 
153 440 35 0 
153 285 33 0 
153 267 3 0 
154 386 32 0 
154 258 40 0 
155 253 34 0 
155 213 5 0 
155 164 43 0 
156 233 20 0 
156 185 33 0 
157 339 18 0 
157 216 12 0 
157 196 50 0 
158 371 19 0 
158 356 21 0 
158 224 38 0 
159 498 24 0 
159 416 20 0 
159 392 8 0 
159 353 18 0 
159 216 7 0 
160 341 41 0 
160 316 24 0 
160 245 25 0 
160 244 25 0 
161 472 48 0 
161 246 47 0 
161 245 19 0 
162 432 21 0 
162 300 30 0 
162 297 11 0 
162 284 21 0 
163 395 21 0 
164 383 41 0 
164 341 35 0 
165 396 13 0 
165 333 47 0 
165 225 39 0 
165 168 24 0 
166 327 34 0 
166 261 33 0 
166 193 44 0 
167 446 37 0 
167 437 41 0 
167 380 28 0 
167 228 48 0 
168 303 17 0 
168 169 22 0 
169 392 22 0 
169 368 3 0 
169 203 10 0 
170 450 22 0 
170 316 11 0 
170 261 46 0 
170 199 30 0 
171 223 20 0 
172 322 32 0 
172 229 37 0 
173 490 50 0 
174 443 36 0 
174 423 49 0 
174 412 9 0 
174 335 38 0 
174 318 39 0 
175 442 21 0 
175 370 23 0 
175 322 33 0 
176 216 1 0 
177 396 13 0 
177 382 36 0 
177 328 33 0 
177 194 17 0 
178 315 33 0 
178 265 19 0 
178 228 44 0 
178 181 46 0 
179 413 20 0 
179 387 20 0 
179 368 21 0 
179 355 2 0 
180 352 53 0 
180 196 44 0 
181 431 36 0 
181 380 45 0 
181 318 52 0 
181 301 39 0 
181 199 46 0 
182 439 16 0 
182 392 23 0 
182 190 22 0 
183 420 27 0 
183 213 24 0 
184 291 13 0 
184 204 37 0 
185 453 16 0 
185 383 6 0 
185 285 37 0 
186 485 11 0 
186 235 21 0 
186 226 36 0 
187 366 18 0 
187 273 14 0 
187 269 43 0 
187 243 51 0 
187 216 35 0 
188 482 12 0 
188 437 41 0 
188 346 25 0 
188 213 35 0 
189 406 40 0 
189 348 41 0 
189 340 23 0 
189 266 42 0 
189 224 46 0 
190 452 21 0 
190 364 4 0 
190 354 29 0 
190 321 10 0 
190 257 19 0 
191 435 50 0 
191 257 39 0 
191 227 26 0 
192 442 5 0 
192 386 16 0 
193 482 33 0 
193 220 33 0 
194 312 25 0 
195 432 32 0 
195 407 38 0 
195 232 26 0 
196 434 28 0 
196 371 10 0 
196 243 49 0 
197 479 28 0 
197 382 28 0 
198 288 45 0 
198 270 10 0 
199 490 31 0 
199 383 34 0 
199 375 29 0 
200 499 17 0 
200 449 17 0 
200 270 16 0 
200 260 27 0 
202 263 12 0 
202 205 20 0 
203 412 16 0 
203 392 19 0 
203 379 34 0 
203 341 27 0 
204 488 36 0 
204 408 42 0 
204 391 43 0 
204 351 26 0 
204 335 42 0 
204 329 27 0 
205 406 34 0 
205 388 50 0 
205 380 27 0 
205 298 17 0 
205 275 11 0 
206 410 38 0 
206 272 27 0 
207 415 9 0 
207 410 23 0 
207 353 26 0 
208 363 12 0 
208 299 35 0 
208 268 39 0 
209 305 22 0 
210 402 18 0 
210 388 39 0 
210 379 28 0 
211 310 9 0 
212 325 42 0 
212 321 38 0 
212 264 7 0 
213 415 26 0 
213 357 44 0 
214 467 19 0 
214 242 27 0 
215 455 3 0 
216 473 38 0 
216 388 19 0 
217 318 7 0 
217 296 44 0 
217 281 45 0 
217 254 28 0 
218 458 3 0 
218 268 25 0 
219 441 35 0 
219 373 21 0 
219 367 23 0 
219 342 13 0 
219 301 21 0 
220 425 39 0 
220 255 42 0 
221 442 28 0 
222 416 8 0 
222 407 38 0 
222 280 46 0 
222 248 38 0 
223 324 24 0 
224 495 8 0 
224 308 2 0 
226 439 18 0 
227 412 22 0 
227 389 8 0 
227 277 24 0 
227 271 8 0 
228 397 27 0 
229 422 27 0 
230 375 39 0 
230 359 20 0 
230 287 24 0 
231 446 32 0 
233 476 12 0 
233 343 13 0 
234 494 24 0 
234 456 44 0 
234 439 22 0 
234 321 13 0 
234 313 39 0 
234 245 17 0 
235 466 15 0 
235 322 22 0 
236 496 57 0 
236 392 21 0 
236 388 36 0 
236 357 39 0 
236 354 35 0 
236 252 28 0 
237 452 2 0 
237 428 26 0 
237 338 40 0 
237 245 25 0 
238 444 16 0 
238 348 50 0 
238 293 32 0 
238 262 1 0 
239 417 17 0 
239 345 4 0 
239 334 8 0 
239 328 31 0 
239 266 7 0 
240 381 18 0 
240 259 5 0 
241 350 29 0 
241 291 17 0 
242 471 35 0 
242 294 35 0 
244 481 35 0 
244 334 12 0 
244 325 35 0 
245 340 32 0 
245 317 2 0 
246 450 41 0 
246 390 41 0 
246 304 22 0 
246 302 16 0 
248 452 31 0 
249 368 36 0 
249 292 54 0 
251 458 21 0 
251 350 42 0 
252 378 2 0 
252 275 21 0 
253 497 26 0 
253 490 25 0 
253 474 32 0 
253 395 18 0 
254 322 19 0 
254 268 24 0 
255 481 15 0 
255 462 30 0 
255 410 11 0 
255 332 38 0 
256 452 39 0 
256 391 20 0 
256 341 43 0 
257 307 29 0 
258 483 43 0 
258 407 42 0 
258 356 31 0 
259 424 36 0 
259 423 39 0 
259 342 24 0 
259 290 31 0 
260 363 29 0 
260 267 44 0 
261 480 43 0 
261 473 22 0 
261 281 27 0 
261 278 17 0 
262 378 27 0 
262 322 18 0 
262 298 13 0 
262 272 21 0 
263 393 33 0 
264 483 60 0 
264 279 41 0 
265 355 30 0 
265 344 16 0 
266 497 40 0 
266 291 15 0 
266 268 19 0 
267 417 47 0 
267 388 56 0 
267 281 42 0 
268 449 46 0 
268 366 33 0 
268 351 17 0 
268 299 4 0 
269 482 32 0 
270 472 13 0 
270 345 26 0 
270 300 4 0 
272 447 9 0 
273 473 47 0 
273 422 26 0 
274 319 10 0 
274 293 24 0 
275 456 40 0 
275 399 21 0 
275 299 35 0 
277 380 49 0 
277 341 25 0 
277 324 29 0 
278 423 28 0 
278 422 13 0 
278 394 24 0 
279 483 36 0 
280 305 33 0 
281 458 26 0 
282 409 22 0 
282 360 50 0 
282 337 51 0 
282 300 40 0 
283 421 6 0 
284 377 13 0 
286 393 28 0 
286 342 21 0 
287 416 27 0 
287 395 14 0 
287 312 17 0 
288 295 34 0 
289 417 22 0 
291 386 10 0 
292 342 23 0 
292 327 42 0 
293 369 12 0 
293 354 15 0 
293 322 32 0 
294 431 35 0 
294 413 34 0 
295 461 31 0 
295 458 15 0 
296 453 21 0 
296 388 27 0 
297 385 35 0 
298 337 9 0 
299 486 29 0 
299 399 25 0 
299 380 37 0 
300 446 17 0 
302 494 43 0 
302 443 16 0 
302 426 31 0 
302 419 36 0 
302 352 25 0 
303 461 28 0 
303 304 1 0 
304 320 32 0 
304 312 28 0 
304 307 5 0 
305 439 24 0 
305 400 21 0 
305 371 10 0 
306 485 37 0 
307 498 14 0 
307 492 32 0 
307 463 15 0 
307 432 36 0 
307 404 5 0 
307 341 26 0 
308 449 36 0 
308 391 20 0 
308 346 24 0 
308 316 41 0 
309 376 26 0 
309 330 41 0 
310 345 8 0 
310 312 25 0 
311 488 36 0 
312 425 43 0 
312 359 32 0 
313 490 11 0 
313 384 38 0 
313 329 29 0 
314 460 21 0 
314 408 21 0 
315 452 36 0 
315 421 8 0 
315 352 30 0 
317 411 21 0 
317 391 27 0 
318 387 51 0 
320 462 35 0 
320 398 30 0 
320 355 21 0 
321 489 7 0 
321 326 5 0 
322 409 40 0 
324 426 13 0 
324 340 29 0 
325 402 28 0 
326 485 36 0 
330 431 28 0 
331 407 50 0 
332 413 13 0 
332 396 3 0 
332 351 5 0 
333 480 49 0 
333 374 16 0 
333 357 21 0 
334 453 9 0 
334 444 15 0 
334 440 25 0 
336 461 30 0 
336 348 23 0 
336 339 43 0 
337 432 26 0 
337 428 26 0 
337 372 26 0 
338 490 48 0 
339 444 31 0 
339 352 31 0 
340 499 30 0 
340 451 4 0 
342 440 26 0 
342 417 17 0 
343 372 22 0 
344 404 20 0 
346 476 5 0 
346 454 33 0 
349 488 33 0 
351 498 17 0 
353 475 37 0 
353 456 25 0 
353 373 13 0 
354 461 16 0 
354 385 12 0 
355 462 15 0 
355 368 21 0 
358 478 29 0 
359 451 16 0 
360 421 29 0 
361 498 3 0 
362 391 46 0 
363 388 46 0 
365 384 32 0 
366 382 8 0 
370 484 26 0 
370 479 23 0 
372 476 4 0 
373 430 37 0 
373 374 30 0 
374 443 32 0 
376 476 10 0 
376 438 16 0 
376 401 20 0 
377 426 35 0 
377 380 60 0 
378 454 26 0 
378 439 25 0 
379 497 43 0 
380 451 16 0 
380 425 49 0 
384 491 50 0 
384 457 4 0 
385 472 34 0 
387 490 35 0 
388 406 17 0 
389 448 28 0 
389 438 6 0 
390 457 3 0 
391 395 33 0 
392 491 25 0 
392 410 11 0 
393 444 6 0 
395 436 21 0 
396 459 20 0 
397 492 25 0 
397 402 13 0 
400 428 6 0 
402 426 17 0 
406 486 25 0 
406 464 12 0 
408 455 11 0 
410 437 43 0 
411 454 29 0 
413 431 6 0 
414 459 53 0 
414 427 32 0 
414 419 39 0 
414 418 48 0 
416 433 17 0 
419 428 29 0 
420 432 22 0 
422 470 14 0 
424 425 40 0 
426 452 5 0 
427 484 27 0 
431 444 11 0 
437 496 7 0 
437 491 53 0 
438 443 27 0 
440 466 37 0 
442 456 22 0 
448 489 21 0 
448 486 34 0 
448 467 17 0 
453 482 29 0 
454 457 17 0 
455 465 34 0 
456 462 1 0 
461 468 26 0 
464 490 35 0 
469 473 50 0 
471 477 38 0 
474 488 45 0 
487 492 24 0 
