#GRAPH (#nodes #edges id uu vv ww xx yy zz):
#500 2120 geo(0,{500,50,3,0.008,0.000,0.000}) 50 
#
VERTICES (index name u v w x y z):
0 0 24 9 
1 1 1 42 
2 2 1 22 
3 3 38 26 
4 4 11 25 
5 5 0 46 
6 6 12 8 
7 7 22 46 
8 8 21 48 
9 9 29 12 
10 10 20 48 
11 11 17 42 
12 12 13 34 
13 13 29 41 
14 14 42 39 
15 15 49 23 
16 16 38 23 
17 17 45 32 
18 18 29 20 
19 19 35 38 
20 20 27 8 
21 21 21 12 
22 22 17 22 
23 23 9 43 
24 24 25 25 
25 25 4 5 
26 26 25 39 
27 27 36 24 
28 28 43 17 
29 29 31 45 
30 30 9 3 
31 31 27 32 
32 32 3 49 
33 33 15 5 
34 34 28 13 
35 35 19 21 
36 36 40 41 
37 37 43 23 
38 38 11 37 
39 39 26 48 
40 40 14 32 
41 41 11 4 
42 42 11 33 
43 43 49 29 
44 44 22 1 
45 45 29 7 
46 46 30 7 
47 47 25 0 
48 48 6 38 
49 49 3 16 
50 50 37 31 
51 51 19 42 
52 52 5 25 
53 53 1 34 
54 54 13 3 
55 55 1 4 
56 56 39 25 
57 57 16 39 
58 58 6 2 
59 59 48 0 
60 60 29 31 
61 61 9 1 
62 62 33 26 
63 63 24 31 
64 64 20 29 
65 65 4 39 
66 66 26 31 
67 67 23 37 
68 68 26 4 
69 69 45 23 
70 70 34 3 
71 71 18 32 
72 72 46 25 
73 73 28 43 
74 74 45 7 
75 75 21 49 
76 76 34 28 
77 77 0 42 
78 78 39 21 
79 79 47 13 
80 80 30 18 
81 81 41 22 
82 82 22 36 
83 83 20 23 
84 84 30 14 
85 85 36 36 
86 86 15 2 
87 87 32 7 
88 88 31 27 
89 89 3 32 
90 90 26 36 
91 91 2 45 
92 92 12 29 
93 93 32 1 
94 94 3 43 
95 95 7 42 
96 96 20 28 
97 97 12 43 
98 98 14 5 
99 99 19 26 
100 100 45 45 
101 101 28 47 
102 102 20 5 
103 103 15 46 
104 104 24 28 
105 105 10 20 
106 106 9 6 
107 107 23 21 
108 108 30 9 
109 109 32 30 
110 110 10 41 
111 111 15 32 
112 112 12 10 
113 113 13 24 
114 114 27 27 
115 115 13 4 
116 116 16 11 
117 117 2 24 
118 118 43 18 
119 119 40 11 
120 120 4 40 
121 121 11 39 
122 122 49 48 
123 123 6 24 
124 124 21 41 
125 125 23 3 
126 126 44 25 
127 127 9 42 
128 128 2 25 
129 129 14 12 
130 130 5 5 
131 131 44 46 
132 132 15 12 
133 133 47 26 
134 134 27 18 
135 135 8 0 
136 136 49 5 
137 137 25 37 
138 138 14 15 
139 139 18 22 
140 140 43 45 
141 141 39 1 
142 142 39 19 
143 143 32 14 
144 144 5 47 
145 145 9 47 
146 146 44 12 
147 147 1 32 
148 148 29 5 
149 149 14 26 
150 150 16 45 
151 151 42 41 
152 152 29 32 
153 153 36 10 
154 154 13 47 
155 155 27 33 
156 156 35 22 
157 157 7 12 
158 158 15 19 
159 159 34 33 
160 160 29 2 
161 161 32 38 
162 162 2 3 
163 163 31 32 
164 164 49 35 
165 165 38 18 
166 166 28 26 
167 167 30 19 
168 168 38 40 
169 169 5 41 
170 170 38 25 
171 171 10 30 
172 172 16 3 
173 173 17 17 
174 174 49 46 
175 175 37 42 
176 176 40 24 
177 177 5 49 
178 178 46 48 
179 179 39 17 
180 180 41 30 
181 181 41 28 
182 182 17 7 
183 183 38 22 
184 184 14 4 
185 185 16 5 
186 186 34 47 
187 187 44 43 
188 188 29 29 
189 189 22 44 
190 190 17 20 
191 191 44 18 
192 192 21 35 
193 193 0 27 
194 194 43 7 
195 195 36 28 
196 196 22 47 
197 197 19 32 
198 198 36 4 
199 199 6 9 
200 200 44 32 
201 201 9 8 
202 202 25 20 
203 203 9 26 
204 204 20 1 
205 205 40 38 
206 206 5 46 
207 207 27 24 
208 208 19 12 
209 209 4 6 
210 210 25 22 
211 211 5 30 
212 212 5 27 
213 213 46 5 
214 214 6 12 
215 215 27 1 
216 216 23 45 
217 217 49 43 
218 218 16 6 
219 219 35 42 
220 220 28 10 
221 221 42 14 
222 222 38 0 
223 223 43 39 
224 224 46 10 
225 225 14 30 
226 226 39 30 
227 227 4 24 
228 228 34 5 
229 229 31 3 
230 230 28 6 
231 231 26 26 
232 232 5 28 
233 233 9 21 
234 234 31 23 
235 235 44 15 
236 236 21 22 
237 237 0 22 
238 238 37 15 
239 239 7 2 
240 240 15 20 
241 241 44 11 
242 242 36 26 
243 243 49 39 
244 244 10 32 
245 245 33 19 
246 246 12 24 
247 247 5 32 
248 248 25 12 
249 249 44 19 
250 250 28 29 
251 251 49 3 
252 252 26 1 
253 253 49 18 
254 254 14 9 
255 255 33 15 
256 256 31 9 
257 257 18 3 
258 258 45 48 
259 259 21 36 
260 260 46 39 
261 261 29 18 
262 262 8 33 
263 263 47 28 
264 264 4 11 
265 265 23 9 
266 266 45 46 
267 267 8 6 
268 268 24 33 
269 269 2 32 
270 270 25 3 
271 271 10 39 
272 272 12 2 
273 273 16 27 
274 274 48 4 
275 275 27 25 
276 276 24 6 
277 277 30 28 
278 278 7 15 
279 279 32 37 
280 280 12 28 
281 281 9 30 
282 282 48 32 
283 283 35 32 
284 284 4 48 
285 285 9 34 
286 286 4 36 
287 287 36 34 
288 288 0 18 
289 289 33 42 
290 290 45 40 
291 291 42 15 
292 292 48 37 
293 293 1 14 
294 294 35 5 
295 295 9 24 
296 296 4 25 
297 297 22 16 
298 298 23 7 
299 299 17 15 
300 300 5 15 
301 301 7 31 
302 302 42 38 
303 303 19 5 
304 304 42 28 
305 305 18 47 
306 306 22 15 
307 307 29 21 
308 308 30 49 
309 309 2 20 
310 310 41 34 
311 311 49 30 
312 312 4 49 
313 313 36 19 
314 314 44 27 
315 315 8 12 
316 316 6 33 
317 317 3 12 
318 318 0 5 
319 319 44 14 
320 320 43 25 
321 321 39 22 
322 322 21 24 
323 323 30 37 
324 324 48 31 
325 325 48 28 
326 326 5 13 
327 327 26 20 
328 328 7 40 
329 329 33 12 
330 330 27 4 
331 331 1 29 
332 332 1 8 
333 333 12 3 
334 334 28 11 
335 335 36 27 
336 336 15 27 
337 337 8 44 
338 338 3 22 
339 339 20 30 
340 340 23 27 
341 341 18 18 
342 342 12 48 
343 343 20 20 
344 344 35 47 
345 345 40 28 
346 346 46 16 
347 347 40 22 
348 348 20 10 
349 349 36 13 
350 350 9 12 
351 351 49 6 
352 352 13 41 
353 353 37 45 
354 354 42 29 
355 355 43 29 
356 356 14 41 
357 357 41 18 
358 358 34 19 
359 359 12 35 
360 360 17 43 
361 361 12 20 
362 362 46 22 
363 363 27 42 
364 364 23 8 
365 365 9 20 
366 366 13 8 
367 367 15 42 
368 368 18 36 
369 369 27 15 
370 370 15 30 
371 371 8 15 
372 372 30 31 
373 373 26 7 
374 374 17 32 
375 375 1 23 
376 376 31 33 
377 377 6 49 
378 378 8 24 
379 379 36 49 
380 380 5 17 
381 381 20 42 
382 382 20 21 
383 383 18 44 
384 384 49 36 
385 385 18 38 
386 386 11 24 
387 387 23 39 
388 388 31 11 
389 389 7 43 
390 390 24 26 
391 391 7 22 
392 392 21 20 
393 393 0 39 
394 394 43 46 
395 395 39 40 
396 396 30 36 
397 397 47 5 
398 398 45 39 
399 399 29 26 
400 400 36 17 
401 401 29 38 
402 402 4 9 
403 403 14 2 
404 404 37 14 
405 405 47 12 
406 406 28 25 
407 407 35 17 
408 408 10 23 
409 409 10 9 
410 410 3 25 
411 411 4 18 
412 412 43 49 
413 413 10 34 
414 414 18 8 
415 415 12 45 
416 416 34 49 
417 417 34 24 
418 418 24 7 
419 419 2 16 
420 420 37 9 
421 421 35 7 
422 422 25 13 
423 423 0 49 
424 424 41 0 
425 425 39 28 
426 426 4 44 
427 427 4 17 
428 428 8 23 
429 429 44 3 
430 430 5 40 
431 431 44 48 
432 432 47 48 
433 433 49 21 
434 434 15 28 
435 435 45 2 
436 436 18 34 
437 437 46 43 
438 438 10 18 
439 439 27 12 
440 440 29 25 
441 441 29 3 
442 442 24 14 
443 443 47 24 
444 444 21 21 
445 445 27 10 
446 446 13 6 
447 447 40 48 
448 448 21 23 
449 449 1 43 
450 450 28 4 
451 451 11 43 
452 452 27 39 
453 453 26 34 
454 454 44 24 
455 455 26 21 
456 456 2 15 
457 457 41 11 
458 458 39 2 
459 459 12 49 
460 460 26 16 
461 461 14 10 
462 462 4 4 
463 463 31 26 
464 464 46 34 
465 465 18 49 
466 466 1 39 
467 467 23 47 
468 468 7 1 
469 469 2 46 
470 470 47 45 
471 471 42 47 
472 472 15 26 
473 473 31 38 
474 474 22 45 
475 475 7 19 
476 476 11 16 
477 477 49 37 
478 478 46 31 
479 479 12 12 
480 480 28 1 
481 481 13 19 
482 482 32 48 
483 483 43 36 
484 484 47 7 
485 485 6 32 
486 486 5 18 
487 487 34 46 
488 488 16 43 
489 489 0 21 
490 490 20 4 
491 491 30 22 
492 492 14 48 
493 493 21 31 
494 494 19 11 
495 495 27 9 
496 496 40 33 
497 497 17 1 
498 498 14 8 
499 499 27 3 
#
EDGES (from-node to-node length a b):
0 234 16 0 
0 162 23 0 
1 123 19 0 
2 459 29 0 
2 283 35 0 
2 137 28 0 
2 75 34 0 
3 249 9 0 
3 119 15 0 
4 304 31 0 
4 129 13 0 
5 481 30 0 
5 96 27 0 
6 437 49 0 
6 366 1 0 
6 358 25 0 
6 172 6 0 
6 66 27 0 
6 47 15 0 
7 480 45 0 
7 385 9 0 
7 277 20 0 
7 213 48 0 
7 204 45 0 
8 485 22 0 
8 458 49 0 
8 344 14 0 
8 333 46 0 
8 139 26 0 
8 38 15 0 
9 379 38 0 
9 367 33 0 
9 329 4 0 
9 154 38 0 
10 492 6 0 
10 399 24 0 
10 206 15 0 
10 113 25 0 
10 84 35 0 
10 73 9 0 
11 390 17 0 
11 316 14 0 
11 253 40 0 
11 160 42 0 
12 393 14 0 
12 316 7 0 
12 128 14 0 
13 494 32 0 
13 413 20 0 
13 259 9 0 
14 488 26 0 
14 239 51 0 
14 150 27 0 
15 282 9 0 
15 201 43 0 
15 114 22 0 
15 22 32 0 
16 410 35 0 
16 393 41 0 
16 319 11 0 
17 388 25 0 
17 385 28 0 
17 356 32 0 
17 331 44 0 
17 298 33 0 
17 196 27 0 
17 155 18 0 
18 257 20 0 
19 305 19 0 
19 127 26 0 
19 85 2 0 
20 494 9 0 
20 432 45 0 
20 359 31 0 
20 224 19 0 
20 153 9 0 
20 27 18 0 
21 209 18 0 
23 445 38 0 
23 393 10 0 
23 300 28 0 
23 287 28 0 
23 179 40 0 
23 99 20 0 
23 24 24 0 
24 348 16 0 
24 338 22 0 
24 248 13 0 
24 197 9 0 
24 162 32 0 
24 83 5 0 
24 25 29 0 
25 463 34 0 
25 440 32 0 
25 152 37 0 
25 92 25 0 
25 44 18 0 
26 392 19 0 
27 454 8 0 
27 368 22 0 
27 319 13 0 
27 152 11 0 
27 64 17 0 
28 325 12 0 
28 242 11 0 
29 485 28 0 
29 447 9 0 
29 311 23 0 
29 73 4 0 
30 440 30 0 
30 257 9 0 
30 188 33 0 
30 167 26 0 
30 64 28 0 
31 492 21 0 
31 343 14 0 
31 249 21 0 
32 480 54 0 
32 413 17 0 
32 341 34 0 
32 244 18 0 
33 407 23 0 
33 378 20 0 
33 112 6 0 
34 451 34 0 
34 357 14 0 
34 159 21 0 
35 44 20 0 
36 434 28 0 
36 345 13 0 
36 320 16 0 
36 312 37 0 
36 247 36 0 
36 240 33 0 
36 234 20 0 
36 178 9 0 
37 452 23 0 
37 291 8 0 
37 269 42 0 
37 268 21 0 
37 263 6 0 
37 240 28 0 
38 456 24 0 
38 366 29 0 
39 269 29 0 
39 159 17 0 
39 63 17 0 
40 357 30 0 
40 194 38 0 
40 48 10 0 
41 496 41 0 
41 317 11 0 
41 277 31 0 
41 259 34 0 
41 172 5 0 
42 161 22 0 
42 69 35 0 
43 202 26 0 
43 109 17 0 
44 391 26 0 
44 380 23 0 
44 212 31 0 
44 145 48 0 
44 133 35 0 
45 466 43 0 
46 416 42 0 
47 458 14 0 
47 140 48 0 
48 491 29 0 
48 307 29 0 
48 229 43 0 
48 140 38 0 
49 457 38 0 
49 334 25 0 
50 422 22 0 
50 395 9 0 
50 233 30 0 
50 160 30 0 
50 90 12 0 
50 64 17 0 
51 418 35 0 
51 357 33 0 
51 344 17 0 
52 417 29 0 
52 298 25 0 
52 148 31 0 
53 389 11 0 
53 366 29 0 
53 315 23 0 
53 294 45 0 
53 292 47 0 
53 225 14 0 
54 297 16 0 
54 243 51 0 
54 236 21 0 
54 65 37 0 
55 367 40 0 
56 288 40 0 
56 274 23 0 
56 180 5 0 
56 151 16 0 
57 395 23 0 
57 358 27 0 
57 355 29 0 
57 136 47 0 
58 453 38 0 
58 440 33 0 
58 428 21 0 
58 389 41 0 
58 250 35 0 
58 192 36 0 
58 185 10 0 
59 494 31 0 
59 483 36 0 
59 403 34 0 
59 196 54 0 
59 125 25 0 
59 86 33 0 
59 77 64 0 
60 460 15 0 
60 432 25 0 
60 229 28 0 
60 139 14 0 
61 97 42 0 
62 347 8 0 
62 179 11 0 
62 177 36 0 
63 474 14 0 
63 359 13 0 
63 249 23 0 
63 206 24 0 
64 433 30 0 
64 351 37 0 
64 200 24 0 
65 220 38 0 
65 214 27 0 
66 474 15 0 
66 116 22 0 
67 418 30 0 
67 356 10 0 
67 336 13 0 
68 480 4 0 
68 470 46 0 
68 423 52 0 
68 324 35 0 
68 262 34 0 
68 95 42 0 
69 489 45 0 
69 487 25 0 
69 474 32 0 
69 315 39 0 
69 263 5 0 
69 205 16 0 
70 492 49 0 
70 368 37 0 
70 304 26 0 
70 174 46 0 
70 121 43 0 
70 85 33 0 
71 470 32 0 
71 459 18 0 
71 421 30 0 
71 406 12 0 
71 333 30 0 
71 235 31 0 
71 171 8 0 
71 108 26 0 
71 86 30 0 
72 99 27 0 
73 326 38 0 
73 257 41 0 
74 304 21 0 
74 224 3 0 
74 204 26 0 
74 182 28 0 
74 132 30 0 
74 99 32 0 
74 87 13 0 
75 499 46 0 
75 376 19 0 
75 357 37 0 
75 258 24 0 
76 267 34 0 
76 244 24 0 
77 450 47 0 
77 407 43 0 
77 367 15 0 
77 201 35 0 
77 90 27 0 
78 468 38 0 
78 305 33 0 
78 154 37 0 
78 146 10 0 
79 498 33 0 
79 296 45 0 
79 248 22 0 
79 235 4 0 
79 124 38 0 
80 239 28 0 
80 235 14 0 
80 222 20 0 
81 291 7 0 
81 232 36 0 
82 432 28 0 
82 398 23 0 
83 479 14 0 
83 431 35 0 
83 382 2 0 
83 251 35 0 
83 163 14 0 
83 91 28 0 
84 426 40 0 
84 262 29 0 
84 134 5 0 
84 103 35 0 
85 486 36 0 
85 416 13 0 
85 296 34 0 
86 454 36 0 
86 428 22 0 
86 183 30 0 
87 273 26 0 
87 219 35 0 
87 203 30 0 
87 93 6 0 
88 427 29 0 
88 381 19 0 
88 122 28 0 
89 457 43 0 
89 405 48 0 
89 389 12 0 
89 295 10 0 
89 179 39 0 
90 488 12 0 
91 93 53 0 
92 369 21 0 
92 326 17 0 
92 256 28 0 
92 207 16 0 
92 120 14 0 
93 489 38 0 
93 363 41 0 
93 307 20 0 
93 266 47 0 
93 109 29 0 
94 333 41 0 
94 232 15 0 
95 230 42 0 
95 185 38 0 
95 139 23 0 
95 116 32 0 
95 114 25 0 
96 412 31 0 
96 345 20 0 
96 239 29 0 
96 159 15 0 
97 108 38 0 
98 472 21 0 
98 457 28 0 
98 451 38 0 
98 334 15 0 
99 469 26 0 
99 375 18 0 
99 368 10 0 
99 189 18 0 
100 469 43 0 
100 377 39 0 
100 158 40 0 
101 391 33 0 
101 358 29 0 
102 490 1 0 
102 423 48 0 
102 399 23 0 
102 206 44 0 
102 183 25 0 
103 309 29 0 
103 137 13 0 
104 464 23 0 
104 438 17 0 
104 294 25 0 
104 256 20 0 
104 221 23 0 
104 116 19 0 
105 207 17 0 
106 414 9 0 
106 344 49 0 
106 297 16 0 
106 285 28 0 
106 149 21 0 
107 448 3 0 
108 304 22 0 
108 237 33 0 
108 111 27 0 
108 109 21 0 
109 485 26 0 
109 407 13 0 
109 401 9 0 
109 345 8 0 
109 333 34 0 
109 256 21 0 
109 255 15 0 
110 477 39 0 
110 453 17 0 
110 449 9 0 
110 165 36 0 
110 148 41 0 
111 390 11 0 
111 277 16 0 
111 271 9 0 
111 142 27 0 
112 429 33 0 
112 383 35 0 
112 124 32 0 
113 382 8 0 
113 345 27 0 
114 491 6 0 
114 476 19 0 
114 384 24 0 
114 268 7 0 
114 222 29 0 
114 138 18 0 
115 401 38 0 
115 247 29 0 
115 164 48 0 
116 476 7 0 
117 430 16 0 
117 366 19 0 
117 218 23 0 
117 215 34 0 
118 427 39 0 
118 308 34 0 
118 184 32 0 
118 123 37 0 
119 498 26 0 
119 397 9 0 
119 368 33 0 
119 217 33 0 
119 187 32 0 
120 439 36 0 
120 424 54 0 
120 411 22 0 
120 362 46 0 
120 330 43 0 
120 313 38 0 
121 480 42 0 
121 460 27 0 
121 425 30 0 
121 394 33 0 
121 327 24 0 
121 316 8 0 
121 241 43 0 
121 239 37 0 
122 464 14 0 
122 442 42 0 
122 351 42 0 
122 216 26 0 
123 472 9 0 
123 173 13 0 
124 347 27 0 
125 460 13 0 
125 379 48 0 
125 234 22 0 
125 169 42 0 
125 133 33 0 
126 494 29 0 
126 486 40 0 
126 455 18 0 
126 271 37 0 
126 186 24 0 
127 479 30 0 
127 240 23 0 
128 493 20 0 
128 491 28 0 
128 337 20 0 
129 346 32 0 
129 294 22 0 
129 164 42 0 
129 156 23 0 
129 147 24 0 
130 227 19 0 
130 220 24 0 
131 349 34 0 
131 328 37 0 
131 307 29 0 
131 237 50 0 
132 427 12 0 
132 378 14 0 
132 314 33 0 
133 407 15 0 
133 246 35 0 
133 232 42 0 
134 265 10 0 
134 177 38 0 
135 438 18 0 
135 227 24 0 
135 146 38 0 
136 376 33 0 
136 138 36 0 
137 390 11 0 
137 193 27 0 
137 177 23 0 
137 159 10 0 
138 471 43 0 
138 464 37 0 
138 179 25 0 
139 456 17 0 
139 394 35 0 
139 314 26 0 
139 269 19 0 
139 146 28 0 
140 424 45 0 
140 383 25 0 
141 391 38 0 
141 255 15 0 
142 383 33 0 
142 226 11 0 
142 154 38 0 
143 488 33 0 
143 300 27 0 
144 439 41 0 
144 298 44 0 
145 323 23 0 
145 301 16 0 
145 273 21 0 
145 270 47 0 
145 172 45 0 
146 491 17 0 
146 272 34 0 
146 227 42 0 
147 357 42 0 
147 218 30 0 
147 189 24 0 
147 187 44 0 
148 411 28 0 
148 215 4 0 
148 185 13 0 
149 490 23 0 
149 439 19 0 
149 374 7 0 
149 169 17 0 
151 393 42 0 
151 337 34 0 
151 256 34 0 
151 239 52 0 
152 491 10 0 
152 413 19 0 
152 305 19 0 
152 238 19 0 
152 177 29 0 
153 244 34 0 
154 340 22 0 
154 328 9 0 
154 283 27 0 
155 479 26 0 
155 215 32 0 
156 330 20 0 
156 279 15 0 
157 476 6 0 
157 174 54 0 
158 482 34 0 
158 230 18 0 
159 440 9 0 
159 307 13 0 
159 301 27 0 
159 296 31 0 
159 161 5 0 
160 451 45 0 
160 317 28 0 
161 431 16 0 
161 190 23 0 
162 457 40 0 
162 286 33 0 
162 279 45 0 
162 204 18 0 
162 191 45 0 
163 382 16 0 
163 367 19 0 
164 434 35 0 
164 354 9 0 
164 322 30 0 
164 309 49 0 
165 450 17 0 
165 376 17 0 
165 356 33 0 
166 445 16 0 
167 495 10 0 
167 448 10 0 
167 441 16 0 
167 426 36 0 
167 407 5 0 
167 382 10 0 
167 251 25 0 
167 189 26 0 
168 481 33 0 
168 233 35 0 
168 181 12 0 
169 470 42 0 
169 356 9 0 
169 300 26 0 
169 269 9 0 
169 242 34 0 
170 449 41 0 
170 327 13 0 
170 297 18 0 
170 245 8 0 
171 478 36 0 
171 444 14 0 
171 426 15 0 
171 330 31 0 
171 214 18 0 
172 251 33 0 
173 299 2 0 
173 237 18 0 
174 420 39 0 
174 417 27 0 
174 263 18 0 
175 484 36 0 
175 331 38 0 
176 323 16 0 
177 401 26 0 
178 455 34 0 
178 356 33 0 
178 279 18 0 
179 422 15 0 
179 358 5 0 
179 248 15 0 
179 225 28 0 
180 489 42 0 
180 488 28 0 
180 439 23 0 
180 331 40 0 
181 370 26 0 
181 323 14 0 
181 267 40 0 
182 377 43 0 
182 228 17 0 
183 433 11 0 
184 483 43 0 
185 305 42 0 
185 289 41 0 
186 393 35 0 
186 271 25 0 
187 443 19 0 
187 321 22 0 
187 284 40 0 
187 247 41 0 
187 235 28 0 
188 382 12 0 
189 335 22 0 
189 329 34 0 
189 298 37 0 
189 251 49 0 
190 440 13 0 
190 369 11 0 
191 426 48 0 
191 421 14 0 
191 324 14 0 
192 430 17 0 
192 398 24 0 
192 339 5 0 
192 238 26 0 
194 476 33 0 
194 439 17 0 
194 223 32 0 
195 343 18 0 
196 296 28 0 
196 288 36 0 
197 484 38 0 
197 352 11 0 
197 339 2 0 
198 384 35 0 
199 241 38 0 
200 201 42 0 
202 261 4 0 
203 365 6 0 
203 277 21 0 
206 498 39 0 
206 478 44 0 
206 276 44 0 
206 238 45 0 
207 476 18 0 
207 425 13 0 
207 387 16 0 
207 365 18 0 
207 334 13 0 
207 303 21 0 
207 294 21 0 
207 238 13 0 
207 232 22 0 
207 216 21 0 
208 450 12 0 
208 321 22 0 
208 222 22 0 
209 265 19 0 
210 434 12 0 
210 314 20 0 
211 449 14 0 
211 252 36 0 
212 491 25 0 
212 452 25 0 
213 456 45 0 
213 366 33 0 
214 428 11 0 
214 386 13 0 
214 364 17 0 
214 357 36 0 
217 242 21 0 
217 231 29 0 
218 470 50 0 
218 374 26 0 
219 497 45 0 
219 496 10 0 
219 441 39 0 
219 393 35 0 
219 318 51 0 
219 301 30 0 
219 293 44 0 
220 428 24 0 
220 294 9 0 
221 365 34 0 
221 363 32 0 
221 312 52 0 
221 262 39 0 
222 475 36 0 
222 396 37 0 
222 369 19 0 
222 312 60 0 
222 238 15 0 
223 261 25 0 
224 303 27 0 
224 255 14 0 
225 399 16 0 
225 300 17 0 
225 285 6 0 
226 374 22 0 
226 281 30 0 
227 456 9 0 
227 266 47 0 
229 443 26 0 
230 491 16 0 
232 312 21 0 
233 394 42 0 
233 383 25 0 
233 337 23 0 
233 296 6 0 
233 269 13 0 
234 468 33 0 
234 352 25 0 
234 346 17 0 
234 264 30 0 
235 458 14 0 
235 370 33 0 
235 331 45 0 
235 302 23 0 
236 440 9 0 
236 381 20 0 
236 345 20 0 
236 320 22 0 
236 254 15 0 
237 408 10 0 
237 376 33 0 
237 309 3 0 
237 265 26 0 
237 244 14 0 
238 367 35 0 
238 356 35 0 
238 308 35 0 
238 258 34 0 
239 492 47 0 
239 427 15 0 
239 426 42 0 
241 490 25 0 
241 437 32 0 
241 313 11 0 
242 342 33 0 
242 280 24 0 
242 262 29 0 
243 473 18 0 
243 254 46 0 
244 448 14 0 
245 369 7 0 
245 361 21 0 
245 321 7 0 
245 312 42 0 
245 265 14 0 
247 420 39 0 
248 490 9 0 
249 393 48 0 
249 381 33 0 
249 377 48 0 
249 263 9 0 
250 496 13 0 
250 346 22 0 
250 307 8 0 
250 294 25 0 
250 290 20 0 
251 336 42 0 
251 315 42 0 
252 447 49 0 
252 387 38 0 
253 453 28 0 
253 378 41 0 
253 349 14 0 
254 420 23 0 
254 336 18 0 
254 280 19 0 
255 467 34 0 
255 361 22 0 
255 294 10 0 
256 494 12 0 
256 436 28 0 
256 341 16 0 
256 320 20 0 
257 272 6 0 
258 470 4 0 
258 356 32 0 
259 477 28 0 
259 367 8 0 
260 343 32 0 
260 339 28 0 
261 373 11 0 
261 360 28 0 
262 352 9 0 
263 491 18 0 
263 403 42 0 
264 463 31 0 
264 456 4 0 
264 311 49 0 
265 310 31 0 
266 465 27 0 
266 441 46 0 
267 328 34 0 
269 485 4 0 
269 459 20 0 
269 412 44 0 
270 387 36 0 
271 376 22 0 
272 484 35 0 
272 426 43 0 
272 351 37 0 
272 316 32 0 
272 287 40 0 
273 434 1 0 
273 422 17 0 
273 291 29 0 
274 496 30 0 
274 374 42 0 
274 279 37 0 
275 480 24 0 
275 393 30 0 
275 338 24 0 
275 312 33 0 
275 307 4 0 
276 392 14 0 
276 379 45 0 
277 441 25 0 
277 407 12 0 
277 396 8 0 
278 399 25 0 
278 302 42 0 
280 470 39 0 
280 469 21 0 
281 476 14 0 
281 321 31 0 
281 295 6 0 
283 434 20 0 
284 471 38 0 
284 376 31 0 
284 371 33 0 
285 390 17 0 
286 403 35 0 
287 354 8 0 
288 470 54 0 
288 383 32 0 
288 310 44 0 
290 319 26 0 
291 415 42 0 
292 367 33 0 
293 306 21 0 
295 388 26 0 
295 298 22 0 
296 499 32 0 
296 329 32 0 
297 468 21 0 
298 313 18 0 
299 444 7 0 
299 440 16 0 
299 437 40 0 
299 329 16 0 
300 399 26 0 
302 480 40 0 
303 485 30 0 
303 470 49 0 
303 461 7 0 
303 446 6 0 
303 391 21 0 
303 304 33 0 
304 463 11 0 
304 416 22 0 
305 309 31 0 
306 417 15 0 
307 473 17 0 
307 468 30 0 
307 464 21 0 
309 379 45 0 
309 369 25 0 
311 453 23 0 
311 330 34 0 
312 460 40 0 
312 365 29 0 
313 416 30 0 
313 355 12 0 
314 316 38 0 
316 477 43 0 
316 361 14 0 
317 458 37 0 
317 423 37 0 
318 422 26 0 
318 370 29 0 
318 360 42 0 
319 428 37 0 
320 460 19 0 
321 454 5 0 
323 465 17 0 
323 446 35 0 
323 379 13 0 
323 368 12 0 
324 403 45 0 
325 496 9 0 
325 424 29 0 
325 413 38 0 
328 460 31 0 
328 445 36 0 
328 382 23 0 
328 369 32 0 
329 471 36 0 
329 420 5 0 
329 409 23 0 
330 343 17 0 
331 396 30 0 
331 371 16 0 
332 382 23 0 
333 424 29 0 
335 488 26 0 
335 437 19 0 
335 433 14 0 
337 484 54 0 
338 399 26 0 
338 365 6 0 
341 412 40 0 
342 425 34 0 
343 397 31 0 
343 395 28 0 
344 488 19 0 
344 386 33 0 
344 357 30 0 
345 453 15 0 
345 410 37 0 
347 479 30 0 
347 405 12 0 
347 387 24 0 
347 363 24 0 
348 414 3 0 
349 416 36 0 
350 386 12 0 
353 466 36 0 
354 359 31 0 
355 392 24 0 
356 440 22 0 
356 371 27 0 
356 361 21 0 
357 487 29 0 
357 469 48 0 
357 454 7 0 
357 402 38 0 
358 493 18 0 
360 416 18 0 
360 397 48 0 
360 376 17 0 
361 404 26 0 
362 442 23 0 
362 394 24 0 
362 381 33 0 
363 473 6 0 
364 397 24 0 
367 460 28 0 
367 396 16 0 
372 472 16 0 
372 444 13 0 
373 452 32 0 
374 417 19 0 
375 473 34 0 
376 462 40 0 
377 483 39 0 
377 423 6 0 
378 478 39 0 
381 457 37 0 
382 497 20 0 
382 403 20 0 
382 400 16 0 
383 415 6 0 
383 414 36 0 
384 479 44 0 
385 498 30 0 
385 387 5 0 
388 435 17 0 
390 499 23 0 
391 404 31 0 
393 442 35 0 
394 496 13 0 
395 495 33 0 
395 490 41 0 
397 419 46 0 
397 414 29 0 
399 428 21 0 
400 474 31 0 
401 445 28 0 
401 426 26 0 
402 483 47 0 
403 487 48 0 
403 461 8 0 
404 493 23 0 
405 437 31 0 
405 412 37 0 
407 489 35 0 
407 486 30 0 
408 449 22 0 
409 455 20 0 
410 482 37 0 
410 422 25 0 
412 498 50 0 
412 458 47 0 
413 487 27 0 
413 486 17 0 
414 440 20 0 
415 461 35 0 
417 460 11 0 
420 463 18 0 
423 495 48 0 
424 442 22 0 
424 441 12 0 
425 495 22 0 
428 462 19 0 
428 442 18 0 
431 465 26 0 
433 441 27 0 
435 494 28 0 
437 467 23 0 
443 458 23 0 
449 470 46 0 
450 456 28 0 
452 491 17 0 
454 468 44 0 
455 470 32 0 
460 478 25 0 
461 481 9 0 
464 499 36 0 
464 481 36 0 
466 471 42 0 
467 496 22 0 
