#GRAPH (#nodes #edges id uu vv ww xx yy zz):
#500 1970 geo(0,{500,50,3,0.008,0.000,0.000}) 50 
#
VERTICES (index name u v w x y z):
0 0 16 10 
1 1 41 19 
2 2 14 27 
3 3 18 4 
4 4 7 6 
5 5 4 30 
6 6 38 17 
7 7 14 11 
8 8 40 41 
9 9 30 38 
10 10 4 39 
11 11 39 47 
12 12 2 25 
13 13 28 45 
14 14 41 9 
15 15 29 12 
16 16 13 6 
17 17 41 1 
18 18 45 26 
19 19 40 9 
20 20 32 18 
21 21 29 11 
22 22 38 25 
23 23 1 13 
24 24 25 17 
25 25 7 31 
26 26 18 35 
27 27 18 47 
28 28 29 46 
29 29 36 27 
30 30 5 21 
31 31 44 10 
32 32 28 9 
33 33 37 12 
34 34 12 4 
35 35 20 18 
36 36 7 36 
37 37 14 37 
38 38 18 29 
39 39 42 44 
40 40 40 18 
41 41 41 39 
42 42 5 25 
43 43 31 5 
44 44 19 15 
45 45 45 4 
46 46 21 7 
47 47 12 10 
48 48 2 43 
49 49 46 2 
50 50 11 40 
51 51 25 38 
52 52 12 6 
53 53 34 23 
54 54 5 39 
55 55 30 6 
56 56 35 26 
57 57 6 41 
58 58 5 31 
59 59 47 20 
60 60 16 34 
61 61 15 36 
62 62 12 9 
63 63 36 37 
64 64 5 1 
65 65 47 43 
66 66 28 27 
67 67 17 21 
68 68 9 8 
69 69 21 36 
70 70 36 30 
71 71 8 35 
72 72 13 35 
73 73 16 39 
74 74 7 20 
75 75 9 1 
76 76 4 35 
77 77 37 6 
78 78 43 49 
79 79 1 0 
80 80 1 39 
81 81 41 17 
82 82 37 49 
83 83 47 32 
84 84 0 8 
85 85 0 40 
86 86 1 1 
87 87 39 11 
88 88 13 3 
89 89 47 24 
90 90 35 12 
91 91 5 43 
92 92 32 38 
93 93 2 29 
94 94 24 46 
95 95 14 2 
96 96 3 48 
97 97 28 18 
98 98 47 37 
99 99 40 43 
100 100 13 48 
101 101 40 13 
102 102 10 16 
103 103 34 17 
104 104 42 29 
105 105 33 17 
106 106 22 34 
107 107 23 36 
108 108 30 15 
109 109 5 48 
110 110 42 18 
111 111 30 14 
112 112 36 4 
113 113 43 24 
114 114 46 25 
115 115 15 34 
116 116 8 20 
117 117 4 24 
118 118 43 1 
119 119 26 9 
120 120 0 35 
121 121 3 17 
122 122 35 43 
123 123 1 42 
124 124 33 9 
125 125 34 7 
126 126 26 30 
127 127 32 25 
128 128 22 17 
129 129 38 3 
130 130 31 12 
131 131 46 32 
132 132 1 44 
133 133 3 45 
134 134 17 12 
135 135 19 9 
136 136 15 19 
137 137 34 40 
138 138 11 8 
139 139 9 38 
140 140 24 23 
141 141 25 7 
142 142 35 20 
143 143 19 8 
144 144 28 39 
145 145 12 25 
146 146 17 9 
147 147 0 36 
148 148 14 21 
149 149 1 24 
150 150 23 17 
151 151 2 10 
152 152 21 15 
153 153 20 7 
154 154 28 20 
155 155 22 26 
156 156 26 2 
157 157 46 40 
158 158 41 42 
159 159 1 12 
160 160 1 36 
161 161 36 15 
162 162 5 16 
163 163 7 17 
164 164 5 15 
165 165 39 18 
166 166 29 5 
167 167 36 44 
168 168 36 11 
169 169 1 9 
170 170 44 3 
171 171 11 33 
172 172 18 6 
173 173 31 31 
174 174 36 48 
175 175 16 36 
176 176 28 24 
177 177 16 18 
178 178 34 27 
179 179 49 39 
180 180 15 6 
181 181 2 3 
182 182 44 5 
183 183 28 15 
184 184 7 10 
185 185 5 33 
186 186 35 42 
187 187 47 13 
188 188 44 47 
189 189 1 32 
190 190 24 42 
191 191 16 31 
192 192 40 20 
193 193 16 19 
194 194 32 19 
195 195 24 29 
196 196 37 18 
197 197 27 9 
198 198 37 26 
199 199 13 37 
200 200 22 19 
201 201 37 39 
202 202 42 35 
203 203 7 48 
204 204 22 8 
205 205 1 19 
206 206 36 49 
207 207 2 6 
208 208 18 39 
209 209 35 41 
210 210 3 32 
211 211 31 21 
212 212 9 15 
213 213 11 25 
214 214 44 43 
215 215 17 18 
216 216 46 24 
217 217 26 28 
218 218 1 16 
219 219 2 46 
220 220 33 3 
221 221 20 35 
222 222 27 32 
223 223 24 20 
224 224 31 20 
225 225 19 1 
226 226 30 48 
227 227 39 14 
228 228 29 33 
229 229 10 49 
230 230 2 45 
231 231 21 14 
232 232 33 18 
233 233 40 48 
234 234 32 43 
235 235 37 34 
236 236 42 38 
237 237 9 10 
238 238 7 24 
239 239 30 21 
240 240 8 7 
241 241 23 8 
242 242 44 25 
243 243 37 37 
244 244 36 16 
245 245 9 4 
246 246 2 49 
247 247 49 13 
248 248 21 21 
249 249 14 33 
250 250 33 38 
251 251 17 35 
252 252 18 7 
253 253 18 8 
254 254 37 48 
255 255 0 45 
256 256 41 4 
257 257 9 48 
258 258 6 30 
259 259 12 30 
260 260 46 3 
261 261 39 49 
262 262 18 13 
263 263 28 31 
264 264 25 29 
265 265 31 15 
266 266 6 46 
267 267 36 21 
268 268 6 3 
269 269 4 8 
270 270 2 27 
271 271 2 36 
272 272 16 29 
273 273 23 23 
274 274 37 19 
275 275 46 49 
276 276 44 27 
277 277 24 8 
278 278 0 37 
279 279 6 43 
280 280 31 7 
281 281 15 49 
282 282 14 0 
283 283 27 3 
284 284 35 35 
285 285 19 32 
286 286 46 20 
287 287 9 39 
288 288 6 31 
289 289 0 44 
290 290 17 43 
291 291 30 42 
292 292 32 6 
293 293 17 46 
294 294 28 36 
295 295 15 43 
296 296 27 34 
297 297 30 45 
298 298 29 31 
299 299 12 38 
300 300 33 14 
301 301 30 3 
302 302 34 4 
303 303 43 29 
304 304 15 37 
305 305 9 25 
306 306 23 35 
307 307 9 45 
308 308 32 48 
309 309 45 39 
310 310 23 32 
311 311 40 32 
312 312 40 11 
313 313 5 3 
314 314 7 25 
315 315 14 34 
316 316 34 39 
317 317 20 39 
318 318 25 42 
319 319 42 16 
320 320 16 37 
321 321 38 28 
322 322 7 12 
323 323 30 27 
324 324 24 47 
325 325 35 40 
326 326 29 44 
327 327 8 10 
328 328 24 28 
329 329 29 26 
330 330 49 26 
331 331 20 4 
332 332 38 46 
333 333 20 32 
334 334 34 1 
335 335 15 20 
336 336 29 4 
337 337 30 37 
338 338 3 19 
339 339 49 27 
340 340 26 13 
341 341 5 20 
342 342 1 33 
343 343 45 49 
344 344 46 35 
345 345 22 1 
346 346 4 45 
347 347 44 45 
348 348 19 30 
349 349 19 31 
350 350 49 47 
351 351 14 17 
352 352 32 21 
353 353 4 34 
354 354 39 33 
355 355 19 26 
356 356 20 45 
357 357 21 8 
358 358 34 32 
359 359 7 47 
360 360 43 23 
361 361 40 19 
362 362 14 23 
363 363 47 34 
364 364 41 49 
365 365 32 5 
366 366 37 40 
367 367 29 14 
368 368 49 19 
369 369 20 41 
370 370 8 13 
371 371 30 32 
372 372 6 2 
373 373 32 27 
374 374 14 41 
375 375 21 20 
376 376 18 19 
377 377 15 48 
378 378 19 38 
379 379 49 45 
380 380 48 4 
381 381 3 4 
382 382 9 17 
383 383 26 5 
384 384 6 40 
385 385 11 42 
386 386 14 26 
387 387 8 27 
388 388 29 43 
389 389 0 32 
390 390 2 16 
391 391 35 44 
392 392 35 15 
393 393 34 43 
394 394 23 14 
395 395 21 13 
396 396 1 29 
397 397 43 46 
398 398 37 32 
399 399 16 45 
400 400 1 41 
401 401 8 42 
402 402 32 10 
403 403 45 36 
404 404 17 30 
405 405 11 13 
406 406 23 48 
407 407 39 10 
408 408 1 46 
409 409 38 32 
410 410 23 26 
411 411 19 25 
412 412 9 23 
413 413 16 9 
414 414 43 13 
415 415 26 16 
416 416 48 21 
417 417 42 28 
418 418 16 46 
419 419 39 15 
420 420 4 32 
421 421 1 38 
422 422 44 38 
423 423 9 46 
424 424 12 28 
425 425 8 48 
426 426 17 49 
427 427 24 32 
428 428 22 0 
429 429 41 26 
430 430 12 17 
431 431 37 3 
432 432 18 42 
433 433 40 47 
434 434 23 20 
435 435 22 23 
436 436 41 46 
437 437 10 33 
438 438 8 4 
439 439 49 6 
440 440 9 34 
441 441 40 7 
442 442 7 3 
443 443 45 48 
444 444 31 30 
445 445 16 26 
446 446 33 4 
447 447 8 12 
448 448 25 22 
449 449 15 40 
450 450 16 1 
451 451 2 2 
452 452 10 12 
453 453 33 12 
454 454 43 28 
455 455 26 12 
456 456 22 31 
457 457 4 43 
458 458 45 13 
459 459 27 44 
460 460 23 43 
461 461 32 32 
462 462 46 39 
463 463 16 0 
464 464 10 40 
465 465 25 40 
466 466 6 17 
467 467 2 38 
468 468 21 34 
469 469 22 11 
470 470 34 30 
471 471 19 2 
472 472 41 6 
473 473 36 18 
474 474 40 16 
475 475 27 43 
476 476 40 14 
477 477 46 7 
478 478 24 2 
479 479 48 47 
480 480 3 13 
481 481 49 10 
482 482 13 34 
483 483 12 42 
484 484 7 9 
485 485 36 12 
486 486 16 13 
487 487 5 2 
488 488 0 34 
489 489 34 38 
490 490 33 34 
491 491 45 9 
492 492 2 13 
493 493 37 4 
494 494 10 28 
495 495 18 34 
496 496 43 44 
497 497 44 2 
498 498 9 20 
499 499 40 46 
#
EDGES (from-node to-node length a b):
0 438 10 0 
0 403 39 0 
1 425 44 0 
1 348 25 0 
2 426 22 0 
2 300 23 0 
2 202 29 0 
2 11 32 0 
3 467 38 0 
3 289 44 0 
3 265 17 0 
3 210 32 0 
3 98 44 0 
3 94 42 0 
3 76 34 0 
3 53 25 0 
4 456 29 0 
4 250 41 0 
4 175 31 0 
4 142 31 0 
4 54 33 0 
5 433 40 0 
5 292 37 0 
5 222 23 0 
5 190 23 0 
5 95 30 0 
5 66 24 0 
6 199 32 0 
7 491 31 0 
7 429 31 0 
7 337 31 0 
7 229 38 0 
7 138 4 0 
7 94 36 0 
7 11 44 0 
8 475 13 0 
8 268 51 0 
8 204 38 0 
8 128 30 0 
8 125 35 0 
9 483 18 0 
9 405 31 0 
9 401 22 0 
9 358 7 0 
9 235 8 0 
10 81 43 0 
11 486 41 0 
11 289 39 0 
12 381 21 0 
12 282 28 0 
12 95 26 0 
13 446 41 0 
13 405 36 0 
13 246 26 0 
13 242 26 0 
13 168 35 0 
13 136 29 0 
14 315 37 0 
14 56 18 0 
15 435 13 0 
15 428 14 0 
15 401 37 0 
15 245 22 0 
15 155 16 0 
15 74 23 0 
16 131 42 0 
17 103 17 0 
18 396 44 0 
18 379 19 0 
19 475 36 0 
19 473 10 0 
19 335 27 0 
19 79 40 0 
20 112 15 0 
21 248 13 0 
21 142 11 0 
21 135 10 0 
22 492 38 0 
22 434 16 0 
22 194 8 0 
22 89 9 0 
23 310 29 0 
23 270 14 0 
23 236 48 0 
23 234 43 0 
23 87 38 0 
24 479 38 0 
24 385 29 0 
24 154 4 0 
24 50 27 0 
24 28 29 0 
25 385 12 0 
25 371 23 0 
25 285 12 0 
25 122 30 0 
26 439 42 0 
26 122 19 0 
26 77 35 0 
27 441 46 0 
27 397 25 0 
27 347 26 0 
27 304 10 0 
27 200 28 0 
27 125 43 0 
28 441 41 0 
28 396 33 0 
29 146 26 0 
29 33 15 0 
30 379 50 0 
31 345 24 0 
31 269 40 0 
31 193 29 0 
31 177 29 0 
31 145 35 0 
32 418 39 0 
32 293 39 0 
33 390 35 0 
33 266 46 0 
33 157 29 0 
33 60 30 0 
33 39 32 0 
34 442 5 0 
34 411 22 0 
34 294 36 0 
34 214 50 0 
34 198 33 0 
34 163 14 0 
35 113 24 0 
36 498 16 0 
36 324 20 0 
36 299 5 0 
37 245 33 0 
37 193 18 0 
37 87 36 0 
38 243 21 0 
38 67 8 0 
38 41 25 0 
39 463 51 0 
39 460 19 0 
39 345 47 0 
39 157 6 0 
39 148 36 0 
39 127 21 0 
40 363 17 0 
40 347 27 0 
40 310 22 0 
41 495 24 0 
41 354 6 0 
41 346 37 0 
41 176 20 0 
41 149 43 0 
42 315 13 0 
42 239 25 0 
42 91 18 0 
43 272 28 0 
43 232 13 0 
43 192 17 0 
43 73 37 0 
44 452 9 0 
44 432 27 0 
45 453 14 0 
45 252 27 0 
45 186 39 0 
46 489 34 0 
46 465 33 0 
47 406 40 0 
47 354 35 0 
47 241 11 0 
47 181 12 0 
47 65 48 0 
48 443 43 0 
48 408 3 0 
48 337 29 0 
48 311 40 0 
48 154 35 0 
48 128 33 0 
48 87 49 0 
48 67 27 0 
48 59 51 0 
49 455 22 0 
49 343 47 0 
49 194 22 0 
50 474 38 0 
50 453 36 0 
50 391 24 0 
50 261 29 0 
50 143 33 0 
50 127 26 0 
50 98 36 0 
51 434 18 0 
51 325 10 0 
51 233 18 0 
51 99 16 0 
52 304 31 0 
52 266 40 0 
52 252 6 0 
52 250 38 0 
53 487 36 0 
53 420 31 0 
53 164 30 0 
54 310 19 0 
54 300 38 0 
54 110 43 0 
55 302 4 0 
56 262 21 0 
56 141 21 0 
57 445 18 0 
57 281 12 0 
57 214 38 0 
57 199 8 0 
57 91 2 0 
58 487 29 0 
58 176 24 0 
58 137 30 0 
59 438 42 0 
59 330 6 0 
59 74 40 0 
60 391 21 0 
60 302 35 0 
60 253 26 0 
60 235 21 0 
61 487 35 0 
61 401 9 0 
61 356 10 0 
61 283 35 0 
61 282 36 0 
61 256 41 0 
62 263 27 0 
62 206 47 0 
62 143 7 0 
62 119 14 0 
63 298 9 0 
63 284 2 0 
64 434 26 0 
64 357 17 0 
64 90 32 0 
64 69 38 0 
65 498 44 0 
65 488 48 0 
65 428 50 0 
65 110 25 0 
66 93 26 0 
67 121 15 0 
68 287 31 0 
68 278 30 0 
69 478 34 0 
69 369 5 0 
69 353 17 0 
69 125 32 0 
69 114 27 0 
70 448 14 0 
70 234 14 0 
70 199 24 0 
71 429 34 0 
71 419 37 0 
71 315 6 0 
71 297 24 0 
71 224 27 0 
71 114 39 0 
72 483 7 0 
72 460 13 0 
72 430 18 0 
72 332 27 0 
72 329 18 0 
72 296 14 0 
72 200 18 0 
72 165 31 0 
72 98 34 0 
73 470 20 0 
73 427 11 0 
73 306 8 0 
74 164 5 0 
75 411 26 0 
75 270 27 0 
75 214 55 0 
75 181 7 0 
75 80 39 0 
76 217 23 0 
76 173 27 0 
76 172 32 0 
77 498 31 0 
77 283 10 0 
77 87 5 0 
78 315 33 0 
78 213 40 0 
78 117 46 0 
79 479 66 0 
79 149 24 0 
80 207 33 0 
80 161 42 0 
81 453 9 0 
81 448 17 0 
81 261 32 0 
81 200 19 0 
82 454 22 0 
82 423 28 0 
82 277 43 0 
82 101 36 0 
83 412 39 0 
83 369 28 0 
83 335 34 0 
83 287 39 0 
83 240 46 0 
83 200 28 0 
83 93 45 0 
84 265 32 0 
84 206 55 0 
84 167 51 0 
84 152 22 0 
84 113 46 0 
85 385 11 0 
85 301 48 0 
85 272 19 0 
85 248 28 0 
85 132 4 0 
86 441 39 0 
86 280 31 0 
86 219 45 0 
86 165 42 0 
86 104 50 0 
88 496 51 0 
88 314 23 0 
88 291 43 0 
88 111 20 0 
88 91 41 0 
89 449 36 0 
89 435 25 0 
89 407 16 0 
89 303 6 0 
90 456 23 0 
90 450 22 0 
90 289 47 0 
90 280 6 0 
90 179 30 0 
91 498 23 0 
92 403 13 0 
92 264 11 0 
92 230 31 0 
93 445 14 0 
93 308 36 0 
93 146 25 0 
93 144 28 0 
94 397 19 0 
94 319 35 0 
94 255 24 0 
95 300 22 0 
95 193 17 0 
95 137 43 0 
96 409 38 0 
96 217 30 0 
96 214 41 0 
96 190 22 0 
96 104 43 0 
97 472 18 0 
97 310 15 0 
98 481 27 0 
98 397 10 0 
98 333 27 0 
98 168 28 0 
98 165 21 0 
99 364 6 0 
100 214 31 0 
101 177 25 0 
101 123 49 0 
102 487 15 0 
102 458 35 0 
102 439 40 0 
102 217 20 0 
103 300 3 0 
103 127 8 0 
103 123 41 0 
104 279 39 0 
104 173 11 0 
105 430 21 0 
106 466 23 0 
106 392 23 0 
106 365 31 0 
106 354 17 0 
107 498 21 0 
107 458 32 0 
107 439 40 0 
107 338 26 0 
107 333 5 0 
107 276 23 0 
107 215 19 0 
108 454 18 0 
108 418 34 0 
108 349 19 0 
108 331 15 0 
108 293 34 0 
108 259 23 0 
108 248 11 0 
109 453 46 0 
109 192 45 0 
109 152 37 0 
109 147 13 0 
109 146 41 0 
109 141 46 0 
110 472 12 0 
110 453 11 0 
110 302 16 0 
111 437 28 0 
111 393 29 0 
112 461 28 0 
112 373 23 0 
112 314 36 0 
112 286 19 0 
112 253 18 0 
112 186 38 0 
114 414 12 0 
114 132 49 0 
115 321 24 0 
116 361 32 0 
116 201 35 0 
116 148 6 0 
117 497 46 0 
117 232 30 0 
118 254 47 0 
118 192 19 0 
118 178 28 0 
118 141 19 0 
119 409 26 0 
119 333 24 0 
119 319 17 0 
119 310 23 0 
119 131 30 0 
120 422 44 0 
120 407 46 0 
120 369 21 0 
120 124 42 0 
121 363 47 0 
121 301 30 0 
122 288 31 0 
122 165 25 0 
123 462 45 0 
123 294 28 0 
124 300 5 0 
124 254 39 0 
124 230 48 0 
124 218 33 0 
124 157 34 0 
124 145 26 0 
125 474 11 0 
125 380 14 0 
125 233 41 0 
126 397 23 0 
126 309 21 0 
126 218 29 0 
126 192 17 0 
127 351 20 0 
127 345 26 0 
127 227 13 0 
129 435 26 0 
129 374 45 0 
129 359 54 0 
130 479 39 0 
130 245 23 0 
130 216 19 0 
131 497 30 0 
132 483 11 0 
132 480 31 0 
132 442 41 0 
132 394 37 0 
132 269 36 0 
133 454 43 0 
133 364 38 0 
134 267 21 0 
134 244 19 0 
134 159 16 0 
134 147 29 0 
134 137 33 0 
135 383 8 0 
135 348 21 0 
135 267 21 0 
135 220 15 0 
135 195 21 0 
136 494 10 0 
136 257 30 0 
136 246 33 0 
137 422 10 0 
137 394 28 0 
137 162 38 0 
138 390 12 0 
138 178 30 0 
139 365 40 0 
139 297 22 0 
139 149 16 0 
140 432 20 0 
140 336 20 0 
141 459 37 0 
141 412 23 0 
141 337 30 0 
141 325 34 0 
141 202 33 0 
141 181 23 0 
142 406 30 0 
144 283 36 0 
145 474 29 0 
145 269 19 0 
145 185 11 0 
146 454 32 0 
146 418 37 0 
147 498 18 0 
147 411 22 0 
147 362 19 0 
147 261 41 0 
148 253 14 0 
148 246 30 0 
149 301 36 0 
149 281 29 0 
150 481 27 0 
150 299 24 0 
150 154 6 0 
151 466 8 0 
151 414 41 0 
151 196 36 0 
151 174 51 0 
152 360 23 0 
152 202 29 0 
153 431 17 0 
153 206 45 0 
154 486 14 0 
154 415 4 0 
154 400 34 0 
154 302 17 0 
155 445 6 0 
155 375 6 0 
155 367 14 0 
156 444 28 0 
156 388 41 0 
156 236 39 0 
157 439 34 0 
157 233 10 0 
157 195 25 0 
157 173 17 0 
158 478 43 0 
158 412 37 0 
158 222 17 0 
158 180 44 0 
159 291 42 0 
160 451 34 0 
160 169 27 0 
161 389 40 0 
161 388 29 0 
161 369 31 0 
161 276 14 0 
162 466 1 0 
162 309 46 0 
162 248 17 0 
163 454 38 0 
164 355 18 0 
164 307 30 0 
164 283 25 0 
165 448 15 0 
165 366 22 0 
165 359 43 0 
165 302 15 0 
166 353 38 0 
166 347 43 0 
166 226 43 0 
167 270 38 0 
168 419 5 0 
169 467 29 0 
169 343 59 0 
169 189 23 0 
170 250 37 0 
171 362 10 0 
171 335 14 0 
171 286 37 0 
173 463 34 0 
173 455 20 0 
173 351 22 0 
173 232 13 0 
173 209 11 0 
174 434 31 0 
174 433 4 0 
174 384 31 0 
174 382 41 0 
174 286 30 0 
176 488 30 0 
176 456 9 0 
176 379 30 0 
176 336 20 0 
178 380 27 0 
178 344 14 0 
178 321 4 0 
178 313 38 0 
179 437 39 0 
179 417 13 0 
179 254 15 0 
179 222 23 0 
180 488 32 0 
180 477 31 0 
180 413 3 0 
181 398 45 0 
182 199 45 0 
183 458 17 0 
183 413 13 0 
183 402 6 0 
183 392 7 0 
183 364 36 0 
183 330 24 0 
183 312 13 0 
183 270 29 0 
184 423 36 0 
184 369 34 0 
184 308 45 0 
184 265 25 0 
184 237 2 0 
184 195 25 0 
185 471 34 0 
185 265 32 0 
186 367 29 0 
186 325 2 0 
186 265 27 0 
186 226 8 0 
187 320 39 0 
188 452 49 0 
188 283 47 0 
189 451 30 0 
189 424 12 0 
190 479 25 0 
191 479 36 0 
191 426 18 0 
191 399 14 0 
191 352 19 0 
192 377 38 0 
192 324 31 0 
192 193 24 0 
193 446 23 0 
194 441 14 0 
194 252 18 0 
194 237 25 0 
195 484 26 0 
195 441 27 0 
195 348 5 0 
195 220 28 0 
196 253 21 0 
196 199 31 0 
197 493 11 0 
198 351 25 0 
198 284 9 0 
198 267 5 0 
199 336 37 0 
199 274 30 0 
199 266 11 0 
200 411 7 0 
200 318 23 0 
201 271 35 0 
201 245 45 0 
201 224 20 0 
202 372 49 0 
202 353 38 0 
202 287 33 0 
203 257 2 0 
204 284 30 0 
205 441 41 0 
205 299 22 0 
206 417 22 0 
207 438 6 0 
207 417 46 0 
207 274 37 0 
208 466 25 0 
208 347 27 0 
208 295 5 0 
208 236 24 0 
209 339 20 0 
210 382 16 0 
211 445 16 0 
211 327 25 0 
212 386 12 0 
212 330 41 0 
212 296 26 0 
212 290 29 0 
213 468 13 0 
213 433 36 0 
213 364 38 0 
214 260 40 0 
215 340 10 0 
216 478 31 0 
216 327 40 0 
217 305 17 0 
218 386 16 0 
220 414 14 0 
220 345 11 0 
220 277 10 0 
221 498 19 0 
221 468 1 0 
222 353 23 0 
223 391 26 0 
223 292 16 0 
223 283 17 0 
225 328 27 0 
225 236 44 0 
226 497 48 0 
226 462 18 0 
226 436 11 0 
226 309 17 0 
227 287 39 0 
228 285 10 0 
229 464 9 0 
230 314 21 0 
231 453 12 0 
231 388 30 0 
232 341 28 0 
232 335 18 0 
232 301 15 0 
232 271 36 0 
233 437 34 0 
233 394 38 0 
234 404 20 0 
234 343 14 0 
234 326 3 0 
235 252 33 0 
236 461 12 0 
237 448 20 0 
237 408 37 0 
237 392 26 0 
237 380 39 0 
237 247 40 0 
238 248 14 0 
239 431 19 0 
239 414 15 0 
239 409 14 0 
239 291 21 0 
240 426 43 0 
240 393 44 0 
240 392 28 0 
240 377 42 0 
240 282 9 0 
242 410 21 0 
243 353 33 0 
243 314 32 0 
244 476 4 0 
244 434 14 0 
244 426 38 0 
244 418 36 0 
244 375 16 0 
244 246 47 0 
245 499 52 0 
245 374 37 0 
247 499 34 0 
247 373 22 0 
247 312 9 0 
248 400 28 0 
249 441 37 0 
249 291 18 0 
249 259 4 0 
250 291 5 0 
251 457 15 0 
252 284 33 0 
253 473 21 0 
253 472 23 0 
253 408 42 0 
254 395 38 0 
254 291 9 0 
255 294 29 0 
256 399 48 0 
257 444 28 0 
257 429 39 0 
258 487 28 0 
258 371 24 0 
259 370 17 0 
259 366 27 0 
259 326 22 0 
261 489 12 0 
261 415 35 0 
261 379 11 0 
262 375 8 0 
266 343 39 0 
266 336 48 0 
267 314 29 0 
268 486 14 0 
268 345 16 0 
268 295 41 0 
269 402 28 0 
269 371 35 0 
270 455 28 0 
271 411 20 0 
271 367 35 0 
271 347 43 0 
271 297 29 0 
272 480 21 0 
272 457 18 0 
272 448 11 0 
273 336 20 0 
273 313 27 0 
273 299 19 0 
274 484 32 0 
274 304 28 0 
275 406 23 0 
275 302 47 0 
276 371 15 0 
277 360 24 0 
277 331 6 0 
278 468 21 0 
278 291 30 0 
279 451 41 0 
280 466 27 0 
283 489 36 0 
283 457 46 0 
283 346 48 0 
284 400 35 0 
284 387 28 0 
284 328 13 0 
284 310 12 0 
285 383 28 0 
286 463 36 0 
286 332 27 0 
287 427 17 0 
287 413 31 0 
287 371 22 0 
287 361 37 0 
288 399 17 0 
288 387 4 0 
288 290 16 0 
290 383 39 0 
291 428 43 0 
291 408 29 0 
292 304 35 0 
293 485 39 0 
293 378 8 0 
293 359 10 0 
294 490 5 0 
294 438 38 0 
295 473 33 0 
295 464 6 0 
295 400 14 0 
297 493 42 0 
297 488 32 0 
297 479 18 0 
297 442 48 0 
298 327 30 0 
299 301 39 0 
300 404 23 0 
301 463 14 0 
301 456 29 0 
301 419 15 0 
301 352 18 0 
301 319 18 0 
302 357 14 0 
303 410 20 0 
304 315 3 0 
305 333 13 0 
306 399 12 0 
307 446 48 0 
309 447 46 0 
310 338 24 0 
311 440 31 0 
311 419 17 0 
313 484 6 0 
315 473 27 0 
316 490 5 0 
316 428 41 0 
316 379 16 0 
316 342 34 0 
317 462 26 0 
318 461 12 0 
318 354 17 0 
319 355 25 0 
320 484 29 0 
320 428 37 0 
320 333 6 0 
322 487 10 0 
322 398 36 0 
323 454 13 0 
323 338 28 0 
324 361 32 0 
325 411 22 0 
325 362 27 0 
326 391 6 0 
326 388 1 0 
327 350 55 0 
328 457 25 0 
328 417 18 0 
328 347 26 0 
328 342 24 0 
329 496 23 0 
329 490 9 0 
329 479 28 0 
330 383 31 0 
331 426 45 0 
332 445 30 0 
332 391 4 0 
332 342 39 0 
333 416 30 0 
334 475 43 0 
334 448 23 0 
335 478 20 0 
339 472 22 0 
340 355 15 0 
343 443 1 0 
345 476 22 0 
345 448 21 0 
346 490 31 0 
348 353 16 0 
350 472 42 0 
350 462 9 0 
350 438 59 0 
353 431 45 0 
353 388 27 0 
353 356 19 0 
354 474 17 0 
354 357 31 0 
355 486 13 0 
356 495 11 0 
357 453 13 0 
358 499 15 0 
358 481 27 0 
360 444 14 0 
361 493 15 0 
361 391 25 0 
362 372 22 0 
363 391 16 0 
364 467 41 0 
365 442 25 0 
367 491 17 0 
368 397 28 0 
369 451 43 0 
370 444 29 0 
370 403 44 0 
372 473 34 0 
372 445 26 0 
372 381 4 0 
373 499 21 0 
373 447 28 0 
373 435 11 0 
374 467 12 0 
375 427 12 0 
376 427 14 0 
377 443 30 0 
377 411 23 0 
378 490 15 0 
379 383 46 0 
380 451 46 0 
380 382 41 0 
382 460 30 0 
385 481 50 0 
385 431 47 0 
386 471 25 0 
387 451 26 0 
390 418 33 0 
392 426 38 0 
397 426 26 0 
397 413 46 0 
398 460 18 0 
403 412 38 0 
404 472 34 0 
405 414 32 0 
407 434 19 0 
409 428 36 0 
410 478 24 0 
411 438 24 0 
412 481 42 0 
415 455 4 0 
416 462 18 0 
416 421 50 0 
417 449 30 0 
419 441 8 0 
422 482 31 0 
422 465 19 0 
428 482 35 0 
428 479 54 0 
430 460 28 0 
430 449 23 0 
433 488 42 0 
435 492 22 0 
435 471 21 0 
443 450 55 0 
445 493 30 0 
447 456 24 0 
448 476 17 0 
448 475 21 0 
451 472 39 0 
451 467 36 0 
451 454 49 0 
452 476 30 0 
457 493 51 0 
459 469 33 0 
466 485 30 0 
468 469 23 0 
471 485 20 0 
471 480 19 0 
475 495 13 0 
477 485 11 0 
