#GRAPH (#nodes #edges id uu vv ww xx yy zz):
#500 2054 geo(0,{500,50,3,0.008,0.000,0.000}) 50 
#
VERTICES (index name u v w x y z):
0 0 11 24 
1 1 32 19 
2 2 23 38 
3 3 46 26 
4 4 17 20 
5 5 7 5 
6 6 7 38 
7 7 2 1 
8 8 43 32 
9 9 22 11 
10 10 46 31 
11 11 43 1 
12 12 7 3 
13 13 44 42 
14 14 31 20 
15 15 18 39 
16 16 38 33 
17 17 12 34 
18 18 20 19 
19 19 12 33 
20 20 15 17 
21 21 48 38 
22 22 41 45 
23 23 27 18 
24 24 42 33 
25 25 30 32 
26 26 32 36 
27 27 16 10 
28 28 36 6 
29 29 45 8 
30 30 30 10 
31 31 25 39 
32 32 29 48 
33 33 9 7 
34 34 5 13 
35 35 27 47 
36 36 1 47 
37 37 8 39 
38 38 35 10 
39 39 13 47 
40 40 42 25 
41 41 6 30 
42 42 27 3 
43 43 36 5 
44 44 19 9 
45 45 5 12 
46 46 27 28 
47 47 29 23 
48 48 3 5 
49 49 44 31 
50 50 38 8 
51 51 11 19 
52 52 34 1 
53 53 43 13 
54 54 3 33 
55 55 12 3 
56 56 27 8 
57 57 42 34 
58 58 49 44 
59 59 36 25 
60 60 35 34 
61 61 30 49 
62 62 42 30 
63 63 39 12 
64 64 41 36 
65 65 42 28 
66 66 14 9 
67 67 14 44 
68 68 3 30 
69 69 14 30 
70 70 12 8 
71 71 31 38 
72 72 28 36 
73 73 44 2 
74 74 3 28 
75 75 48 23 
76 76 19 27 
77 77 9 45 
78 78 14 31 
79 79 48 4 
80 80 41 37 
81 81 45 47 
82 82 31 37 
83 83 48 44 
84 84 25 27 
85 85 18 23 
86 86 7 21 
87 87 12 11 
88 88 10 47 
89 89 42 6 
90 90 30 48 
91 91 26 36 
92 92 10 35 
93 93 3 12 
94 94 6 41 
95 95 20 3 
96 96 7 26 
97 97 27 44 
98 98 4 12 
99 99 8 49 
100 100 37 43 
101 101 36 31 
102 102 30 43 
103 103 10 4 
104 104 18 27 
105 105 6 0 
106 106 38 12 
107 107 10 11 
108 108 21 36 
109 109 31 35 
110 110 32 16 
111 111 28 43 
112 112 13 8 
113 113 42 17 
114 114 41 24 
115 115 15 10 
116 116 35 4 
117 117 36 29 
118 118 19 32 
119 119 42 41 
120 120 0 3 
121 121 42 14 
122 122 5 44 
123 123 4 21 
124 124 43 8 
125 125 15 13 
126 126 16 33 
127 127 13 0 
128 128 12 38 
129 129 20 1 
130 130 27 42 
131 131 44 19 
132 132 35 48 
133 133 20 40 
134 134 36 24 
135 135 49 34 
136 136 33 17 
137 137 29 41 
138 138 46 23 
139 139 36 37 
140 140 31 46 
141 141 11 29 
142 142 14 16 
143 143 6 48 
144 144 45 14 
145 145 41 23 
146 146 41 10 
147 147 9 21 
148 148 41 3 
149 149 14 46 
150 150 37 13 
151 151 35 2 
152 152 27 16 
153 153 12 48 
154 154 4 37 
155 155 9 22 
156 156 38 46 
157 157 39 32 
158 158 32 29 
159 159 12 39 
160 160 21 2 
161 161 30 6 
162 162 34 28 
163 163 23 13 
164 164 36 0 
165 165 19 13 
166 166 44 23 
167 167 29 46 
168 168 13 31 
169 169 3 31 
170 170 47 13 
171 171 44 5 
172 172 34 23 
173 173 35 43 
174 174 5 45 
175 175 40 42 
176 176 47 24 
177 177 24 13 
178 178 30 42 
179 179 30 39 
180 180 24 23 
181 181 49 30 
182 182 1 41 
183 183 27 36 
184 184 26 34 
185 185 34 46 
186 186 48 48 
187 187 9 20 
188 188 47 11 
189 189 37 20 
190 190 20 33 
191 191 24 31 
192 192 38 27 
193 193 19 45 
194 194 17 3 
195 195 13 19 
196 196 28 37 
197 197 24 45 
198 198 48 39 
199 199 36 14 
200 200 10 7 
201 201 6 23 
202 202 48 30 
203 203 0 5 
204 204 1 38 
205 205 15 24 
206 206 18 26 
207 207 33 24 
208 208 24 49 
209 209 5 43 
210 210 35 21 
211 211 33 46 
212 212 2 4 
213 213 36 22 
214 214 26 42 
215 215 13 23 
216 216 41 42 
217 217 24 48 
218 218 5 23 
219 219 45 25 
220 220 15 28 
221 221 29 18 
222 222 16 35 
223 223 39 27 
224 224 7 46 
225 225 23 16 
226 226 32 9 
227 227 39 34 
228 228 23 46 
229 229 2 14 
230 230 22 43 
231 231 3 43 
232 232 48 47 
233 233 30 16 
234 234 41 44 
235 235 22 7 
236 236 4 45 
237 237 34 12 
238 238 32 5 
239 239 34 49 
240 240 0 23 
241 241 21 38 
242 242 24 27 
243 243 11 5 
244 244 46 40 
245 245 3 19 
246 246 3 16 
247 247 29 45 
248 248 22 17 
249 249 11 40 
250 250 34 24 
251 251 23 23 
252 252 45 34 
253 253 23 27 
254 254 4 6 
255 255 20 24 
256 256 30 18 
257 257 22 39 
258 258 17 12 
259 259 48 6 
260 260 0 6 
261 261 39 14 
262 262 19 46 
263 263 21 23 
264 264 10 16 
265 265 13 28 
266 266 23 47 
267 267 31 15 
268 268 20 11 
269 269 4 27 
270 270 20 35 
271 271 31 14 
272 272 16 25 
273 273 48 0 
274 274 47 32 
275 275 33 23 
276 276 31 42 
277 277 13 24 
278 278 27 17 
279 279 35 31 
280 280 18 42 
281 281 13 26 
282 282 46 42 
283 283 14 6 
284 284 1 34 
285 285 40 32 
286 286 27 39 
287 287 40 20 
288 288 1 29 
289 289 12 47 
290 290 0 35 
291 291 19 37 
292 292 4 36 
293 293 43 25 
294 294 40 14 
295 295 18 48 
296 296 33 32 
297 297 28 26 
298 298 45 35 
299 299 38 5 
300 300 24 5 
301 301 19 5 
302 302 11 3 
303 303 26 9 
304 304 15 41 
305 305 25 6 
306 306 7 22 
307 307 2 47 
308 308 36 38 
309 309 30 13 
310 310 12 40 
311 311 8 26 
312 312 4 26 
313 313 31 10 
314 314 48 18 
315 315 2 44 
316 316 6 12 
317 317 21 29 
318 318 17 24 
319 319 38 14 
320 320 9 37 
321 321 41 17 
322 322 35 28 
323 323 40 26 
324 324 7 41 
325 325 24 15 
326 326 33 31 
327 327 15 18 
328 328 16 24 
329 329 3 1 
330 330 29 49 
331 331 7 20 
332 332 48 8 
333 333 43 12 
334 334 7 24 
335 335 48 28 
336 336 29 44 
337 337 20 43 
338 338 42 45 
339 339 25 49 
340 340 1 18 
341 341 3 8 
342 342 9 47 
343 343 13 40 
344 344 21 32 
345 345 11 11 
346 346 8 30 
347 347 43 17 
348 348 20 14 
349 349 47 21 
350 350 1 17 
351 351 39 30 
352 352 11 37 
353 353 36 21 
354 354 16 7 
355 355 4 22 
356 356 11 9 
357 357 15 26 
358 358 27 27 
359 359 49 40 
360 360 0 42 
361 361 4 44 
362 362 43 42 
363 363 36 34 
364 364 23 36 
365 365 33 20 
366 366 43 39 
367 367 31 5 
368 368 46 49 
369 369 7 27 
370 370 46 35 
371 371 0 22 
372 372 29 37 
373 373 1 31 
374 374 2 32 
375 375 20 8 
376 376 8 21 
377 377 30 11 
378 378 37 8 
379 379 44 20 
380 380 23 34 
381 381 15 21 
382 382 30 21 
383 383 13 14 
384 384 19 17 
385 385 45 31 
386 386 22 38 
387 387 45 22 
388 388 41 19 
389 389 43 41 
390 390 32 20 
391 391 7 49 
392 392 30 4 
393 393 31 2 
394 394 33 29 
395 395 24 25 
396 396 13 15 
397 397 13 18 
398 398 15 47 
399 399 44 21 
400 400 10 2 
401 401 23 40 
402 402 16 5 
403 403 44 17 
404 404 9 23 
405 405 23 39 
406 406 24 34 
407 407 18 32 
408 408 17 21 
409 409 2 35 
410 410 37 12 
411 411 20 7 
412 412 49 35 
413 413 33 2 
414 414 4 18 
415 415 40 46 
416 416 10 19 
417 417 30 41 
418 418 21 8 
419 419 46 21 
420 420 32 30 
421 421 32 41 
422 422 14 24 
423 423 10 23 
424 424 25 42 
425 425 49 12 
426 426 27 10 
427 427 23 11 
428 428 22 40 
429 429 31 25 
430 430 31 1 
431 431 6 20 
432 432 1 39 
433 433 6 40 
434 434 22 12 
435 435 22 20 
436 436 49 0 
437 437 42 0 
438 438 29 10 
439 439 24 17 
440 440 34 6 
441 441 19 12 
442 442 46 20 
443 443 3 6 
444 444 42 21 
445 445 33 25 
446 446 15 33 
447 447 12 18 
448 448 6 2 
449 449 2 8 
450 450 33 36 
451 451 43 49 
452 452 35 5 
453 453 18 24 
454 454 37 15 
455 455 49 43 
456 456 41 33 
457 457 8 42 
458 458 28 31 
459 459 38 17 
460 460 25 35 
461 461 11 4 
462 462 47 30 
463 463 40 24 
464 464 33 12 
465 465 23 32 
466 466 0 13 
467 467 45 13 
468 468 34 3 
469 469 29 21 
470 470 10 39 
471 471 13 5 
472 472 20 48 
473 473 19 3 
474 474 14 21 
475 475 17 27 
476 476 20 0 
477 477 30 0 
478 478 49 9 
479 479 37 35 
480 480 40 13 
481 481 2 42 
482 482 21 43 
483 483 48 43 
484 484 28 30 
485 485 39 45 
486 486 21 47 
487 487 29 17 
488 488 35 7 
489 489 35 29 
490 490 37 49 
491 491 4 47 
492 492 16 3 
493 493 42 5 
494 494 37 1 
495 495 23 19 
496 496 33 43 
497 497 39 43 
498 498 17 32 
499 499 31 16 
#
EDGES (from-node to-node length a b):
0 316 13 0 
0 277 2 0 
0 245 9 0 
0 173 31 0 
1 297 8 0 
1 267 4 0 
1 200 25 0 
1 155 23 0 
1 144 14 0 
1 111 24 0 
1 35 28 0 
2 253 11 0 
2 226 30 0 
2 224 18 0 
2 196 5 0 
2 151 38 0 
2 81 24 0 
2 63 31 0 
2 17 12 0 
2 4 19 0 
3 471 39 0 
3 420 15 0 
3 414 43 0 
3 412 9 0 
3 289 40 0 
3 222 31 0 
3 209 44 0 
3 191 23 0 
4 151 25 0 
4 72 19 0 
5 233 25 0 
5 143 43 0 
5 134 35 0 
5 120 7 0 
5 86 16 0 
5 41 25 0 
5 16 42 0 
6 459 37 0 
6 302 35 0 
6 256 30 0 
6 153 11 0 
6 137 22 0 
6 55 35 0 
7 464 33 0 
7 416 20 0 
7 115 16 0 
7 94 40 0 
8 308 9 0 
8 26 12 0 
8 13 10 0 
9 425 27 0 
9 357 17 0 
9 254 19 0 
9 53 21 0 
9 39 37 0 
10 461 44 0 
10 346 38 0 
10 247 22 0 
10 210 15 0 
10 146 22 0 
11 436 6 0 
11 331 41 0 
11 259 7 0 
11 253 33 0 
11 111 45 0 
12 449 7 0 
12 414 15 0 
12 287 37 0 
12 78 29 0 
12 55 5 0 
13 447 40 0 
13 416 41 0 
14 351 13 0 
14 294 11 0 
14 218 26 0 
14 95 20 0 
15 425 41 0 
15 341 34 0 
16 365 14 0 
16 335 11 0 
16 156 13 0 
16 88 31 0 
17 260 30 0 
17 241 10 0 
17 230 13 0 
18 403 24 0 
18 229 19 0 
18 195 7 0 
18 75 28 0 
19 457 10 0 
19 429 21 0 
19 331 14 0 
19 190 8 0 
19 48 29 0 
20 371 16 0 
20 264 5 0 
20 149 29 0 
21 373 48 0 
22 247 12 0 
22 239 8 0 
22 106 33 0 
22 42 44 0 
23 456 21 0 
23 449 27 0 
23 306 20 0 
23 257 22 0 
23 115 14 0 
23 91 18 0 
24 415 13 0 
24 286 16 0 
24 249 32 0 
25 448 38 0 
25 356 30 0 
25 259 32 0 
25 242 8 0 
26 427 27 0 
26 410 25 0 
26 409 30 0 
26 345 33 0 
26 217 14 0 
26 30 26 0 
27 154 30 0 
27 141 20 0 
27 34 11 0 
28 457 46 0 
28 350 37 0 
28 230 40 0 
28 186 44 0 
28 89 6 0 
29 392 16 0 
29 303 19 0 
29 178 37 0 
29 125 30 0 
29 120 45 0 
30 251 15 0 
30 196 27 0 
30 165 11 0 
31 487 22 0 
31 394 13 0 
31 82 6 0 
32 334 33 0 
32 315 27 0 
32 255 26 0 
32 221 30 0 
32 141 26 0 
33 191 28 0 
33 86 14 0 
34 195 10 0 
35 416 33 0 
35 218 33 0 
35 91 11 0 
36 405 23 0 
36 83 47 0 
37 443 33 0 
37 330 23 0 
37 136 33 0 
38 490 39 0 
38 464 3 0 
38 433 42 0 
38 396 23 0 
38 383 22 0 
38 148 9 0 
38 110 7 0 
39 476 48 0 
39 421 20 0 
39 304 6 0 
39 259 54 0 
39 100 24 0 
39 44 38 0 
40 78 29 0 
41 418 27 0 
41 398 19 0 
41 271 30 0 
41 201 7 0 
41 90 30 0 
41 89 43 0 
41 88 17 0 
41 51 12 0 
42 322 26 0 
42 259 21 0 
43 292 45 0 
43 243 25 0 
43 142 25 0 
44 486 38 0 
44 52 17 0 
45 355 10 0 
45 329 11 0 
45 248 18 0 
45 158 32 0 
45 106 33 0 
46 438 18 0 
46 217 20 0 
46 191 4 0 
47 466 31 0 
47 347 15 0 
47 345 22 0 
47 201 23 0 
47 157 13 0 
47 150 13 0 
48 360 37 0 
48 279 41 0 
48 198 56 0 
49 395 21 0 
49 241 24 0 
49 180 22 0 
49 177 27 0 
49 138 8 0 
50 385 24 0 
50 285 24 0 
50 206 27 0 
50 51 29 0 
51 376 4 0 
51 215 4 0 
51 148 34 0 
51 138 35 0 
52 478 17 0 
52 371 40 0 
52 162 27 0 
52 78 36 0 
53 462 17 0 
53 445 16 0 
53 322 17 0 
53 246 40 0 
54 464 37 0 
54 400 32 0 
54 265 11 0 
54 200 27 0 
55 337 41 0 
55 205 21 0 
55 172 30 0 
55 140 47 0 
55 98 12 0 
56 451 44 0 
56 181 31 0 
57 221 21 0 
58 399 24 0 
58 264 48 0 
59 152 13 0 
60 491 34 0 
60 319 20 0 
61 315 28 0 
62 173 15 0 
62 105 47 0 
62 76 23 0 
63 426 12 0 
63 423 31 0 
63 185 34 0 
63 175 30 0 
64 306 37 0 
64 276 12 0 
64 69 28 0 
65 359 14 0 
65 294 14 0 
65 169 39 0 
65 93 42 0 
66 479 35 0 
66 457 34 0 
66 444 30 0 
66 208 41 0 
66 203 15 0 
66 177 11 0 
67 460 14 0 
67 272 19 0 
67 258 32 0 
67 141 15 0 
68 451 44 0 
68 346 5 0 
68 198 46 0 
69 493 38 0 
69 419 33 0 
69 307 21 0 
69 222 5 0 
69 161 29 0 
69 156 29 0 
69 79 43 0 
70 495 16 0 
70 421 39 0 
71 488 31 0 
71 240 34 0 
72 382 15 0 
72 378 29 0 
72 363 8 0 
72 347 24 0 
72 268 26 0 
72 107 31 0 
73 449 42 0 
73 260 44 0 
73 240 49 0 
73 149 53 0 
73 143 60 0 
73 123 44 0 
73 111 44 0 
74 427 26 0 
74 390 30 0 
74 295 25 0 
74 280 21 0 
74 153 22 0 
74 126 14 0 
75 472 38 0 
75 453 30 0 
75 441 31 0 
75 347 8 0 
75 324 45 0 
75 309 21 0 
75 142 35 0 
75 122 48 0 
77 488 46 0 
77 452 48 0 
77 400 43 0 
77 291 13 0 
77 204 11 0 
78 401 13 0 
78 258 19 0 
78 209 15 0 
79 262 51 0 
79 132 46 0 
80 387 16 0 
80 279 8 0 
80 117 9 0 
80 94 35 0 
81 383 46 0 
81 353 28 0 
81 331 47 0 
81 187 45 0 
82 422 21 0 
82 370 15 0 
82 227 9 0 
82 90 11 0 
83 367 43 0 
83 167 19 0 
83 130 21 0 
83 119 7 0 
84 457 23 0 
84 346 17 0 
84 234 23 0 
84 171 29 0 
85 364 14 0 
85 344 9 0 
85 210 17 0 
85 207 15 0 
85 146 26 0 
85 123 14 0 
86 483 47 0 
86 409 15 0 
86 292 15 0 
86 247 33 0 
86 185 37 0 
87 460 27 0 
87 373 23 0 
87 222 24 0 
88 99 3 0 
89 417 37 0 
89 383 30 0 
89 130 39 0 
90 226 39 0 
91 470 16 0 
91 429 12 0 
91 413 35 0 
91 397 22 0 
91 177 23 0 
91 121 27 0 
92 388 35 0 
92 334 11 0 
92 167 22 0 
92 153 13 0 
93 126 25 0 
94 322 32 0 
94 285 35 0 
95 452 15 0 
95 368 53 0 
95 159 37 0 
95 153 46 0 
95 150 20 0 
95 139 38 0 
96 227 33 0 
96 183 22 0 
97 464 33 0 
97 308 11 0 
97 303 35 0 
98 346 18 0 
98 311 15 0 
98 295 39 0 
98 260 7 0 
98 104 21 0 
99 263 29 0 
99 215 26 0 
99 118 20 0 
100 410 31 0 
100 246 43 0 
100 181 18 0 
100 153 25 0 
101 475 19 0 
102 481 28 0 
102 404 29 0 
102 162 16 0 
102 121 31 0 
103 375 11 0 
103 242 27 0 
103 209 39 0 
104 439 12 0 
104 391 25 0 
104 304 14 0 
104 147 11 0 
105 333 39 0 
106 267 8 0 
106 185 34 0 
107 136 24 0 
107 112 4 0 
108 402 31 0 
108 383 23 0 
108 120 39 0 
109 448 41 0 
109 194 35 0 
109 159 19 0 
111 372 6 0 
111 307 26 0 
111 266 6 0 
111 148 42 0 
112 427 10 0 
112 403 32 0 
112 309 18 0 
112 227 37 0 
113 462 14 0 
113 310 38 0 
113 256 12 0 
113 239 33 0 
113 168 32 0 
114 269 37 0 
115 400 9 0 
115 355 16 0 
115 181 39 0 
116 478 15 0 
116 459 13 0 
116 269 39 0 
117 470 28 0 
117 320 28 0 
117 216 14 0 
118 433 15 0 
118 390 18 0 
118 219 27 0 
118 153 17 0 
119 255 28 0 
119 126 27 0 
122 439 33 0 
122 437 57 0 
122 407 18 0 
122 363 33 0 
122 259 57 0 
123 438 27 0 
124 496 36 0 
124 288 47 0 
125 496 35 0 
125 486 35 0 
125 473 11 0 
125 289 34 0 
126 296 17 0 
126 155 13 0 
127 381 21 0 
128 335 37 0 
128 333 40 0 
128 313 34 0 
129 498 31 0 
129 480 23 0 
129 453 23 0 
129 436 29 0 
129 397 18 0 
129 335 39 0 
129 265 28 0 
129 240 30 0 
130 365 23 0 
130 356 37 0 
131 499 13 0 
131 386 29 0 
131 334 37 0 
131 280 35 0 
131 263 23 0 
132 471 48 0 
132 293 24 0 
132 138 27 0 
133 326 16 0 
133 324 13 0 
134 312 32 0 
135 477 39 0 
135 440 32 0 
135 261 22 0 
135 199 24 0 
135 177 33 0 
136 490 32 0 
136 479 18 0 
136 342 38 0 
137 201 29 0 
138 407 29 0 
138 318 29 0 
138 146 14 0 
139 386 14 0 
139 307 35 0 
139 301 36 0 
139 172 14 0 
141 366 34 0 
141 355 10 0 
141 265 2 0 
141 261 32 0 
142 493 30 0 
142 462 36 0 
142 395 13 0 
142 320 22 0 
142 187 6 0 
142 175 37 0 
142 162 23 0 
143 420 32 0 
143 207 36 0 
144 394 19 0 
144 330 38 0 
144 224 50 0 
144 206 30 0 
145 485 22 0 
145 460 20 0 
146 374 45 0 
147 422 6 0 
147 344 16 0 
147 315 24 0 
147 242 16 0 
147 210 26 0 
147 148 37 0 
148 434 21 0 
148 369 42 0 
148 351 27 0 
148 249 48 0 
148 222 41 0 
149 488 44 0 
149 467 45 0 
149 397 28 0 
149 223 31 0 
149 193 5 0 
150 297 16 0 
150 246 34 0 
150 207 12 0 
150 181 21 0 
150 169 38 0 
151 434 16 0 
151 352 42 0 
151 324 48 0 
151 264 29 0 
151 183 35 0 
152 410 11 0 
152 406 18 0 
152 204 34 0 
153 456 33 0 
153 420 27 0 
153 405 14 0 
153 178 19 0 
154 240 15 0 
155 357 7 0 
155 187 2 0 
156 417 9 0 
156 223 19 0 
156 207 23 0 
157 363 4 0 
157 242 16 0 
157 237 21 0 
157 228 21 0 
158 318 16 0 
159 185 23 0 
160 357 25 0 
160 308 39 0 
160 289 46 0 
160 271 16 0 
161 457 42 0 
161 395 20 0 
161 303 5 0 
161 186 46 0 
162 370 14 0 
162 303 21 0 
162 198 18 0 
162 188 21 0 
163 482 30 0 
164 480 14 0 
164 189 20 0 
164 188 16 0 
165 471 10 0 
165 406 22 0 
165 343 28 0 
166 348 26 0 
166 327 29 0 
167 334 31 0 
167 272 25 0 
167 232 19 0 
168 413 35 0 
169 465 20 0 
169 329 30 0 
169 204 7 0 
170 475 33 0 
170 207 18 0 
171 457 52 0 
171 388 14 0 
172 499 8 0 
172 458 10 0 
172 413 21 0 
172 340 33 0 
172 334 27 0 
172 195 21 0 
172 175 20 0 
173 454 28 0 
173 394 14 0 
173 284 35 0 
174 477 51 0 
174 456 38 0 
174 346 15 0 
174 283 40 0 
174 282 41 0 
175 390 23 0 
175 336 11 0 
176 369 40 0 
176 294 12 0 
176 279 14 0 
176 277 34 0 
176 243 41 0 
177 390 11 0 
177 381 12 0 
177 231 37 0 
178 254 44 0 
179 466 40 0 
179 368 19 0 
179 207 15 0 
179 197 8 0 
180 389 26 0 
180 304 20 0 
181 298 6 0 
182 451 43 0 
182 382 35 0 
182 346 13 0 
183 414 29 0 
183 249 16 0 
184 278 17 0 
184 210 16 0 
185 426 37 0 
185 346 31 0 
185 338 8 0 
186 326 23 0 
186 232 1 0 
187 490 40 0 
187 479 32 0 
187 427 17 0 
187 398 28 0 
187 321 32 0 
187 286 26 0 
188 473 29 0 
188 466 47 0 
188 405 37 0 
188 362 31 0 
188 289 50 0 
188 278 21 0 
189 458 14 0 
189 442 9 0 
189 401 24 0 
189 191 17 0 
192 402 31 0 
192 343 28 0 
193 440 42 0 
193 431 28 0 
193 366 25 0 
193 234 22 0 
194 209 42 0 
195 231 26 0 
196 376 26 0 
197 461 43 0 
197 423 26 0 
197 419 33 0 
197 354 39 0 
198 410 29 0 
198 257 26 0 
199 378 6 0 
199 293 13 0 
200 353 30 0 
200 252 44 0 
200 203 10 0 
202 491 47 0 
202 472 33 0 
202 339 30 0 
202 238 30 0 
202 233 23 0 
203 383 16 0 
203 232 64 0 
204 492 38 0 
204 349 49 0 
205 407 9 0 
205 375 17 0 
205 266 24 0 
205 265 4 0 
205 215 2 0 
206 411 19 0 
206 242 6 0 
208 461 47 0 
208 373 29 0 
208 250 27 0 
209 384 30 0 
211 439 30 0 
211 303 38 0 
212 442 47 0 
213 433 35 0 
213 400 33 0 
213 361 39 0 
213 326 9 0 
213 216 21 0 
214 394 15 0 
214 335 26 0 
214 300 37 0 
215 286 21 0 
215 263 8 0 
216 442 23 0 
216 296 13 0 
216 269 40 0 
217 447 32 0 
217 365 29 0 
217 323 27 0 
217 226 40 0 
220 306 10 0 
221 441 12 0 
221 328 14 0 
222 451 30 0 
223 336 20 0 
223 318 22 0 
225 448 22 0 
225 425 26 0 
225 352 24 0 
225 259 27 0 
226 436 19 0 
226 424 34 0 
226 410 6 0 
226 344 25 0 
226 329 30 0 
228 398 8 0 
228 295 5 0 
229 488 34 0 
229 338 51 0 
229 325 22 0 
230 427 32 0 
230 329 46 0 
231 361 1 0 
231 319 45 0 
231 268 36 0 
232 392 47 0 
232 379 27 0 
233 286 23 0 
234 439 32 0 
235 430 11 0 
235 332 26 0 
236 447 28 0 
236 409 10 0 
237 455 34 0 
237 336 32 0 
237 302 25 0 
238 486 43 0 
238 389 38 0 
238 377 6 0 
238 315 49 0 
239 351 20 0 
240 365 33 0 
240 252 46 0 
242 429 7 0 
242 319 19 0 
242 280 16 0 
243 386 35 0 
243 376 16 0 
243 325 16 0 
243 302 2 0 
244 360 46 0 
245 488 34 0 
245 323 38 0 
245 266 34 0 
245 252 45 0 
246 297 27 0 
247 406 12 0 
247 405 8 0 
248 361 32 0 
249 440 41 0 
250 291 20 0 
251 405 16 0 
251 380 11 0 
252 495 27 0 
252 455 10 0 
252 283 42 0 
253 475 6 0 
253 328 8 0 
253 291 11 0 
254 404 18 0 
254 389 52 0 
254 322 38 0 
254 308 45 0 
258 485 40 0 
258 452 19 0 
258 389 39 0 
258 282 42 0 
259 488 13 0 
259 485 40 0 
259 402 32 0 
259 399 16 0 
259 302 37 0 
259 263 32 0 
260 355 16 0 
260 322 41 0 
260 305 25 0 
264 448 15 0 
264 405 26 0 
264 372 28 0 
265 410 29 0 
265 291 11 0 
266 447 31 0 
266 393 46 0 
266 311 26 0 
266 277 25 0 
267 423 22 0 
268 472 37 0 
268 347 24 0 
269 441 21 0 
269 374 5 0 
269 344 18 0 
269 280 21 0 
270 492 32 0 
270 342 16 0 
271 453 16 0 
271 384 12 0 
272 423 6 0 
272 350 17 0 
273 490 50 0 
274 290 47 0 
275 459 8 0 
275 310 27 0 
276 338 11 0 
279 335 13 0 
280 467 40 0 
280 309 31 0 
280 305 37 0 
281 349 34 0 
281 322 22 0 
282 334 43 0 
282 291 27 0 
283 314 36 0 
284 495 27 0 
284 427 32 0 
285 397 30 0 
285 350 42 0 
286 445 15 0 
286 395 14 0 
286 301 35 0 
287 324 39 0 
287 316 35 0 
287 299 15 0 
288 474 15 0 
288 391 21 0 
288 315 15 0 
289 348 34 0 
290 400 34 0 
290 377 38 0 
291 293 27 0 
295 455 31 0 
295 325 34 0 
296 472 21 0 
296 451 20 0 
296 379 16 0 
296 323 9 0 
297 478 27 0 
297 394 6 0 
297 354 22 0 
298 437 35 0 
299 427 16 0 
299 320 43 0 
302 314 40 0 
303 381 16 0 
304 436 53 0 
305 484 24 0 
306 309 25 0 
307 457 8 0 
307 392 51 0 
307 326 35 0 
308 496 6 0 
308 451 13 0 
308 402 39 0 
309 447 19 0 
309 412 29 0 
309 393 11 0 
309 341 27 0 
310 488 40 0 
311 378 34 0 
311 315 19 0 
312 497 39 0 
312 428 23 0 
313 461 21 0 
313 458 21 0 
314 393 23 0 
314 346 42 0 
315 356 36 0 
315 316 32 0 
316 408 14 0 
317 470 15 0 
317 379 25 0 
319 364 27 0 
320 353 31 0 
320 344 13 0 
322 413 26 0 
322 379 12 0 
323 442 8 0 
323 333 14 0 
326 485 15 0 
326 366 13 0 
327 452 24 0 
327 396 4 0 
328 445 17 0 
329 380 39 0 
330 350 43 0 
331 435 15 0 
331 428 25 0 
333 482 38 0 
336 408 26 0 
337 479 19 0 
338 425 34 0 
338 407 27 0 
339 453 26 0 
340 442 45 0 
340 372 34 0 
341 343 34 0 
342 379 44 0 
342 344 19 0 
345 432 30 0 
347 366 22 0 
350 377 30 0 
351 421 13 0 
352 497 29 0 
352 479 26 0 
353 357 22 0 
354 410 22 0 
354 409 31 0 
355 499 28 0 
356 465 26 0 
357 455 38 0 
357 444 27 0 
358 411 21 0 
358 391 30 0 
358 360 31 0 
360 461 40 0 
360 399 49 0 
361 486 17 0 
361 428 18 0 
364 483 26 0 
364 452 33 0 
365 431 27 0 
366 463 15 0 
366 409 41 0 
368 398 31 0 
368 396 47 0 
369 399 37 0 
370 490 17 0 
371 437 47 0 
372 492 36 0 
373 461 29 0 
374 416 15 0 
375 469 16 0 
376 456 35 0 
376 446 14 0 
377 458 20 0 
377 381 18 0 
378 395 21 0 
379 494 20 0 
380 445 13 0 
380 414 25 0 
382 394 9 0 
384 460 19 0 
386 440 34 0 
386 389 21 0 
388 488 13 0 
389 470 33 0 
389 446 29 0 
390 485 26 0 
391 454 45 0 
391 434 40 0 
393 406 33 0 
394 433 29 0 
394 428 16 0 
395 412 27 0 
396 399 32 0 
397 416 3 0 
397 402 13 0 
397 401 24 0 
398 496 18 0 
403 442 4 0 
404 423 1 0 
406 440 30 0 
406 420 9 0 
407 455 33 0 
408 449 20 0 
411 479 33 0 
411 435 13 0 
414 499 27 0 
415 444 25 0 
417 496 4 0 
419 487 17 0 
421 478 36 0 
421 447 30 0 
422 486 24 0 
424 427 31 0 
425 499 18 0 
426 494 13 0 
427 491 41 0 
429 431 25 0 
430 434 14 0 
431 449 13 0 
433 450 27 0 
435 468 21 0 
435 457 26 0 
436 491 65 0 
436 463 26 0 
437 457 54 0 
440 460 30 0 
445 476 28 0 
445 466 35 0 
449 476 20 0 
461 466 14 0 
462 475 30 0 
469 489 10 0 
472 491 16 0 
474 477 26 0 
476 480 24 0 
478 488 14 0 
483 492 51 0 
485 494 44 0 
489 495 16 0 
490 494 48 0 
