#GRAPH (#nodes #edges id uu vv ww xx yy zz):
#500 2060 geo(0,{500,50,3,0.008,0.000,0.000}) 50 
#
VERTICES (index name u v w x y z):
0 0 25 47 
1 1 15 25 
2 2 9 7 
3 3 22 5 
4 4 30 10 
5 5 39 17 
6 6 41 40 
7 7 49 1 
8 8 7 7 
9 9 43 34 
10 10 32 41 
11 11 2 47 
12 12 41 44 
13 13 19 36 
14 14 43 43 
15 15 8 31 
16 16 32 6 
17 17 26 27 
18 18 37 10 
19 19 49 49 
20 20 43 13 
21 21 45 48 
22 22 42 9 
23 23 5 33 
24 24 17 46 
25 25 30 14 
26 26 22 45 
27 27 41 15 
28 28 3 14 
29 29 25 42 
30 30 17 21 
31 31 7 43 
32 32 38 36 
33 33 37 24 
34 34 39 24 
35 35 11 48 
36 36 4 15 
37 37 25 28 
38 38 29 48 
39 39 23 31 
40 40 41 23 
41 41 2 12 
42 42 2 14 
43 43 7 23 
44 44 9 37 
45 45 30 15 
46 46 49 23 
47 47 38 9 
48 48 3 26 
49 49 7 2 
50 50 10 4 
51 51 24 10 
52 52 3 46 
53 53 32 31 
54 54 41 42 
55 55 22 7 
56 56 45 39 
57 57 47 22 
58 58 11 26 
59 59 9 32 
60 60 8 42 
61 61 29 37 
62 62 20 7 
63 63 8 22 
64 64 26 42 
65 65 15 45 
66 66 5 45 
67 67 23 1 
68 68 2 0 
69 69 12 9 
70 70 43 16 
71 71 7 37 
72 72 0 45 
73 73 45 2 
74 74 4 2 
75 75 38 32 
76 76 39 31 
77 77 11 34 
78 78 43 26 
79 79 6 38 
80 80 19 2 
81 81 0 43 
82 82 19 41 
83 83 16 22 
84 84 35 35 
85 85 18 47 
86 86 17 34 
87 87 21 21 
88 88 20 43 
89 89 37 15 
90 90 30 4 
91 91 9 29 
92 92 40 41 
93 93 29 19 
94 94 27 39 
95 95 39 25 
96 96 13 5 
97 97 21 19 
98 98 0 42 
99 99 15 15 
100 100 22 34 
101 101 48 3 
102 102 25 2 
103 103 11 45 
104 104 2 24 
105 105 14 34 
106 106 16 34 
107 107 12 25 
108 108 35 5 
109 109 36 24 
110 110 16 13 
111 111 20 35 
112 112 21 9 
113 113 2 1 
114 114 27 34 
115 115 19 14 
116 116 11 40 
117 117 19 0 
118 118 6 29 
119 119 6 30 
120 120 14 8 
121 121 38 21 
122 122 29 4 
123 123 24 21 
124 124 18 20 
125 125 45 4 
126 126 44 15 
127 127 2 40 
128 128 35 9 
129 129 23 9 
130 130 35 49 
131 131 4 10 
132 132 25 31 
133 133 35 42 
134 134 24 17 
135 135 45 27 
136 136 24 43 
137 137 20 16 
138 138 38 31 
139 139 49 33 
140 140 17 2 
141 141 45 37 
142 142 14 35 
143 143 13 31 
144 144 46 45 
145 145 17 43 
146 146 44 1 
147 147 24 39 
148 148 33 32 
149 149 2 46 
150 150 10 2 
151 151 15 46 
152 152 19 10 
153 153 8 24 
154 154 25 38 
155 155 2 9 
156 156 10 11 
157 157 36 12 
158 158 25 4 
159 159 34 44 
160 160 0 28 
161 161 11 14 
162 162 5 47 
163 163 35 34 
164 164 7 26 
165 165 5 24 
166 166 7 17 
167 167 27 49 
168 168 23 3 
169 169 31 44 
170 170 46 43 
171 171 2 16 
172 172 12 3 
173 173 45 44 
174 174 33 3 
175 175 42 36 
176 176 21 42 
177 177 34 19 
178 178 28 45 
179 179 8 14 
180 180 6 43 
181 181 14 23 
182 182 47 49 
183 183 49 8 
184 184 37 39 
185 185 0 47 
186 186 2 22 
187 187 31 21 
188 188 12 0 
189 189 30 11 
190 190 16 11 
191 191 30 9 
192 192 20 6 
193 193 39 1 
194 194 25 5 
195 195 37 43 
196 196 26 16 
197 197 21 4 
198 198 33 40 
199 199 8 2 
200 200 1 26 
201 201 8 8 
202 202 26 43 
203 203 16 16 
204 204 4 1 
205 205 26 26 
206 206 24 18 
207 207 16 38 
208 208 16 30 
209 209 22 48 
210 210 33 20 
211 211 45 41 
212 212 43 7 
213 213 45 34 
214 214 10 26 
215 215 15 27 
216 216 17 30 
217 217 22 22 
218 218 27 46 
219 219 5 26 
220 220 27 16 
221 221 27 0 
222 222 31 3 
223 223 5 6 
224 224 42 15 
225 225 49 15 
226 226 32 17 
227 227 22 27 
228 228 48 9 
229 229 16 10 
230 230 39 19 
231 231 21 28 
232 232 33 0 
233 233 34 41 
234 234 1 18 
235 235 18 22 
236 236 15 37 
237 237 17 9 
238 238 4 45 
239 239 33 42 
240 240 9 1 
241 241 39 35 
242 242 25 16 
243 243 28 10 
244 244 6 4 
245 245 32 48 
246 246 31 38 
247 247 22 6 
248 248 5 9 
249 249 43 11 
250 250 7 8 
251 251 20 30 
252 252 13 26 
253 253 7 20 
254 254 1 11 
255 255 36 15 
256 256 42 25 
257 257 21 7 
258 258 23 47 
259 259 0 34 
260 260 10 46 
261 261 13 12 
262 262 35 41 
263 263 20 28 
264 264 6 0 
265 265 7 39 
266 266 26 39 
267 267 36 20 
268 268 40 34 
269 269 18 46 
270 270 16 24 
271 271 19 34 
272 272 28 1 
273 273 43 30 
274 274 32 10 
275 275 41 31 
276 276 33 18 
277 277 23 0 
278 278 47 3 
279 279 26 44 
280 280 4 41 
281 281 34 34 
282 282 32 5 
283 283 19 38 
284 284 26 4 
285 285 14 13 
286 286 29 45 
287 287 17 37 
288 288 45 43 
289 289 1 7 
290 290 21 48 
291 291 28 16 
292 292 19 22 
293 293 14 46 
294 294 24 14 
295 295 47 39 
296 296 0 23 
297 297 48 6 
298 298 7 36 
299 299 0 17 
300 300 31 27 
301 301 36 8 
302 302 22 39 
303 303 18 2 
304 304 23 38 
305 305 46 24 
306 306 35 15 
307 307 48 10 
308 308 15 33 
309 309 32 11 
310 310 34 18 
311 311 24 31 
312 312 9 44 
313 313 48 21 
314 314 25 9 
315 315 7 46 
316 316 4 22 
317 317 10 35 
318 318 31 25 
319 319 18 28 
320 320 43 9 
321 321 40 46 
322 322 48 7 
323 323 5 40 
324 324 33 46 
325 325 25 32 
326 326 12 45 
327 327 12 27 
328 328 15 47 
329 329 46 19 
330 330 44 41 
331 331 31 0 
332 332 34 1 
333 333 36 43 
334 334 9 11 
335 335 18 41 
336 336 44 38 
337 337 31 40 
338 338 27 23 
339 339 38 46 
340 340 21 47 
341 341 48 15 
342 342 43 46 
343 343 19 39 
344 344 0 16 
345 345 13 23 
346 346 28 44 
347 347 27 11 
348 348 23 40 
349 349 9 4 
350 350 33 33 
351 351 19 45 
352 352 6 3 
353 353 48 39 
354 354 29 14 
355 355 14 40 
356 356 25 0 
357 357 13 20 
358 358 29 46 
359 359 19 9 
360 360 33 8 
361 361 48 0 
362 362 21 20 
363 363 21 38 
364 364 38 22 
365 365 34 21 
366 366 16 48 
367 367 13 25 
368 368 22 28 
369 369 14 43 
370 370 11 21 
371 371 16 44 
372 372 14 15 
373 373 44 43 
374 374 17 49 
375 375 2 6 
376 376 45 32 
377 377 30 6 
378 378 40 9 
379 379 30 8 
380 380 38 18 
381 381 49 48 
382 382 23 6 
383 383 2 48 
384 384 27 33 
385 385 7 15 
386 386 43 25 
387 387 43 10 
388 388 13 48 
389 389 13 28 
390 390 29 16 
391 391 17 17 
392 392 6 45 
393 393 34 46 
394 394 11 0 
395 395 15 40 
396 396 33 10 
397 397 19 13 
398 398 35 39 
399 399 5 17 
400 400 3 1 
401 401 46 48 
402 402 1 21 
403 403 5 7 
404 404 20 17 
405 405 9 13 
406 406 10 14 
407 407 27 22 
408 408 32 34 
409 409 22 2 
410 410 12 13 
411 411 49 28 
412 412 29 29 
413 413 6 7 
414 414 1 29 
415 415 46 30 
416 416 39 18 
417 417 36 9 
418 418 29 31 
419 419 12 14 
420 420 48 14 
421 421 40 10 
422 422 24 46 
423 423 8 43 
424 424 22 25 
425 425 41 46 
426 426 22 32 
427 427 41 3 
428 428 41 34 
429 429 10 5 
430 430 16 35 
431 431 0 26 
432 432 41 10 
433 433 46 7 
434 434 45 19 
435 435 26 45 
436 436 17 13 
437 437 2 20 
438 438 10 8 
439 439 46 33 
440 440 42 41 
441 441 21 24 
442 442 17 45 
443 443 5 5 
444 444 21 26 
445 445 32 9 
446 446 10 17 
447 447 21 2 
448 448 18 15 
449 449 3 27 
450 450 16 33 
451 451 23 34 
452 452 26 25 
453 453 18 36 
454 454 33 47 
455 455 21 30 
456 456 24 2 
457 457 10 44 
458 458 4 29 
459 459 0 31 
460 460 42 31 
461 461 3 19 
462 462 41 29 
463 463 18 6 
464 464 11 23 
465 465 49 36 
466 466 28 20 
467 467 5 27 
468 468 42 28 
469 469 3 16 
470 470 21 15 
471 471 36 41 
472 472 16 5 
473 473 44 40 
474 474 24 35 
475 475 44 24 
476 476 25 17 
477 477 39 37 
478 478 21 23 
479 479 24 0 
480 480 14 39 
481 481 49 27 
482 482 44 10 
483 483 44 19 
484 484 24 44 
485 485 1 43 
486 486 49 31 
487 487 39 10 
488 488 11 5 
489 489 35 12 
490 490 32 29 
491 491 49 12 
492 492 18 12 
493 493 33 1 
494 494 12 15 
495 495 0 35 
496 496 47 18 
497 497 22 18 
498 498 47 20 
499 499 43 27 
#
EDGES (from-node to-node length a b):
0 491 42 0 
0 472 43 0 
0 371 9 0 
0 275 23 0 
0 195 13 0 
0 110 35 0 
1 357 5 0 
1 262 26 0 
1 154 16 0 
1 19 42 0 
2 239 42 0 
2 169 43 0 
2 40 36 0 
3 451 29 0 
3 337 36 0 
3 134 12 0 
4 370 22 0 
4 226 7 0 
4 145 35 0 
4 143 27 0 
5 368 20 0 
5 354 10 0 
5 344 39 0 
5 317 34 0 
5 278 16 0 
5 195 26 0 
5 167 34 0 
5 119 35 0 
5 92 24 0 
5 38 33 0 
5 25 9 0 
6 398 6 0 
6 357 34 0 
6 149 39 0 
6 28 46 0 
7 387 11 0 
7 270 40 0 
8 386 40 0 
8 329 41 0 
8 277 17 0 
9 382 34 0 
9 353 7 0 
9 344 47 0 
9 281 9 0 
9 213 2 0 
9 167 22 0 
9 132 18 0 
10 360 33 0 
10 343 13 0 
10 187 20 0 
10 148 9 0 
10 133 3 0 
10 99 31 0 
10 94 5 0 
10 71 25 0 
11 439 46 0 
11 382 46 0 
11 355 14 0 
11 348 22 0 
11 207 17 0 
11 193 59 0 
11 130 33 0 
12 351 22 0 
12 129 39 0 
12 88 21 0 
13 491 38 0 
13 469 26 0 
13 456 34 0 
13 387 35 0 
13 360 31 0 
13 116 9 0 
13 29 8 0 
14 197 45 0 
14 87 31 0 
15 457 13 0 
15 397 21 0 
15 285 19 0 
16 464 27 0 
17 249 23 0 
17 123 6 0 
17 80 26 0 
18 463 19 0 
18 432 4 0 
18 128 2 0 
18 58 31 0 
19 391 45 0 
19 188 61 0 
19 105 38 0 
20 173 31 0 
20 113 43 0 
21 496 30 0 
21 458 45 0 
21 331 50 0 
21 303 53 0 
21 285 47 0 
21 172 56 0 
22 459 47 0 
22 269 44 0 
22 172 31 0 
23 476 26 0 
23 465 44 0 
23 52 13 0 
24 209 5 0 
24 45 34 0 
25 299 30 0 
25 206 7 0 
25 176 29 0 
25 170 33 0 
25 96 19 0 
25 78 18 0 
26 448 30 0 
26 372 31 0 
26 194 40 0 
26 59 18 0 
27 493 16 0 
27 206 17 0 
27 143 32 0 
27 141 22 0 
28 234 4 0 
28 31 29 0 
29 485 24 0 
29 476 25 0 
29 435 3 0 
29 350 12 0 
29 330 19 0 
29 268 17 0 
29 89 30 0 
30 276 16 0 
31 352 40 0 
31 350 28 0 
31 337 24 0 
32 473 7 0 
32 395 23 0 
32 261 35 0 
32 253 35 0 
32 202 14 0 
33 289 40 0 
33 144 23 0 
33 143 25 0 
34 208 24 0 
34 198 17 0 
35 305 42 0 
35 296 27 0 
35 207 11 0 
35 132 22 0 
36 455 23 0 
36 435 37 0 
36 396 29 0 
36 298 21 0 
36 243 25 0 
37 236 13 0 
37 220 12 0 
37 202 15 0 
37 143 12 0 
38 286 3 0 
39 419 20 0 
39 368 3 0 
39 185 28 0 
39 173 26 0 
40 437 39 0 
40 318 10 0 
40 250 37 0 
40 189 16 0 
40 163 13 0 
41 365 33 0 
41 351 37 0 
41 283 31 0 
41 254 1 0 
41 225 47 0 
42 474 30 0 
43 494 9 0 
43 266 25 0 
43 101 46 0 
43 52 23 0 
44 464 14 0 
45 418 16 0 
45 364 11 0 
45 185 44 0 
45 66 39 0 
46 419 38 0 
46 373 21 0 
46 308 35 0 
46 261 38 0 
46 222 27 0 
46 160 49 0 
47 446 29 0 
47 163 25 0 
48 378 41 0 
48 356 34 0 
49 482 38 0 
49 462 43 0 
49 434 42 0 
49 357 19 0 
49 122 22 0 
49 86 34 0 
50 456 14 0 
50 432 32 0 
50 347 18 0 
50 53 35 0 
51 481 30 0 
51 388 40 0 
51 283 28 0 
51 116 33 0 
51 79 33 0 
52 479 51 0 
52 328 12 0 
52 167 24 0 
53 486 17 0 
53 395 19 0 
53 370 23 0 
53 215 17 0 
53 188 37 0 
54 496 25 0 
54 489 31 0 
54 281 11 0 
55 181 18 0 
56 338 24 0 
56 230 21 0 
56 143 33 0 
57 448 30 0 
57 406 38 0 
57 389 35 0 
57 379 22 0 
57 359 31 0 
57 179 40 0 
58 491 40 0 
58 118 6 0 
59 399 16 0 
59 361 50 0 
59 351 16 0 
59 209 21 0 
59 87 16 0 
60 463 37 0 
60 450 12 0 
60 372 28 0 
60 352 39 0 
60 331 48 0 
60 115 30 0 
61 495 29 0 
61 441 15 0 
61 213 16 0 
61 91 22 0 
62 362 13 0 
62 340 40 0 
62 314 5 0 
62 162 43 0 
63 451 19 0 
63 319 12 0 
64 349 42 0 
64 290 8 0 
64 261 33 0 
64 201 38 0 
64 143 17 0 
64 83 22 0 
65 489 39 0 
65 429 40 0 
65 413 39 0 
65 304 11 0 
65 279 11 0 
65 154 12 0 
65 153 22 0 
65 101 53 0 
65 75 26 0 
66 491 55 0 
66 468 41 0 
66 447 46 0 
66 441 26 0 
67 390 16 0 
67 377 9 0 
68 214 27 0 
68 194 24 0 
68 188 10 0 
68 179 15 0 
68 112 21 0 
69 499 36 0 
69 377 18 0 
69 352 8 0 
70 440 25 0 
70 433 9 0 
70 136 33 0 
70 93 14 0 
71 365 31 0 
71 292 19 0 
72 339 38 0 
72 276 43 0 
72 259 11 0 
72 258 23 0 
72 182 47 0 
72 127 5 0 
72 119 16 0 
73 337 40 0 
73 244 39 0 
73 231 35 0 
73 222 14 0 
73 109 24 0 
73 88 48 0 
74 247 18 0 
74 224 40 0 
74 121 39 0 
75 290 23 0 
75 242 21 0 
76 413 41 0 
76 301 23 0 
76 257 30 0 
77 356 37 0 
77 313 39 0 
77 142 3 0 
77 78 33 0 
78 287 28 0 
79 188 38 0 
79 131 28 0 
79 103 9 0 
80 236 35 0 
80 90 11 0 
81 436 34 0 
81 417 50 0 
81 190 36 0 
81 175 43 0 
82 146 47 0 
83 475 28 0 
83 273 28 0 
83 89 22 0 
84 342 14 0 
84 296 37 0 
84 265 28 0 
85 263 19 0 
85 194 43 0 
86 385 21 0 
86 369 9 0 
86 316 18 0 
86 289 31 0 
86 124 14 0 
87 245 29 0 
87 194 16 0 
87 133 25 0 
87 90 19 0 
88 463 37 0 
88 391 26 0 
88 352 42 0 
88 141 26 0 
89 303 23 0 
89 299 37 0 
89 260 41 0 
89 210 6 0 
90 484 40 0 
90 412 25 0 
90 342 44 0 
91 461 12 0 
91 361 49 0 
91 281 25 0 
91 145 16 0 
92 409 43 0 
92 391 33 0 
92 348 17 0 
92 295 7 0 
92 172 47 0 
92 159 7 0 
93 375 30 0 
93 237 16 0 
94 410 30 0 
94 137 24 0 
95 463 28 0 
95 268 9 0 
95 252 26 0 
96 273 39 0 
96 173 50 0 
97 149 33 0 
98 366 17 0 
98 323 5 0 
98 269 18 0 
98 101 62 0 
100 367 13 0 
100 254 31 0 
101 498 17 0 
101 463 30 0 
101 462 27 0 
101 420 11 0 
101 348 45 0 
101 261 36 0 
101 255 17 0 
101 199 40 0 
101 124 34 0 
102 456 1 0 
102 103 45 0 
103 493 49 0 
103 427 52 0 
103 136 13 0 
104 309 33 0 
104 284 31 0 
104 154 27 0 
105 466 20 0 
105 412 16 0 
105 281 20 0 
105 245 23 0 
106 374 15 0 
106 306 27 0 
107 442 21 0 
107 171 13 0 
108 482 10 0 
108 432 8 0 
108 210 15 0 
109 458 32 0 
109 310 6 0 
109 254 37 0 
109 209 28 0 
109 167 27 0 
110 423 31 0 
110 382 10 0 
110 364 24 0 
110 335 28 0 
110 213 36 0 
111 433 38 0 
111 261 24 0 
111 202 10 0 
111 135 26 0 
112 338 15 0 
113 472 15 0 
113 352 4 0 
114 499 17 0 
114 444 10 0 
114 228 33 0 
114 169 11 0 
115 374 35 0 
115 368 14 0 
115 216 16 0 
116 470 27 0 
116 460 32 0 
116 435 16 0 
116 408 22 0 
116 260 6 0 
117 319 28 0 
117 207 38 0 
117 199 11 0 
117 122 11 0 
118 377 33 0 
118 314 28 0 
119 220 25 0 
120 323 33 0 
121 480 30 0 
121 440 20 0 
121 348 24 0 
121 309 12 0 
121 172 32 0 
122 499 27 0 
122 406 21 0 
122 363 35 0 
122 241 33 0 
122 189 7 0 
122 186 32 0 
122 176 39 0 
122 157 11 0 
122 155 27 0 
122 137 15 0 
123 393 27 0 
123 128 16 0 
124 296 18 0 
124 291 11 0 
124 269 26 0 
124 205 10 0 
125 421 8 0 
125 364 19 0 
125 221 18 0 
126 213 19 0 
127 208 17 0 
127 172 38 0 
128 477 28 0 
128 465 30 0 
128 450 31 0 
128 254 34 0 
128 191 5 0 
129 447 7 0 
129 200 28 0 
130 486 23 0 
130 412 21 0 
130 408 15 0 
130 369 22 0 
130 361 51 0 
130 349 52 0 
131 413 4 0 
131 254 3 0 
131 218 43 0 
132 329 24 0 
132 214 16 0 
132 142 12 0 
133 386 19 0 
133 374 19 0 
133 359 37 0 
133 206 26 0 
133 195 2 0 
135 379 24 0 
135 294 25 0 
136 455 13 0 
136 415 26 0 
136 258 4 0 
136 250 39 0 
136 193 45 0 
136 157 33 0 
137 442 29 0 
137 408 22 0 
137 349 16 0 
138 405 34 0 
138 260 32 0 
138 193 30 0 
139 491 21 0 
140 259 36 0 
140 258 45 0 
140 236 35 0 
142 354 26 0 
143 377 30 0 
143 320 37 0 
144 409 49 0 
144 298 40 0 
144 148 18 0 
145 348 7 0 
146 283 45 0 
146 220 23 0 
146 157 14 0 
147 406 29 0 
147 252 17 0 
148 447 32 0 
148 437 33 0 
148 375 40 0 
148 267 12 0 
148 198 8 0 
149 395 14 0 
149 329 52 0 
149 210 40 0 
150 460 43 0 
150 404 18 0 
150 360 24 0 
150 200 26 0 
151 350 22 0 
151 264 47 0 
151 210 32 0 
152 331 16 0 
152 200 24 0 
153 447 26 0 
154 496 30 0 
154 448 24 0 
154 387 33 0 
154 310 22 0 
154 158 34 0 
155 476 24 0 
155 460 46 0 
155 302 36 0 
156 405 2 0 
157 495 43 0 
157 403 31 0 
157 256 14 0 
157 194 13 0 
158 355 38 0 
158 222 6 0 
158 208 28 0 
158 195 41 0 
159 279 8 0 
159 204 52 0 
159 161 38 0 
160 452 26 0 
160 358 34 0 
160 175 43 0 
161 163 31 0 
163 474 11 0 
163 393 12 0 
163 377 28 0 
163 236 20 0 
163 188 41 0 
163 171 38 0 
164 495 11 0 
164 492 18 0 
164 393 34 0 
164 327 5 0 
164 299 11 0 
164 229 18 0 
164 181 8 0 
165 492 18 0 
166 452 21 0 
166 374 34 0 
166 258 34 0 
166 208 16 0 
166 184 37 0 
167 490 21 0 
167 434 35 0 
167 332 49 0 
167 187 28 0 
168 490 28 0 
168 436 12 0 
168 329 28 0 
168 294 11 0 
168 271 31 0 
169 470 31 0 
169 353 18 0 
170 333 10 0 
170 309 35 0 
170 177 27 0 
171 473 48 0 
171 248 8 0 
171 200 10 0 
172 482 33 0 
172 455 28 0 
172 194 13 0 
173 408 16 0 
173 377 41 0 
173 324 12 0 
173 317 36 0 
173 186 48 0 
174 498 22 0 
174 330 40 0 
174 239 39 0 
174 189 9 0 
175 497 27 0 
175 305 13 0 
176 395 6 0 
176 348 3 0 
176 189 32 0 
177 440 23 0 
177 371 31 0 
177 272 19 0 
177 178 27 0 
178 407 23 0 
178 356 45 0 
178 230 28 0 
178 223 45 0 
179 390 21 0 
179 320 35 0 
179 219 12 0 
180 312 3 0 
180 277 46 0 
180 267 38 0 
181 286 27 0 
182 302 27 0 
183 423 54 0 
183 337 37 0 
184 330 7 0 
184 273 11 0 
185 228 61 0 
186 394 24 0 
186 314 26 0 
186 265 18 0 
187 372 18 0 
187 214 22 0 
188 396 23 0 
188 352 7 0 
188 346 47 0 
189 372 16 0 
190 217 13 0 
191 470 11 0 
191 425 39 0 
191 207 32 0 
192 318 22 0 
193 369 49 0 
193 290 50 0 
193 278 8 0 
195 481 20 0 
195 384 14 0 
195 267 23 0 
195 241 8 0 
196 452 9 0 
196 212 19 0 
197 220 13 0 
198 291 25 0 
198 237 35 0 
199 309 26 0 
200 400 25 0 
201 485 36 0 
201 439 45 0 
202 498 31 0 
202 448 29 0 
202 437 33 0 
202 395 11 0 
202 372 30 0 
202 276 26 0 
202 254 41 0 
203 475 29 0 
203 345 8 0 
204 368 32 0 
205 388 26 0 
205 349 28 0 
205 303 25 0 
205 270 10 0 
205 237 19 0 
206 494 12 0 
206 431 25 0 
206 218 28 0 
206 210 9 0 
207 483 34 0 
207 475 31 0 
207 324 19 0 
208 409 29 0 
208 408 16 0 
208 219 12 0 
209 466 29 0 
209 388 9 0 
210 487 12 0 
210 451 17 0 
210 411 18 0 
210 357 20 0 
210 330 24 0 
211 330 1 0 
212 489 9 0 
212 458 45 0 
212 426 33 0 
212 404 25 0 
213 485 45 0 
213 364 14 0 
214 489 29 0 
215 477 26 0 
215 336 31 0 
215 318 16 0 
215 276 20 0 
217 299 23 0 
217 298 21 0 
218 333 9 0 
218 243 36 0 
219 287 16 0 
220 268 22 0 
220 262 26 0 
221 496 27 0 
221 471 42 0 
221 460 34 0 
221 386 30 0 
221 362 21 0 
221 307 23 0 
222 362 20 0 
222 330 40 0 
222 276 15 0 
222 255 13 0 
222 236 38 0 
223 327 22 0 
224 437 40 0 
224 410 30 0 
225 490 22 0 
225 417 14 0 
226 431 33 0 
226 288 29 0 
226 236 26 0 
227 394 29 0 
227 335 15 0 
228 435 42 0 
228 329 10 0 
228 237 31 0 
229 425 44 0 
229 411 38 0 
229 347 11 0 
230 383 47 0 
230 353 22 0 
230 261 27 0 
231 243 19 0 
232 379 9 0 
232 341 21 0 
233 443 46 0 
233 365 20 0 
233 277 42 0 
234 470 20 0 
234 448 17 0 
234 360 34 0 
235 433 32 0 
235 419 10 0 
235 291 12 0 
236 498 36 0 
236 281 19 0 
237 489 18 0 
237 320 26 0 
237 288 44 0 
238 309 44 0 
239 483 25 0 
239 408 8 0 
240 301 28 0 
241 431 40 0 
241 381 16 0 
241 344 43 0 
242 324 31 0 
244 414 25 0 
244 362 22 0 
245 421 39 0 
245 272 47 0 
246 492 29 0 
246 481 21 0 
246 409 37 0 
246 343 12 0 
247 379 8 0 
247 345 19 0 
248 382 18 0 
248 291 24 0 
248 258 42 0 
249 417 7 0 
249 298 44 0 
249 269 43 0 
250 437 13 0 
250 345 16 0 
250 336 48 0 
251 476 14 0 
252 436 14 0 
252 325 13 0 
253 334 9 0 
253 319 14 0 
254 455 28 0 
255 486 21 0 
256 451 21 0 
256 393 22 0 
257 335 34 0 
257 286 39 0 
257 271 27 0 
257 259 34 0 
258 401 23 0 
259 478 24 0 
259 467 9 0 
259 408 32 0 
260 443 41 0 
260 348 14 0 
260 342 33 0 
261 443 11 0 
261 351 34 0 
262 488 43 0 
262 340 15 0 
263 442 17 0 
263 323 19 0 
263 288 29 0 
264 363 41 0 
264 284 20 0 
265 479 43 0 
265 266 19 0 
266 448 25 0 
266 444 14 0 
267 478 15 0 
267 326 35 0 
267 297 18 0 
268 357 30 0 
268 331 35 0 
269 420 44 0 
270 414 16 0 
271 421 32 0 
272 426 32 0 
272 422 45 0 
272 365 21 0 
272 333 43 0 
273 354 21 0 
274 474 26 0 
275 468 3 0 
276 289 34 0 
278 440 38 0 
278 305 21 0 
279 462 21 0 
279 380 29 0 
279 369 12 0 
279 357 27 0 
280 399 24 0 
281 473 12 0 
282 462 26 0 
282 432 10 0 
283 461 25 0 
283 423 12 0 
284 388 46 0 
285 497 9 0 
285 440 40 0 
286 492 35 0 
286 409 44 0 
287 359 28 0 
287 335 4 0 
288 490 19 0 
288 452 26 0 
288 305 19 0 
289 362 24 0 
290 444 22 0 
291 424 11 0 
292 446 10 0 
292 331 25 0 
293 478 24 0 
294 331 16 0 
295 479 45 0 
297 424 32 0 
297 379 18 0 
300 341 21 0 
300 315 31 0 
301 476 14 0 
302 473 22 0 
303 350 34 0 
304 464 19 0 
304 329 30 0 
305 377 24 0 
306 442 35 0 
307 437 47 0 
307 383 60 0 
308 421 34 0 
308 420 38 0 
308 345 10 0 
309 374 41 0 
311 415 22 0 
312 330 35 0 
313 450 34 0 
313 321 26 0 
314 455 21 0 
314 362 12 0 
315 447 46 0 
319 399 17 0 
321 447 48 0 
321 439 14 0 
321 409 48 0 
322 412 29 0 
323 452 26 0 
323 433 53 0 
323 393 30 0 
323 352 37 0 
325 491 31 0 
325 445 24 0 
325 328 18 0 
326 403 39 0 
326 392 6 0 
326 349 41 0 
326 338 27 0 
328 372 32 0 
331 453 38 0 
331 423 49 0 
332 389 34 0 
332 352 28 0 
335 424 16 0 
336 346 17 0 
337 341 30 0 
338 459 28 0 
339 460 16 0 
339 411 21 0 
340 491 45 0 
340 476 30 0 
340 365 29 0 
340 359 38 0 
341 347 21 0 
342 482 36 0 
342 438 50 0 
342 343 25 0 
343 363 2 0 
345 407 14 0 
345 391 7 0 
346 496 32 0 
346 438 40 0 
346 370 29 0 
347 461 25 0 
348 481 29 0 
348 435 6 0 
349 483 38 0 
349 396 25 0 
351 405 34 0 
352 478 25 0 
352 368 30 0 
354 450 23 0 
355 357 20 0 
356 394 14 0 
357 498 34 0 
357 402 12 0 
357 397 9 0 
358 441 23 0 
361 482 11 0 
362 413 20 0 
364 482 13 0 
365 498 13 0 
367 431 13 0 
368 389 9 0 
369 408 20 0 
370 481 38 0 
370 450 13 0 
372 492 5 0 
376 481 6 0 
377 426 27 0 
377 401 45 0 
377 394 20 0 
378 436 23 0 
379 432 11 0 
379 398 31 0 
382 437 25 0 
382 424 19 0 
382 401 48 0 
383 453 20 0 
385 450 20 0 
385 389 14 0 
386 484 27 0 
386 407 16 0 
387 453 36 0 
389 436 16 0 
393 469 43 0 
393 455 21 0 
394 447 10 0 
395 485 14 0 
396 424 19 0 
398 456 39 0 
399 496 42 0 
399 462 38 0 
401 416 31 0 
403 473 51 0 
403 458 22 0 
404 427 25 0 
405 471 39 0 
405 424 18 0 
407 450 16 0 
410 484 33 0 
411 457 42 0 
413 428 44 0 
414 454 37 0 
424 446 14 0 
427 454 45 0 
430 452 14 0 
431 438 21 0 
432 490 21 0 
433 464 38 0 
434 489 12 0 
435 442 9 0 
436 477 33 0 
436 458 21 0 
437 463 21 0 
439 466 22 0 
439 451 23 0 
441 462 21 0 
442 465 33 0 
444 467 16 0 
445 469 30 0 
445 463 14 0 
446 473 41 0 
446 472 13 0 
448 457 30 0 
449 457 18 0 
453 491 39 0 
453 484 10 0 
454 458 34 0 
459 496 49 0 
460 473 9 0 
461 489 33 0 
466 482 19 0 
472 483 31 0 
472 473 45 0 
473 499 13 0 
474 482 32 0 
482 483 9 0 
486 499 7 0 
