#GRAPH (#nodes #edges id uu vv ww xx yy zz):
#500 2072 geo(0,{500,50,3,0.008,0.000,0.000}) 50 
#
VERTICES (index name u v w x y z):
0 0 19 23 
1 1 22 40 
2 2 12 7 
3 3 0 43 
4 4 34 37 
5 5 33 9 
6 6 24 26 
7 7 25 29 
8 8 16 42 
9 9 29 47 
10 10 35 30 
11 11 45 14 
12 12 34 17 
13 13 36 20 
14 14 35 29 
15 15 47 20 
16 16 3 21 
17 17 49 26 
18 18 35 14 
19 19 0 5 
20 20 6 20 
21 21 45 21 
22 22 25 4 
23 23 41 11 
24 24 16 39 
25 25 35 11 
26 26 33 24 
27 27 31 19 
28 28 13 47 
29 29 7 44 
30 30 2 20 
31 31 2 16 
32 32 19 25 
33 33 37 37 
34 34 40 19 
35 35 4 39 
36 36 43 45 
37 37 26 36 
38 38 45 1 
39 39 34 41 
40 40 26 48 
41 41 46 32 
42 42 0 30 
43 43 33 7 
44 44 10 14 
45 45 17 14 
46 46 39 18 
47 47 42 8 
48 48 44 34 
49 49 19 49 
50 50 33 44 
51 51 28 43 
52 52 39 38 
53 53 24 1 
54 54 29 15 
55 55 35 46 
56 56 9 35 
57 57 7 21 
58 58 23 32 
59 59 13 48 
60 60 26 9 
61 61 0 26 
62 62 19 47 
63 63 31 23 
64 64 24 11 
65 65 12 27 
66 66 25 1 
67 67 34 8 
68 68 24 22 
69 69 47 39 
70 70 37 47 
71 71 25 42 
72 72 43 44 
73 73 19 38 
74 74 20 32 
75 75 44 33 
76 76 12 32 
77 77 39 5 
78 78 14 25 
79 79 12 36 
80 80 6 26 
81 81 31 44 
82 82 18 11 
83 83 37 25 
84 84 19 43 
85 85 47 4 
86 86 36 12 
87 87 40 36 
88 88 35 1 
89 89 3 23 
90 90 27 14 
91 91 3 1 
92 92 9 38 
93 93 23 8 
94 94 44 15 
95 95 44 29 
96 96 6 43 
97 97 20 20 
98 98 22 46 
99 99 41 44 
100 100 0 9 
101 101 21 31 
102 102 45 46 
103 103 40 21 
104 104 2 22 
105 105 4 17 
106 106 5 19 
107 107 12 45 
108 108 14 2 
109 109 17 17 
110 110 1 47 
111 111 44 8 
112 112 15 39 
113 113 35 48 
114 114 43 39 
115 115 30 15 
116 116 1 45 
117 117 18 10 
118 118 19 28 
119 119 12 37 
120 120 49 33 
121 121 43 30 
122 122 12 13 
123 123 47 10 
124 124 13 19 
125 125 5 49 
126 126 23 26 
127 127 14 6 
128 128 39 41 
129 129 30 31 
130 130 26 34 
131 131 15 33 
132 132 14 11 
133 133 34 24 
134 134 29 7 
135 135 23 10 
136 136 33 20 
137 137 39 49 
138 138 36 45 
139 139 17 37 
140 140 7 47 
141 141 39 19 
142 142 44 18 
143 143 0 22 
144 144 7 29 
145 145 43 4 
146 146 7 18 
147 147 11 43 
148 148 41 37 
149 149 16 20 
150 150 47 35 
151 151 1 13 
152 152 42 46 
153 153 12 0 
154 154 28 9 
155 155 32 1 
156 156 1 40 
157 157 33 8 
158 158 28 23 
159 159 48 4 
160 160 40 6 
161 161 12 40 
162 162 14 12 
163 163 9 0 
164 164 25 7 
165 165 37 23 
166 166 46 5 
167 167 24 36 
168 168 40 40 
169 169 46 18 
170 170 4 42 
171 171 33 0 
172 172 15 4 
173 173 36 24 
174 174 5 43 
175 175 46 30 
176 176 22 8 
177 177 39 1 
178 178 4 4 
179 179 24 15 
180 180 9 7 
181 181 16 33 
182 182 11 16 
183 183 47 11 
184 184 13 8 
185 185 49 14 
186 186 7 38 
187 187 39 15 
188 188 2 11 
189 189 42 42 
190 190 28 46 
191 191 40 45 
192 192 10 30 
193 193 28 34 
194 194 37 41 
195 195 27 35 
196 196 48 1 
197 197 34 13 
198 198 34 30 
199 199 12 30 
200 200 19 27 
201 201 38 24 
202 202 21 1 
203 203 12 21 
204 204 20 31 
205 205 15 43 
206 206 45 20 
207 207 45 45 
208 208 44 9 
209 209 22 7 
210 210 37 4 
211 211 16 27 
212 212 16 31 
213 213 26 23 
214 214 25 15 
215 215 5 38 
216 216 35 31 
217 217 22 23 
218 218 38 41 
219 219 21 19 
220 220 31 30 
221 221 42 1 
222 222 41 3 
223 223 0 8 
224 224 22 4 
225 225 34 35 
226 226 27 25 
227 227 21 9 
228 228 19 44 
229 229 10 47 
230 230 15 8 
231 231 20 29 
232 232 30 2 
233 233 6 15 
234 234 41 1 
235 235 45 44 
236 236 9 45 
237 237 46 28 
238 238 48 11 
239 239 10 21 
240 240 31 46 
241 241 27 48 
242 242 42 27 
243 243 28 7 
244 244 35 42 
245 245 33 38 
246 246 31 14 
247 247 3 0 
248 248 48 19 
249 249 23 17 
250 250 25 35 
251 251 29 39 
252 252 22 2 
253 253 40 8 
254 254 25 36 
255 255 13 22 
256 256 43 48 
257 257 18 46 
258 258 43 27 
259 259 48 48 
260 260 10 3 
261 261 8 42 
262 262 44 49 
263 263 21 40 
264 264 42 13 
265 265 32 33 
266 266 29 36 
267 267 2 43 
268 268 45 3 
269 269 45 40 
270 270 45 34 
271 271 36 15 
272 272 15 12 
273 273 35 28 
274 274 49 32 
275 275 33 31 
276 276 48 35 
277 277 38 20 
278 278 35 15 
279 279 22 28 
280 280 30 23 
281 281 10 43 
282 282 45 49 
283 283 2 14 
284 284 47 41 
285 285 13 18 
286 286 18 41 
287 287 34 42 
288 288 37 44 
289 289 1 2 
290 290 17 25 
291 291 36 47 
292 292 4 38 
293 293 3 19 
294 294 33 32 
295 295 30 27 
296 296 32 48 
297 297 48 21 
298 298 16 12 
299 299 5 15 
300 300 4 23 
301 301 26 15 
302 302 19 48 
303 303 29 13 
304 304 23 18 
305 305 2 38 
306 306 17 44 
307 307 44 23 
308 308 21 34 
309 309 3 17 
310 310 25 23 
311 311 1 35 
312 312 40 3 
313 313 47 17 
314 314 0 40 
315 315 15 38 
316 316 45 28 
317 317 10 42 
318 318 32 47 
319 319 43 13 
320 320 7 49 
321 321 1 20 
322 322 15 20 
323 323 43 0 
324 324 16 29 
325 325 42 45 
326 326 18 5 
327 327 20 36 
328 328 45 13 
329 329 42 22 
330 330 3 33 
331 331 14 15 
332 332 11 35 
333 333 19 4 
334 334 7 45 
335 335 16 34 
336 336 47 24 
337 337 41 35 
338 338 21 15 
339 339 13 28 
340 340 31 0 
341 341 42 23 
342 342 7 16 
343 343 44 16 
344 344 40 35 
345 345 14 37 
346 346 29 23 
347 347 8 37 
348 348 3 8 
349 349 35 3 
350 350 12 4 
351 351 14 21 
352 352 45 10 
353 353 0 7 
354 354 40 24 
355 355 23 20 
356 356 33 12 
357 357 41 40 
358 358 12 6 
359 359 47 6 
360 360 44 44 
361 361 19 36 
362 362 31 47 
363 363 8 10 
364 364 36 38 
365 365 23 16 
366 366 8 34 
367 367 13 23 
368 368 42 36 
369 369 44 17 
370 370 22 17 
371 371 5 6 
372 372 34 4 
373 373 27 12 
374 374 19 41 
375 375 16 28 
376 376 36 16 
377 377 28 18 
378 378 27 45 
379 379 35 17 
380 380 31 21 
381 381 22 27 
382 382 44 21 
383 383 28 8 
384 384 16 10 
385 385 40 5 
386 386 15 46 
387 387 26 44 
388 388 44 0 
389 389 25 33 
390 390 24 17 
391 391 2 35 
392 392 21 25 
393 393 1 19 
394 394 2 6 
395 395 48 14 
396 396 9 2 
397 397 38 15 
398 398 27 0 
399 399 40 20 
400 400 34 32 
401 401 5 27 
402 402 47 12 
403 403 43 24 
404 404 13 38 
405 405 32 36 
406 406 19 8 
407 407 6 3 
408 408 16 17 
409 409 27 27 
410 410 22 49 
411 411 5 34 
412 412 23 3 
413 413 32 45 
414 414 45 8 
415 415 39 34 
416 416 8 8 
417 417 25 47 
418 418 5 45 
419 419 9 13 
420 420 27 26 
421 421 0 39 
422 422 0 6 
423 423 21 32 
424 424 34 49 
425 425 38 40 
426 426 5 13 
427 427 0 47 
428 428 15 19 
429 429 27 8 
430 430 38 3 
431 431 46 6 
432 432 32 15 
433 433 22 3 
434 434 17 0 
435 435 38 16 
436 436 9 25 
437 437 39 32 
438 438 9 14 
439 439 18 20 
440 440 25 13 
441 441 3 48 
442 442 20 47 
443 443 47 30 
444 444 1 18 
445 445 30 29 
446 446 43 17 
447 447 36 48 
448 448 17 21 
449 449 47 9 
450 450 29 33 
451 451 20 46 
452 452 8 27 
453 453 6 1 
454 454 42 18 
455 455 8 14 
456 456 29 12 
457 457 1 5 
458 458 4 26 
459 459 44 40 
460 460 14 39 
461 461 23 27 
462 462 35 49 
463 463 25 45 
464 464 49 43 
465 465 28 42 
466 466 49 1 
467 467 30 28 
468 468 44 20 
469 469 26 26 
470 470 23 19 
471 471 39 47 
472 472 9 12 
473 473 15 14 
474 474 15 23 
475 475 42 31 
476 476 18 40 
477 477 9 31 
478 478 42 2 
479 479 6 24 
480 480 28 37 
481 481 37 3 
482 482 4 33 
483 483 44 4 
484 484 32 4 
485 485 41 9 
486 486 36 7 
487 487 39 22 
488 488 35 34 
489 489 7 36 
490 490 19 12 
491 491 36 44 
492 492 32 14 
493 493 4 40 
494 494 35 37 
495 495 2 40 
496 496 8 48 
497 497 3 44 
498 498 13 21 
499 499 39 40 
#
EDGES (from-node to-node length a b):
0 473 10 0 
0 425 25 0 
0 237 27 0 
0 214 10 0 
0 200 4 0 
0 97 3 0 
0 82 12 0 
1 266 8 0 
1 38 45 0 
2 467 28 0 
2 382 35 0 
2 264 31 0 
2 249 15 0 
2 160 28 0 
2 139 30 0 
2 105 13 0 
3 385 55 0 
3 379 44 0 
3 319 52 0 
3 278 45 0 
3 158 34 0 
4 313 24 0 
4 206 20 0 
4 171 37 0 
5 453 28 0 
5 451 39 0 
5 325 37 0 
6 348 28 0 
6 237 22 0 
6 226 3 0 
6 224 22 0 
6 121 19 0 
7 477 16 0 
7 345 14 0 
7 277 16 0 
7 273 10 0 
7 93 21 0 
7 84 15 0 
7 37 7 0 
8 144 16 0 
8 10 22 0 
9 467 19 0 
9 430 45 0 
9 415 16 0 
9 382 30 0 
9 356 35 0 
9 220 17 0 
9 77 43 0 
10 484 26 0 
10 394 41 0 
10 292 32 0 
10 259 22 0 
10 227 25 0 
10 203 25 0 
10 160 25 0 
10 153 38 0 
11 442 41 0 
11 307 9 0 
11 304 22 0 
11 285 32 0 
11 18 10 0 
12 483 16 0 
12 444 33 0 
12 426 29 0 
12 304 11 0 
12 113 31 0 
13 470 13 0 
13 469 12 0 
13 284 24 0 
13 60 15 0 
13 54 9 0 
14 493 33 0 
14 479 29 0 
14 295 5 0 
14 188 38 0 
14 113 19 0 
14 99 16 0 
14 53 30 0 
15 437 14 0 
15 395 6 0 
15 255 34 0 
15 243 23 0 
15 112 37 0 
15 44 37 0 
16 480 30 0 
16 385 40 0 
16 289 19 0 
16 128 41 0 
16 120 48 0 
17 310 24 0 
18 467 15 0 
18 326 19 0 
18 45 18 0 
19 464 62 0 
19 420 34 0 
19 175 52 0 
19 154 28 0 
19 129 40 0 
20 491 38 0 
20 411 14 0 
20 386 28 0 
20 300 4 0 
20 57 1 0 
21 301 20 0 
21 287 24 0 
21 177 21 0 
21 85 17 0 
22 405 33 0 
22 376 16 0 
22 147 41 0 
22 98 42 0 
23 480 29 0 
23 383 13 0 
23 327 33 0 
23 311 47 0 
24 489 9 0 
24 484 38 0 
24 240 17 0 
24 208 41 0 
24 91 40 0 
25 422 35 0 
25 369 11 0 
25 205 38 0 
25 109 19 0 
26 207 24 0 
26 189 20 0 
26 170 34 0 
27 491 25 0 
27 447 29 0 
27 380 2 0 
27 139 23 0 
28 356 40 0 
28 217 26 0 
28 30 29 0 
29 480 22 0 
29 256 36 0 
29 105 27 0 
29 33 31 0 
30 186 19 0 
30 119 20 0 
31 350 16 0 
31 303 27 0 
31 163 17 0 
32 478 33 0 
32 220 13 0 
32 92 16 0 
33 106 37 0 
33 77 32 0 
33 66 38 0 
34 492 9 0 
34 443 13 0 
34 230 27 0 
35 358 34 0 
35 253 48 0 
35 89 16 0 
36 161 31 0 
36 131 30 0 
37 145 36 0 
38 200 37 0 
39 82 34 0 
40 387 4 0 
40 220 19 0 
40 209 41 0 
40 116 25 0 
40 113 9 0 
41 258 6 0 
41 164 33 0 
41 76 34 0 
42 455 18 0 
42 265 32 0 
42 254 26 0 
43 464 39 0 
43 441 51 0 
43 371 28 0 
43 348 30 0 
43 179 12 0 
43 136 13 0 
43 95 25 0 
43 86 6 0 
44 408 7 0 
44 383 19 0 
44 373 17 0 
44 282 49 0 
44 148 39 0 
44 116 32 0 
45 348 15 0 
45 283 15 0 
45 215 27 0 
45 191 39 0 
45 136 17 0 
45 131 19 0 
46 383 15 0 
46 275 14 0 
46 174 42 0 
47 415 26 0 
47 64 18 0 
48 475 4 0 
48 440 28 0 
48 150 3 0 
48 132 38 0 
49 477 21 0 
49 447 17 0 
49 340 50 0 
49 122 37 0 
49 119 14 0 
49 84 6 0 
49 50 15 0 
50 356 32 0 
50 283 43 0 
50 277 25 0 
50 252 43 0 
50 243 37 0 
51 432 28 0 
51 389 10 0 
51 379 27 0 
51 288 9 0 
51 247 50 0 
51 222 42 0 
51 124 28 0 
51 104 33 0 
51 60 34 0 
52 477 31 0 
52 450 11 0 
52 168 2 0 
52 81 10 0 
53 483 20 0 
53 408 18 0 
53 383 8 0 
53 130 33 0 
54 437 20 0 
54 339 21 0 
54 309 26 0 
54 275 16 0 
54 269 30 0 
54 196 24 0 
55 423 20 0 
55 259 13 0 
56 348 28 0 
57 94 37 0 
58 461 5 0 
58 432 19 0 
58 329 21 0 
58 219 13 0 
58 102 26 0 
58 91 37 0 
59 491 23 0 
59 134 44 0 
59 72 30 0 
60 185 24 0 
61 385 45 0 
61 321 6 0 
61 221 49 0 
61 164 31 0 
61 128 42 0 
61 119 16 0 
61 114 45 0 
62 245 17 0 
62 113 16 0 
63 462 26 0 
63 431 23 0 
63 357 20 0 
63 266 13 0 
64 311 33 0 
65 387 22 0 
65 217 11 0 
66 491 44 0 
66 158 22 0 
66 136 21 0 
66 134 7 0 
67 480 30 0 
67 437 25 0 
67 118 25 0 
68 353 28 0 
68 287 22 0 
68 80 18 0 
69 489 40 0 
69 472 47 0 
69 233 48 0 
69 213 26 0 
69 167 23 0 
70 382 27 0 
70 308 21 0 
70 263 17 0 
70 135 40 0 
71 414 39 0 
71 263 4 0 
71 136 23 0 
72 370 34 0 
72 215 38 0 
72 175 14 0 
72 112 28 0 
73 450 11 0 
73 292 15 0 
73 84 5 0 
74 470 13 0 
74 113 22 0 
75 332 33 0 
75 96 39 0 
76 476 10 0 
76 359 44 0 
77 465 39 0 
77 420 24 0 
77 371 34 0 
77 122 28 0 
77 78 32 0 
78 321 14 0 
78 261 18 0 
78 216 22 0 
78 199 5 0 
78 116 24 0 
79 472 24 0 
79 439 17 0 
79 415 27 0 
80 363 16 0 
80 243 29 0 
80 160 39 0 
81 394 48 0 
81 300 34 0 
81 241 6 0 
81 229 21 0 
81 205 16 0 
82 432 15 0 
82 430 22 0 
82 354 26 0 
82 274 37 0 
82 172 8 0 
82 131 22 0 
83 472 31 0 
83 275 7 0 
83 268 23 0 
83 137 24 0 
85 366 49 0 
85 186 52 0 
85 111 5 0 
86 313 12 0 
86 256 37 0 
86 198 18 0 
87 338 28 0 
87 259 14 0 
87 234 35 0 
88 482 45 0 
88 461 29 0 
88 252 13 0 
88 117 19 0 
89 341 39 0 
89 309 6 0 
90 462 36 0 
90 432 5 0 
90 424 36 0 
90 343 17 0 
90 316 23 0 
90 253 14 0 
90 161 30 0 
90 150 29 0 
91 408 21 0 
91 206 46 0 
92 465 19 0 
92 445 23 0 
92 441 12 0 
92 418 8 0 
92 386 10 0 
92 225 25 0 
93 403 26 0 
93 263 32 0 
93 196 26 0 
94 325 30 0 
94 308 30 0 
94 236 46 0 
95 443 3 0 
95 420 17 0 
95 411 39 0 
96 232 48 0 
97 434 20 0 
97 322 5 0 
97 305 25 0 
98 491 14 0 
98 486 41 0 
98 384 36 0 
98 318 10 0 
98 172 43 0 
98 160 44 0 
99 431 38 0 
99 396 53 0 
99 325 1 0 
99 295 20 0 
99 151 51 0 
99 142 26 0 
100 461 29 0 
100 307 46 0 
100 250 36 0 
100 150 54 0 
101 436 13 0 
101 136 16 0 
102 408 41 0 
102 123 36 0 
103 328 9 0 
103 320 43 0 
103 147 36 0 
103 135 20 0 
104 445 29 0 
104 437 38 0 
104 428 13 0 
104 376 35 0 
104 252 28 0 
104 240 38 0 
104 163 23 0 
105 472 7 0 
105 321 4 0 
105 275 32 0 
105 263 29 0 
105 175 44 0 
105 132 12 0 
106 218 40 0 
107 453 44 0 
107 400 26 0 
107 366 12 0 
108 462 51 0 
108 387 44 0 
108 285 16 0 
108 207 53 0 
109 376 19 0 
109 339 12 0 
110 468 51 0 
110 301 41 0 
111 268 5 0 
111 245 32 0 
112 409 17 0 
112 251 14 0 
112 221 47 0 
112 168 25 0 
113 278 33 0 
114 352 29 0 
114 319 26 0 
114 184 43 0 
114 134 35 0 
115 486 10 0 
115 447 34 0 
115 182 19 0 
115 168 27 0 
116 470 34 0 
116 320 7 0 
117 434 10 0 
117 376 19 0 
117 358 7 0 
118 312 33 0 
118 210 30 0 
118 158 10 0 
119 468 36 0 
119 228 10 0 
120 281 40 0 
121 309 42 0 
121 222 27 0 
122 428 7 0 
122 404 25 0 
122 349 25 0 
122 316 36 0 
122 281 30 0 
122 184 5 0 
122 159 37 0 
122 132 3 0 
123 411 48 0 
123 360 34 0 
123 311 52 0 
123 199 40 0 
124 448 4 0 
124 291 36 0 
125 265 31 0 
125 222 58 0 
125 155 55 0 
125 126 29 0 
126 364 18 0 
126 343 23 0 
126 246 14 0 
126 200 4 0 
126 182 16 0 
126 172 23 0 
126 144 16 0 
127 439 15 0 
128 344 6 0 
128 211 27 0 
128 142 24 0 
129 465 11 0 
129 423 9 0 
129 326 29 0 
129 142 19 0 
131 471 28 0 
131 226 14 0 
131 191 28 0 
132 481 24 0 
132 373 13 0 
132 254 27 0 
133 469 8 0 
133 412 24 0 
133 395 17 0 
134 327 30 0 
134 312 12 0 
134 301 9 0 
134 275 24 0 
134 262 45 0 
134 235 40 0 
134 229 44 0 
134 193 27 0 
135 194 34 0 
136 471 28 0 
136 312 18 0 
136 187 8 0 
136 165 5 0 
137 293 47 0 
138 382 25 0 
138 274 18 0 
138 147 25 0 
138 145 42 0 
139 173 23 0 
139 164 31 0 
140 166 57 0 
141 494 18 0 
141 241 31 0 
142 377 16 0 
142 304 21 0 
143 203 12 0 
144 310 19 0 
144 308 15 0 
144 286 16 0 
144 283 16 0 
144 214 23 0 
145 453 37 0 
145 338 25 0 
145 317 50 0 
145 197 13 0 
146 497 26 0 
146 401 9 0 
146 268 41 0 
146 236 27 0 
146 195 26 0 
147 497 8 0 
147 492 36 0 
147 488 26 0 
147 455 29 0 
147 312 49 0 
147 219 26 0 
148 345 27 0 
149 482 18 0 
149 378 27 0 
149 374 21 0 
149 203 4 0 
150 427 49 0 
150 412 40 0 
150 366 39 0 
150 351 36 0 
150 193 19 0 
151 372 34 0 
151 320 36 0 
151 277 38 0 
152 427 42 0 
152 422 58 0 
153 309 19 0 
153 290 25 0 
154 494 29 0 
154 334 42 0 
154 265 24 0 
154 190 37 0 
156 496 11 0 
156 227 37 0 
156 187 45 0 
157 380 13 0 
157 189 35 0 
159 360 40 0 
159 299 44 0 
159 296 47 0 
159 178 44 0 
160 425 34 0 
160 318 42 0 
160 194 35 0 
161 443 36 0 
161 426 28 0 
162 494 33 0 
162 274 40 0 
162 257 34 0 
163 310 28 0 
163 240 51 0 
164 202 7 0 
165 323 24 0 
165 273 5 0 
165 236 36 0 
166 492 17 0 
166 386 51 0 
166 289 45 0 
166 177 8 0 
167 200 10 0 
168 352 30 0 
168 232 39 0 
169 454 4 0 
169 424 33 0 
169 289 48 0 
169 268 15 0 
171 464 46 0 
172 422 15 0 
172 282 54 0 
173 315 25 0 
173 312 21 0 
173 215 34 0 
173 212 21 0 
174 447 31 0 
174 317 5 0 
174 217 26 0 
174 207 40 0 
175 358 42 0 
176 452 24 0 
176 362 40 0 
177 241 49 0 
178 250 37 0 
179 327 21 0 
179 294 19 0 
179 259 41 0 
180 469 25 0 
180 428 13 0 
180 324 23 0 
180 182 9 0 
181 206 32 0 
182 466 41 0 
182 463 32 0 
182 271 25 0 
182 269 42 0 
182 206 34 0 
183 347 47 0 
183 329 12 0 
183 302 46 0 
185 499 28 0 
185 298 33 0 
185 195 30 0 
186 374 12 0 
186 372 43 0 
186 309 21 0 
186 303 33 0 
187 220 17 0 
188 491 47 0 
188 476 33 0 
188 438 8 0 
188 199 21 0 
189 457 55 0 
189 378 15 0 
189 324 29 0 
189 260 50 0 
190 458 31 0 
190 266 10 0 
191 477 34 0 
191 431 39 0 
191 368 9 0 
191 266 14 0 
192 256 38 0 
192 241 25 0 
192 224 29 0 
193 421 28 0 
193 231 9 0 
194 458 36 0 
194 294 10 0 
194 275 11 0 
195 488 8 0 
195 396 38 0 
195 219 17 0 
196 329 22 0 
196 303 22 0 
196 229 60 0 
197 402 13 0 
197 383 8 0 
197 370 13 0 
197 353 35 0 
199 397 30 0 
199 245 22 0 
199 217 12 0 
200 394 27 0 
200 387 18 0 
200 379 19 0 
200 358 22 0 
200 262 33 0 
200 250 10 0 
201 452 30 0 
201 249 17 0 
204 384 21 0 
204 353 31 0 
205 463 10 0 
205 353 39 0 
205 219 25 0 
206 480 24 0 
206 260 39 0 
208 417 42 0 
208 384 28 0 
209 454 23 0 
209 351 16 0 
209 327 29 0 
210 462 45 0 
210 346 21 0 
211 465 19 0 
211 457 27 0 
211 449 36 0 
211 429 22 0 
211 276 33 0 
212 448 10 0 
213 392 5 0 
213 267 31 0 
214 478 21 0 
214 365 2 0 
214 360 35 0 
214 231 15 0 
215 324 14 0 
216 495 34 0 
216 461 13 0 
216 458 31 0 
216 445 5 0 
216 430 28 0 
216 427 38 0 
217 431 29 0 
217 234 29 0 
218 439 29 0 
218 357 3 0 
218 265 10 0 
218 245 6 0 
218 230 40 0 
219 296 31 0 
220 454 16 0 
220 305 30 0 
220 293 30 0 
221 434 25 0 
221 300 44 0 
222 335 40 0 
222 227 21 0 
223 315 34 0 
223 262 60 0 
223 253 40 0 
224 490 9 0 
224 244 40 0 
225 466 37 0 
225 248 21 0 
226 421 30 0 
226 370 9 0 
226 256 28 0 
226 253 21 0 
227 404 30 0 
228 432 32 0 
229 491 26 0 
229 418 5 0 
229 388 58 0 
229 354 38 0 
230 322 12 0 
230 275 29 0 
230 251 34 0 
231 276 29 0 
231 249 12 0 
233 259 53 0 
234 310 27 0 
235 427 45 0 
236 399 40 0 
236 285 27 0 
237 407 47 0 
237 331 35 0 
238 437 23 0 
238 320 56 0 
238 306 45 0 
238 249 26 0 
239 431 39 0 
239 374 22 0 
239 321 9 0 
240 281 21 0 
241 335 18 0 
241 310 25 0 
242 271 13 0 
242 255 29 0 
243 380 14 0 
243 377 11 0 
243 352 17 0 
244 421 35 0 
244 338 30 0 
244 295 16 0 
245 447 10 0 
245 416 39 0 
245 342 34 0 
245 260 42 0 
246 249 9 0 
247 482 33 0 
247 319 42 0 
248 380 17 0 
248 313 2 0 
248 299 43 0 
250 452 19 0 
251 493 25 0 
251 460 15 0 
252 398 5 0 
252 254 34 0 
253 442 44 0 
253 375 31 0 
254 308 4 0 
255 447 35 0 
255 272 10 0 
256 312 45 0 
257 295 22 0 
258 442 30 0 
258 412 31 0 
259 498 44 0 
259 403 25 0 
259 401 48 0 
260 496 45 0 
260 373 19 0 
260 306 42 0 
260 298 11 0 
261 432 36 0 
261 394 36 0 
261 361 13 0 
261 333 40 0 
261 305 7 0 
262 443 19 0 
263 307 29 0 
265 434 36 0 
265 396 39 0 
265 297 20 0 
265 287 9 0 
265 273 6 0 
266 448 19 0 
266 407 40 0 
266 384 29 0 
266 319 27 0 
267 385 54 0 
267 312 55 0 
268 452 44 0 
268 418 58 0 
269 480 17 0 
269 349 38 0 
269 313 23 0 
270 320 41 0 
273 403 9 0 
273 343 15 0 
273 295 5 0 
273 277 9 0 
275 469 9 0 
275 404 21 0 
275 343 19 0 
275 289 43 0 
276 373 31 0 
276 365 31 0 
277 314 43 0 
277 290 22 0 
277 278 6 0 
278 447 33 0 
278 393 34 0 
279 372 27 0 
280 461 8 0 
280 282 30 0 
281 492 36 0 
281 414 49 0 
281 410 13 0 
281 344 31 0 
282 396 59 0 
283 375 20 0 
283 373 25 0 
283 312 40 0 
284 300 47 0 
284 292 43 0 
285 359 36 0 
286 415 22 0 
286 352 41 0 
287 343 28 0 
287 333 41 0 
288 439 31 0 
288 337 10 0 
288 302 18 0 
289 404 38 0 
289 363 11 0 
290 434 25 0 
290 396 24 0 
291 410 14 0 
292 390 29 0 
292 323 54 0 
292 297 47 0 
293 491 41 0 
294 492 18 0 
294 435 17 0 
296 436 33 0 
297 382 4 0 
298 421 31 0 
298 384 2 0 
298 333 9 0 
299 441 33 0 
299 383 24 0 
300 493 17 0 
300 437 36 0 
301 482 28 0 
301 402 21 0 
301 365 3 0 
302 383 41 0 
303 455 21 0 
303 392 14 0 
303 330 33 0 
304 499 27 0 
304 478 25 0 
304 470 1 0 
305 328 50 0 
307 316 5 0 
308 424 20 0 
309 452 11 0 
309 329 39 0 
310 437 17 0 
310 378 22 0 
311 484 44 0 
312 482 47 0 
312 457 39 0 
313 378 34 0 
313 336 7 0 
313 331 33 0 
314 472 29 0 
314 360 44 0 
315 321 23 0 
316 498 33 0 
316 468 8 0 
316 436 36 0 
316 336 4 0 
317 474 20 0 
318 436 32 0 
318 377 29 0 
318 321 41 0 
319 340 18 0 
319 324 31 0 
319 320 51 0 
321 369 43 0 
323 410 53 0 
325 447 7 0 
327 473 23 0 
327 423 4 0 
328 499 28 0 
328 429 19 0 
328 409 23 0 
329 481 20 0 
329 353 45 0 
330 368 39 0 
334 400 30 0 
334 350 41 0 
335 375 6 0 
336 431 18 0 
336 427 52 0 
337 394 49 0 
338 416 15 0 
341 498 29 0 
341 484 21 0 
342 362 39 0 
343 482 43 0 
343 352 6 0 
345 492 29 0 
345 489 7 0 
345 424 23 0 
346 454 14 0 
346 413 22 0 
347 357 33 0 
349 416 27 0 
351 489 17 0 
352 499 31 0 
352 377 19 0 
353 419 11 0 
353 414 45 0 
355 430 23 0 
355 375 11 0 
356 379 5 0 
357 450 14 0 
357 382 19 0 
358 458 22 0 
358 403 36 0 
360 487 23 0 
361 481 38 0 
362 492 33 0 
362 464 18 0 
362 365 32 0 
365 485 19 0 
365 476 25 0 
365 382 22 0 
367 480 21 0 
367 468 31 0 
367 416 16 0 
369 452 37 0 
370 489 24 0 
370 449 26 0 
370 441 36 0 
370 411 24 0 
372 446 16 0 
375 429 23 0 
376 429 12 0 
377 416 22 0 
379 473 20 0 
380 477 24 0 
380 465 21 0 
380 445 8 0 
381 416 24 0 
381 391 22 0 
382 465 26 0 
382 446 4 0 
384 433 9 0 
387 480 7 0 
388 442 53 0 
388 413 47 0 
388 395 15 0 
390 489 25 0 
398 459 43 0 
398 436 31 0 
399 473 26 0 
399 439 22 0 
399 424 30 0 
400 480 8 0 
401 447 37 0 
402 495 53 0 
403 459 16 0 
406 432 15 0 
407 424 54 0 
408 499 33 0 
410 468 36 0 
416 425 44 0 
417 488 16 0 
418 476 14 0 
419 494 35 0 
419 479 11 0 
421 456 40 0 
424 478 48 0 
426 478 39 0 
430 492 13 0 
433 439 17 0 
435 480 23 0 
435 445 15 0 
442 467 21 0 
445 456 17 0 
447 497 33 0 
449 496 55 0 
452 480 22 0 
453 490 17 0 
453 468 42 0 
454 495 46 0 
455 498 9 0 
458 460 16 0 
468 475 11 0 
471 488 14 0 
472 486 27 0 
486 493 46 0 
