#GRAPH (#nodes #edges id uu vv ww xx yy zz):
#500 2052 geo(0,{500,50,3,0.008,0.000,0.000}) 50 
#
VERTICES (index name u v w x y z):
0 0 5 19 
1 1 33 9 
2 2 22 42 
3 3 9 18 
4 4 28 24 
5 5 9 12 
6 6 26 41 
7 7 9 30 
8 8 47 30 
9 9 41 47 
10 10 24 19 
11 11 32 30 
12 12 16 1 
13 13 9 25 
14 14 30 45 
15 15 3 1 
16 16 1 22 
17 17 48 29 
18 18 2 34 
19 19 34 37 
20 20 41 33 
21 21 48 19 
22 22 45 40 
23 23 45 35 
24 24 25 23 
25 25 22 14 
26 26 21 44 
27 27 33 49 
28 28 31 35 
29 29 3 26 
30 30 48 45 
31 31 27 32 
32 32 0 8 
33 33 15 0 
34 34 17 47 
35 35 16 37 
36 36 14 49 
37 37 25 16 
38 38 1 5 
39 39 21 12 
40 40 23 17 
41 41 32 38 
42 42 4 12 
43 43 49 32 
44 44 41 3 
45 45 35 35 
46 46 36 2 
47 47 39 29 
48 48 14 17 
49 49 24 41 
50 50 22 25 
51 51 22 39 
52 52 26 32 
53 53 38 34 
54 54 38 36 
55 55 30 20 
56 56 43 29 
57 57 2 6 
58 58 45 46 
59 59 30 14 
60 60 24 26 
61 61 9 32 
62 62 49 45 
63 63 40 19 
64 64 21 23 
65 65 19 24 
66 66 34 10 
67 67 37 44 
68 68 10 10 
69 69 3 21 
70 70 47 29 
71 71 35 17 
72 72 8 21 
73 73 33 3 
74 74 5 41 
75 75 4 45 
76 76 26 2 
77 77 45 25 
78 78 19 9 
79 79 25 27 
80 80 7 22 
81 81 33 31 
82 82 13 18 
83 83 45 24 
84 84 45 14 
85 85 0 33 
86 86 45 48 
87 87 23 19 
88 88 41 22 
89 89 44 47 
90 90 6 11 
91 91 35 15 
92 92 10 15 
93 93 39 30 
94 94 6 31 
95 95 38 26 
96 96 9 44 
97 97 24 46 
98 98 48 34 
99 99 3 23 
100 100 10 6 
101 101 17 39 
102 102 28 48 
103 103 34 6 
104 104 13 4 
105 105 33 4 
106 106 4 4 
107 107 4 32 
108 108 1 7 
109 109 47 1 
110 110 31 1 
111 111 12 33 
112 112 9 27 
113 113 34 16 
114 114 11 6 
115 115 11 18 
116 116 37 41 
117 117 40 13 
118 118 5 37 
119 119 17 28 
120 120 35 9 
121 121 9 9 
122 122 10 49 
123 123 4 25 
124 124 26 7 
125 125 3 0 
126 126 1 29 
127 127 21 1 
128 128 46 30 
129 129 30 30 
130 130 19 47 
131 131 19 39 
132 132 22 34 
133 133 16 17 
134 134 43 48 
135 135 11 34 
136 136 24 15 
137 137 3 38 
138 138 16 27 
139 139 1 36 
140 140 8 31 
141 141 24 1 
142 142 35 7 
143 143 9 24 
144 144 24 28 
145 145 29 10 
146 146 24 17 
147 147 49 19 
148 148 12 11 
149 149 37 0 
150 150 8 5 
151 151 44 3 
152 152 45 13 
153 153 9 35 
154 154 0 35 
155 155 35 32 
156 156 20 42 
157 157 49 7 
158 158 6 32 
159 159 36 10 
160 160 30 47 
161 161 37 46 
162 162 35 16 
163 163 37 11 
164 164 28 43 
165 165 30 34 
166 166 10 4 
167 167 0 49 
168 168 14 36 
169 169 28 34 
170 170 46 25 
171 171 19 17 
172 172 9 4 
173 173 30 17 
174 174 27 38 
175 175 10 28 
176 176 49 4 
177 177 18 22 
178 178 32 27 
179 179 34 23 
180 180 46 38 
181 181 4 36 
182 182 48 30 
183 183 8 8 
184 184 31 18 
185 185 23 18 
186 186 4 41 
187 187 43 35 
188 188 49 25 
189 189 37 47 
190 190 38 31 
191 191 39 13 
192 192 25 24 
193 193 3 31 
194 194 40 5 
195 195 15 35 
196 196 18 42 
197 197 45 29 
198 198 39 32 
199 199 21 47 
200 200 43 42 
201 201 16 13 
202 202 9 0 
203 203 36 13 
204 204 35 12 
205 205 2 24 
206 206 34 38 
207 207 22 46 
208 208 49 26 
209 209 5 0 
210 210 8 13 
211 211 11 21 
212 212 26 33 
213 213 27 3 
214 214 38 46 
215 215 36 21 
216 216 40 1 
217 217 12 0 
218 218 1 4 
219 219 32 26 
220 220 36 8 
221 221 7 4 
222 222 17 24 
223 223 11 35 
224 224 43 37 
225 225 13 16 
226 226 23 22 
227 227 10 3 
228 228 21 37 
229 229 47 10 
230 230 33 39 
231 231 6 42 
232 232 11 20 
233 233 29 27 
234 234 24 27 
235 235 48 27 
236 236 40 35 
237 237 24 22 
238 238 15 33 
239 239 35 19 
240 240 29 40 
241 241 12 22 
242 242 16 19 
243 243 37 38 
244 244 17 45 
245 245 29 16 
246 246 31 16 
247 247 6 7 
248 248 48 5 
249 249 13 32 
250 250 48 0 
251 251 46 33 
252 252 38 2 
253 253 8 33 
254 254 32 20 
255 255 10 25 
256 256 6 27 
257 257 4 47 
258 258 10 14 
259 259 24 30 
260 260 46 48 
261 261 32 22 
262 262 26 39 
263 263 24 42 
264 264 48 24 
265 265 47 17 
266 266 45 23 
267 267 24 47 
268 268 21 11 
269 269 36 25 
270 270 37 26 
271 271 25 42 
272 272 26 15 
273 273 36 41 
274 274 7 10 
275 275 31 41 
276 276 19 28 
277 277 33 12 
278 278 43 39 
279 279 48 17 
280 280 46 24 
281 281 2 42 
282 282 8 36 
283 283 38 16 
284 284 28 13 
285 285 0 36 
286 286 2 47 
287 287 13 47 
288 288 38 23 
289 289 47 27 
290 290 28 36 
291 291 29 39 
292 292 6 20 
293 293 28 1 
294 294 34 49 
295 295 28 2 
296 296 14 13 
297 297 28 47 
298 298 33 33 
299 299 17 33 
300 300 49 1 
301 301 43 21 
302 302 46 11 
303 303 36 4 
304 304 15 4 
305 305 19 20 
306 306 27 35 
307 307 47 35 
308 308 10 12 
309 309 12 27 
310 310 30 3 
311 311 41 7 
312 312 39 12 
313 313 14 37 
314 314 19 27 
315 315 13 36 
316 316 7 45 
317 317 45 20 
318 318 25 22 
319 319 29 15 
320 320 8 43 
321 321 25 1 
322 322 47 46 
323 323 8 49 
324 324 4 43 
325 325 14 40 
326 326 5 40 
327 327 42 39 
328 328 4 6 
329 329 27 40 
330 330 34 11 
331 331 6 46 
332 332 22 33 
333 333 35 34 
334 334 16 23 
335 335 3 10 
336 336 46 18 
337 337 19 38 
338 338 5 48 
339 339 48 9 
340 340 15 44 
341 341 36 27 
342 342 41 14 
343 343 45 31 
344 344 13 6 
345 345 20 3 
346 346 44 41 
347 347 32 12 
348 348 3 49 
349 349 8 42 
350 350 27 25 
351 351 16 2 
352 352 19 13 
353 353 7 18 
354 354 29 9 
355 355 27 46 
356 356 2 46 
357 357 32 3 
358 358 47 32 
359 359 17 17 
360 360 35 20 
361 361 43 3 
362 362 17 5 
363 363 18 26 
364 364 10 1 
365 365 26 42 
366 366 3 14 
367 367 14 10 
368 368 0 3 
369 369 46 15 
370 370 41 11 
371 371 4 46 
372 372 40 20 
373 373 26 4 
374 374 22 4 
375 375 6 1 
376 376 44 19 
377 377 11 29 
378 378 11 16 
379 379 29 8 
380 380 10 5 
381 381 37 36 
382 382 44 2 
383 383 22 21 
384 384 43 47 
385 385 43 12 
386 386 14 9 
387 387 6 23 
388 388 19 49 
389 389 5 34 
390 390 16 35 
391 391 43 5 
392 392 29 46 
393 393 12 21 
394 394 33 42 
395 395 29 23 
396 396 36 30 
397 397 45 47 
398 398 3 17 
399 399 13 15 
400 400 10 41 
401 401 39 0 
402 402 30 6 
403 403 34 42 
404 404 4 3 
405 405 6 37 
406 406 15 28 
407 407 0 38 
408 408 12 37 
409 409 38 48 
410 410 37 19 
411 411 36 36 
412 412 16 40 
413 413 8 11 
414 414 25 26 
415 415 41 32 
416 416 46 35 
417 417 4 15 
418 418 45 3 
419 419 49 14 
420 420 22 37 
421 421 35 33 
422 422 44 42 
423 423 9 38 
424 424 44 9 
425 425 29 35 
426 426 43 44 
427 427 40 47 
428 428 1 17 
429 429 39 40 
430 430 21 25 
431 431 39 17 
432 432 16 26 
433 433 1 43 
434 434 30 39 
435 435 15 22 
436 436 8 12 
437 437 6 35 
438 438 22 31 
439 439 39 35 
440 440 14 14 
441 441 16 38 
442 442 9 3 
443 443 49 43 
444 444 47 42 
445 445 19 44 
446 446 30 44 
447 447 2 8 
448 448 41 39 
449 449 25 30 
450 450 19 14 
451 451 4 29 
452 452 0 39 
453 453 29 31 
454 454 43 9 
455 455 13 37 
456 456 35 29 
457 457 20 38 
458 458 31 13 
459 459 44 4 
460 460 17 46 
461 461 25 7 
462 462 38 20 
463 463 6 49 
464 464 40 32 
465 465 46 36 
466 466 2 30 
467 467 39 20 
468 468 23 42 
469 469 6 0 
470 470 43 10 
471 471 41 19 
472 472 29 13 
473 473 24 32 
474 474 42 21 
475 475 32 28 
476 476 31 36 
477 477 14 18 
478 478 26 20 
479 479 38 49 
480 480 39 34 
481 481 28 3 
482 482 6 3 
483 483 27 12 
484 484 5 12 
485 485 23 11 
486 486 27 0 
487 487 39 42 
488 488 47 47 
489 489 35 39 
490 490 30 26 
491 491 23 25 
492 492 44 26 
493 493 7 33 
494 494 31 7 
495 495 37 15 
496 496 42 45 
497 497 13 44 
498 498 33 45 
499 499 18 17 
#
EDGES (from-node to-node length a b):
0 151 42 0 
1 422 35 0 
1 334 22 0 
1 304 19 0 
1 277 3 0 
1 256 32 0 
1 73 6 0 
1 27 40 0 
2 476 11 0 
2 431 30 0 
2 394 11 0 
2 281 20 0 
2 252 43 0 
2 44 43 0 
2 36 11 0 
3 483 19 0 
3 159 28 0 
3 62 48 0 
4 440 17 0 
4 399 17 0 
4 187 19 0 
5 487 42 0 
5 472 20 0 
5 386 6 0 
5 329 33 0 
5 310 23 0 
5 309 15 0 
5 254 24 0 
6 460 10 0 
6 331 21 0 
6 201 30 0 
6 152 34 0 
6 68 35 0 
6 43 25 0 
6 27 11 0 
7 457 14 0 
7 285 11 0 
8 440 37 0 
8 246 21 0 
8 241 36 0 
9 483 38 0 
9 458 35 0 
9 364 55 0 
9 132 23 0 
9 104 51 0 
9 51 21 0 
10 492 21 0 
10 293 18 0 
10 232 13 0 
10 230 22 0 
10 216 24 0 
10 133 8 0 
11 488 23 0 
11 485 21 0 
11 292 28 0 
11 161 17 0 
11 29 29 0 
11 27 19 0 
12 245 20 0 
12 201 12 0 
12 131 38 0 
13 390 12 0 
13 154 13 0 
13 146 17 0 
13 110 33 0 
13 108 20 0 
14 491 21 0 
14 304 44 0 
14 300 48 0 
14 190 16 0 
14 45 11 0 
15 450 21 0 
15 408 37 0 
15 182 54 0 
15 139 35 0 
15 100 9 0 
15 68 11 0 
16 138 16 0 
17 478 24 0 
17 318 24 0 
17 290 21 0 
17 158 42 0 
17 40 28 0 
18 337 17 0 
18 300 57 0 
18 232 17 0 
18 77 44 0 
18 51 21 0 
19 440 30 0 
19 384 13 0 
19 247 41 0 
19 203 24 0 
19 177 22 0 
19 132 12 0 
20 233 13 0 
21 248 14 0 
21 241 36 0 
21 53 18 0 
22 432 32 0 
22 396 13 0 
22 382 38 0 
22 246 28 0 
22 146 31 0 
22 140 38 0 
22 46 39 0 
23 473 21 0 
23 386 40 0 
23 249 32 0 
23 233 18 0 
24 208 24 0 
25 346 35 0 
25 249 20 0 
25 64 9 0 
26 450 30 0 
26 247 40 0 
26 106 43 0 
27 491 26 0 
27 396 19 0 
27 376 32 0 
27 202 55 0 
27 197 23 0 
27 173 32 0 
27 100 49 0 
28 476 1 0 
28 346 14 0 
28 332 9 0 
28 155 5 0 
28 148 31 0 
29 188 46 0 
29 55 28 0 
30 482 59 0 
30 357 45 0 
30 342 32 0 
30 303 43 0 
30 184 32 0 
31 416 19 0 
31 384 22 0 
31 199 16 0 
32 380 10 0 
32 364 12 0 
32 185 25 0 
32 145 29 0 
32 67 52 0 
32 42 6 0 
32 37 26 0 
33 416 47 0 
33 411 42 0 
33 347 21 0 
34 324 14 0 
34 290 16 0 
34 237 26 0 
34 113 35 0 
34 51 9 0 
35 353 21 0 
35 278 27 0 
35 97 12 0 
35 90 28 0 
36 478 31 0 
36 233 27 0 
36 193 21 0 
36 161 23 0 
37 498 30 0 
37 488 38 0 
37 260 38 0 
37 251 27 0 
37 211 15 0 
37 171 6 0 
37 145 7 0 
38 458 31 0 
38 191 39 0 
38 163 36 0 
38 92 13 0 
39 428 21 0 
39 367 7 0 
40 382 26 0 
40 328 22 0 
40 280 24 0 
40 55 8 0 
40 48 9 0 
41 471 21 0 
41 415 11 0 
42 383 20 0 
42 339 44 0 
43 491 27 0 
43 405 43 0 
43 269 15 0 
43 155 14 0 
44 357 9 0 
44 62 43 0 
44 61 43 0 
45 356 35 0 
45 149 35 0 
45 147 21 0 
46 300 13 0 
46 230 37 0 
46 202 27 0 
47 482 42 0 
47 474 9 0 
47 457 21 0 
47 400 31 0 
47 280 9 0 
47 196 25 0 
47 126 38 0 
48 483 14 0 
48 411 29 0 
48 376 30 0 
48 326 25 0 
48 248 36 0 
48 160 34 0 
48 136 10 0 
49 204 31 0 
50 479 29 0 
50 453 9 0 
50 250 36 0 
51 274 33 0 
52 414 6 0 
52 184 15 0 
52 144 4 0 
52 60 6 0 
53 269 9 0 
53 207 20 0 
54 436 38 0 
54 266 15 0 
54 196 21 0 
54 175 29 0 
54 139 37 0 
55 173 3 0 
55 67 25 0 
56 271 22 0 
56 192 19 0 
56 84 15 0 
57 181 30 0 
57 60 30 0 
58 423 37 0 
58 340 30 0 
58 307 11 0 
58 136 37 0 
58 121 52 0 
59 462 10 0 
59 265 17 0 
59 90 24 0 
60 237 4 0 
60 209 32 0 
60 90 23 0 
61 396 27 0 
61 232 12 0 
61 221 28 0 
61 206 26 0 
61 139 9 0 
62 482 60 0 
62 470 36 0 
62 441 34 0 
62 118 45 0 
63 477 26 0 
63 450 22 0 
63 382 17 0 
63 357 18 0 
63 224 18 0 
63 217 34 0 
63 141 24 0 
64 497 22 0 
64 377 12 0 
64 80 14 0 
65 438 8 0 
65 433 26 0 
65 374 20 0 
65 327 27 0 
65 213 22 0 
65 150 22 0 
66 459 12 0 
66 365 33 0 
66 356 48 0 
66 213 10 0 
67 376 26 0 
67 360 24 0 
67 299 23 0 
67 274 45 0 
67 272 31 0 
68 431 30 0 
68 247 5 0 
68 204 25 0 
68 155 33 0 
68 77 38 0 
69 225 11 0 
69 216 42 0 
70 465 7 0 
70 318 23 0 
70 73 30 0 
71 392 30 0 
72 491 16 0 
72 418 41 0 
72 395 21 0 
72 220 31 0 
73 404 29 0 
73 385 13 0 
74 408 8 0 
74 277 40 0 
74 250 59 0 
74 165 26 0 
75 425 27 0 
75 286 3 0 
75 259 25 0 
75 220 49 0 
75 171 32 0 
75 90 34 0 
76 388 48 0 
76 310 4 0 
76 172 17 0 
77 445 32 0 
77 437 40 0 
77 238 31 0 
77 191 13 0 
77 162 13 0 
77 124 26 0 
77 80 38 0 
78 327 38 0 
78 281 37 0 
78 266 30 0 
78 80 18 0 
79 476 11 0 
80 473 20 0 
80 199 29 0 
81 397 20 0 
81 348 35 0 
81 133 22 0 
81 123 30 0 
81 90 34 0 
82 330 22 0 
82 230 29 0 
83 447 46 0 
83 440 33 0 
83 135 35 0 
83 120 18 0 
84 119 31 0 
85 436 22 0 
85 395 31 0 
85 385 48 0 
85 103 43 0 
86 364 59 0 
86 285 47 0 
86 177 37 0 
87 402 15 0 
87 237 3 0 
87 205 22 0 
88 457 26 0 
88 419 11 0 
88 138 25 0 
88 124 21 0 
88 112 32 0 
88 97 29 0 
89 490 25 0 
89 336 29 0 
89 257 40 0 
89 187 12 0 
89 99 48 0 
90 318 22 0 
90 266 41 0 
91 292 29 0 
91 204 3 0 
91 182 20 0 
92 357 25 0 
92 261 23 0 
93 381 6 0 
93 262 16 0 
93 196 24 0 
93 160 19 0 
94 395 24 0 
94 391 45 0 
94 339 47 0 
94 137 8 0 
94 128 40 0 
95 463 39 0 
95 405 34 0 
95 313 26 0 
96 408 8 0 
96 308 32 0 
96 221 40 0 
96 124 41 0 
97 447 44 0 
98 376 16 0 
98 350 23 0 
98 315 35 0 
98 131 29 0 
99 386 18 0 
99 326 17 0 
99 321 31 0 
99 295 33 0 
99 265 44 0 
100 327 46 0 
100 239 28 0 
100 200 49 0 
100 193 26 0 
101 496 26 0 
101 487 22 0 
101 461 33 0 
101 434 13 0 
101 373 36 0 
101 229 42 0 
101 158 13 0 
102 485 37 0 
102 424 42 0 
102 226 26 0 
103 246 10 0 
103 223 37 0 
103 212 28 0 
104 462 30 0 
104 404 9 0 
104 181 33 0 
104 113 24 0 
105 493 39 0 
105 453 27 0 
105 317 20 0 
105 167 56 0 
106 388 47 0 
106 363 26 0 
107 482 29 0 
107 389 2 0 
107 282 6 0 
108 450 19 0 
108 259 33 0 
108 168 32 0 
109 425 38 0 
109 421 34 0 
109 376 18 0 
109 194 8 0 
110 496 45 0 
110 412 42 0 
110 353 29 0 
110 211 28 0 
111 479 31 0 
111 436 21 0 
111 326 10 0 
111 177 13 0 
111 153 4 0 
112 348 23 0 
112 343 36 0 
113 468 28 0 
114 416 45 0 
114 411 39 0 
114 371 41 0 
114 199 42 0 
114 167 44 0 
115 468 27 0 
115 429 36 0 
115 425 25 0 
115 355 32 0 
115 315 18 0 
115 291 28 0 
115 172 14 0 
116 488 12 0 
116 172 46 0 
117 360 9 0 
117 294 36 0 
117 258 30 0 
118 469 37 0 
118 448 36 0 
119 481 27 0 
119 410 22 0 
119 368 30 0 
119 290 14 0 
119 126 16 0 
120 490 18 0 
120 432 25 0 
120 308 25 0 
120 260 41 0 
121 449 26 0 
121 440 7 0 
121 270 33 0 
121 223 26 0 
122 208 45 0 
123 348 24 0 
123 136 22 0 
124 369 22 0 
124 301 22 0 
124 258 17 0 
124 204 10 0 
125 361 40 0 
126 410 37 0 
126 356 17 0 
126 257 18 0 
127 428 26 0 
127 252 17 0 
127 166 11 0 
128 324 44 0 
129 421 6 0 
129 336 20 0 
129 321 29 0 
129 149 31 0 
129 141 30 0 
130 490 24 0 
130 358 32 0 
130 204 38 0 
131 446 12 0 
131 134 26 0 
133 418 32 0 
133 178 19 0 
134 368 62 0 
134 308 49 0 
135 247 27 0 
135 160 23 0 
137 396 34 0 
138 428 18 0 
138 321 28 0 
138 270 21 0 
139 449 25 0 
139 384 43 0 
139 297 29 0 
139 181 3 0 
140 458 29 0 
140 433 14 0 
140 397 40 0 
140 314 12 0 
141 480 36 0 
141 344 12 0 
141 149 13 0 
142 486 11 0 
142 392 39 0 
142 229 12 0 
142 181 42 0 
142 170 21 0 
143 493 9 0 
143 152 38 0 
144 388 22 0 
144 276 5 0 
144 230 14 0 
144 206 14 0 
144 191 21 0 
145 367 15 0 
145 220 7 0 
145 193 33 0 
145 190 23 0 
146 472 6 0 
146 448 28 0 
146 426 33 0 
146 348 38 0 
147 488 28 0 
148 497 33 0 
148 462 28 0 
148 321 16 0 
148 274 5 0 
148 234 20 0 
148 186 31 0 
149 459 8 0 
149 311 8 0 
150 420 35 0 
151 421 31 0 
152 425 27 0 
152 191 6 0 
153 479 32 0 
153 383 19 0 
153 324 9 0 
154 413 25 0 
154 173 35 0 
155 448 9 0 
156 467 29 0 
156 415 23 0 
156 390 8 0 
156 342 35 0 
156 336 35 0 
157 488 40 0 
157 455 47 0 
157 352 31 0 
157 340 50 0 
157 321 25 0 
157 208 19 0 
158 495 35 0 
158 464 34 0 
158 420 17 0 
158 216 46 0 
158 174 22 0 
159 449 23 0 
159 359 20 0 
159 258 26 0 
159 252 8 0 
159 162 6 0 
160 463 24 0 
160 367 40 0 
161 352 38 0 
162 419 14 0 
162 382 17 0 
162 311 11 0 
163 428 36 0 
164 471 27 0 
164 418 43 0 
164 357 40 0 
165 302 28 0 
165 226 14 0 
166 341 35 0 
166 280 41 0 
167 480 42 0 
167 372 49 0 
167 351 50 0 
167 319 45 0 
167 304 47 0 
168 413 26 0 
168 284 27 0 
168 185 20 0 
169 458 21 0 
169 232 22 0 
170 443 18 0 
170 322 21 0 
171 350 11 0 
171 252 24 0 
171 188 31 0 
172 314 25 0 
173 497 32 0 
173 445 29 0 
173 433 39 0 
173 341 12 0 
173 250 25 0 
174 268 28 0 
175 382 43 0 
175 235 38 0 
175 185 16 0 
176 463 62 0 
176 347 19 0 
177 349 22 0 
177 345 19 0 
178 371 34 0 
179 393 22 0 
179 369 14 0 
179 305 15 0 
179 203 10 0 
180 317 18 0 
181 418 53 0 
181 378 21 0 
181 346 40 0 
181 192 24 0 
182 386 40 0 
182 305 31 0 
183 447 6 0 
183 384 52 0 
183 369 39 0 
183 279 41 0 
184 419 18 0 
184 359 14 0 
184 354 9 0 
184 330 8 0 
184 275 23 0 
184 264 18 0 
185 435 9 0 
186 305 26 0 
186 271 21 0 
187 411 7 0 
187 303 32 0 
187 271 19 0 
188 463 49 0 
188 316 47 0 
188 194 22 0 
189 499 36 0 
189 492 22 0 
189 312 35 0 
189 205 42 0 
190 476 9 0 
190 463 37 0 
190 301 11 0 
191 489 26 0 
192 474 17 0 
192 397 30 0 
192 320 25 0 
193 482 28 0 
193 360 34 0 
193 249 10 0 
194 434 35 0 
194 355 43 0 
194 223 42 0 
194 222 30 0 
194 217 28 0 
195 378 19 0 
195 347 29 0 
196 477 24 0 
196 380 38 0 
196 315 8 0 
197 480 8 0 
197 405 40 0 
197 320 40 0 
198 357 30 0 
198 249 26 0 
199 467 32 0 
199 344 42 0 
199 325 10 0 
201 267 35 0 
202 459 35 0 
203 473 22 0 
203 461 13 0 
203 448 26 0 
203 447 34 0 
203 402 9 0 
203 299 28 0 
203 267 36 0 
203 227 28 0 
204 463 47 0 
204 383 16 0 
204 262 28 0 
206 362 37 0 
206 334 23 0 
206 267 13 0 
206 239 19 0 
207 284 34 0 
207 220 40 0 
208 455 38 0 
208 230 21 0 
209 357 27 0 
209 347 30 0 
209 238 34 0 
210 228 27 0 
211 266 34 0 
212 438 4 0 
212 416 20 0 
212 315 13 0 
213 419 25 0 
213 379 5 0 
213 367 15 0 
213 298 31 0 
214 443 11 0 
214 309 32 0 
215 391 17 0 
216 493 46 0 
216 298 33 0 
216 290 37 0 
216 288 22 0 
217 288 35 0 
218 385 43 0 
218 252 37 0 
219 454 20 0 
219 443 24 0 
219 345 26 0 
219 258 25 0 
220 425 28 0 
220 321 13 0 
220 290 29 0 
221 249 29 0 
221 243 45 0 
222 362 19 0 
222 317 28 0 
224 334 30 0 
224 316 37 0 
224 300 36 0 
224 244 27 0 
224 240 14 0 
224 225 37 0 
225 470 31 0 
225 432 10 0 
225 424 32 0 
226 463 32 0 
226 440 12 0 
226 346 28 0 
227 377 26 0 
228 430 12 0 
229 428 47 0 
229 409 39 0 
229 279 7 0 
229 273 33 0 
230 267 12 0 
231 465 40 0 
231 454 50 0 
231 425 24 0 
231 290 23 0 
232 499 8 0 
232 282 16 0 
233 468 16 0 
234 425 9 0 
235 302 16 0 
236 490 13 0 
236 463 37 0 
236 438 18 0 
236 418 32 0 
236 348 40 0 
237 439 20 0 
237 299 13 0 
238 416 31 0 
238 386 24 0 
238 353 17 0 
238 262 13 0 
241 459 37 0 
241 370 31 0 
241 268 14 0 
242 401 30 0 
242 359 2 0 
242 294 35 0 
242 252 28 0 
243 477 30 0 
244 430 20 0 
244 284 34 0 
245 461 10 0 
245 404 28 0 
246 456 14 0 
246 451 30 0 
247 381 42 0 
247 309 21 0 
247 278 49 0 
248 480 30 0 
248 373 22 0 
248 350 29 0 
250 272 27 0 
251 488 14 0 
251 307 2 0 
253 454 42 0 
253 412 11 0 
254 490 6 0 
254 331 37 0 
254 323 38 0 
254 293 19 0 
255 459 40 0 
255 443 43 0 
255 414 15 0 
255 298 24 0 
255 292 6 0 
256 293 34 0 
257 447 39 0 
257 434 27 0 
258 362 11 0 
259 316 23 0 
260 480 16 0 
260 355 19 0 
261 299 19 0 
262 499 23 0 
263 477 26 0 
263 340 9 0 
264 385 13 0 
265 389 45 0 
265 358 15 0 
266 468 29 0 
267 289 30 0 
268 427 41 0 
268 377 21 0 
269 446 20 0 
269 443 22 0 
269 423 30 0 
269 421 8 0 
270 376 10 0 
271 427 16 0 
272 402 10 0 
272 313 25 0 
273 486 42 0 
273 426 8 0 
273 299 21 0 
274 443 53 0 
274 366 6 0 
276 412 12 0 
276 327 25 0 
277 403 30 0 
277 306 24 0 
278 363 28 0 
279 489 26 0 
280 438 25 0 
281 331 6 0 
281 321 47 0 
282 336 42 0 
283 456 13 0 
283 296 24 0 
284 480 24 0 
284 444 35 0 
285 397 46 0 
286 496 40 0 
286 366 33 0 
286 290 28 0 
287 300 58 0 
288 309 26 0 
290 337 9 0 
290 296 27 0 
291 318 17 0 
291 314 16 0 
291 296 30 0 
293 483 11 0 
293 351 12 0 
295 398 29 0 
296 352 5 0 
298 375 42 0 
298 360 13 0 
298 341 7 0 
299 487 24 0 
300 470 11 0 
300 311 10 0 
300 310 19 0 
301 458 14 0 
302 364 37 0 
303 328 32 0 
303 306 32 0 
304 491 22 0 
304 363 22 0 
304 346 47 0 
306 347 24 0 
307 471 17 0 
307 383 29 0 
307 336 17 0 
308 467 30 0 
308 461 16 0 
308 413 2 0 
309 367 17 0 
310 388 47 0 
311 452 52 0 
311 347 10 0 
313 426 30 0 
313 387 16 0 
313 317 35 0 
314 458 18 0 
315 432 10 0 
316 493 12 0 
316 464 35 0 
316 422 37 0 
316 420 17 0 
316 354 42 0 
317 413 38 0 
318 496 29 0 
320 459 53 0 
320 455 8 0 
320 400 3 0 
320 369 47 0 
323 333 31 0 
324 495 43 0 
324 380 38 0 
324 354 42 0 
324 335 33 0 
325 479 26 0 
325 381 23 0 
326 453 26 0 
328 457 36 0 
329 433 26 0 
330 475 17 0 
331 464 37 0 
331 347 43 0 
332 395 12 0 
332 356 24 0 
335 445 38 0 
335 422 52 0 
336 365 31 0 
337 395 18 0 
338 486 53 0 
339 444 33 0 
339 442 39 0 
339 407 56 0 
340 372 35 0 
342 429 26 0 
342 357 14 0 
343 473 21 0 
343 456 10 0 
343 444 11 0 
344 493 28 0 
346 349 36 0 
347 487 31 0 
348 482 46 0 
349 473 19 0 
351 455 35 0 
351 437 34 0 
351 406 26 0 
353 376 37 0 
354 411 28 0 
355 468 6 0 
355 457 11 0 
356 370 52 0 
357 413 25 0 
357 408 39 0 
357 388 48 0 
358 474 12 0 
359 383 6 0 
361 456 27 0 
363 394 22 0 
364 464 43 0 
364 441 37 0 
366 474 40 0 
368 386 15 0 
371 494 47 0 
371 409 34 0 
372 461 20 0 
372 432 25 0 
373 377 29 0 
375 447 8 0 
376 438 25 0 
378 473 21 0 
379 427 41 0 
382 403 41 0 
383 428 21 0 
383 400 23 0 
383 391 26 0 
384 479 5 0 
389 445 17 0 
390 474 30 0 
394 408 22 0 
396 397 19 0 
399 419 36 0 
400 414 21 0 
404 496 57 0 
404 456 40 0 
405 484 25 0 
405 482 34 0 
405 416 40 0 
405 407 6 0 
406 463 23 0 
407 410 42 0 
409 495 33 0 
411 434 7 0 
412 435 18 0 
415 429 8 0 
416 432 31 0 
417 464 40 0 
419 461 25 0 
423 426 35 0 
424 442 36 0 
424 431 9 0 
425 495 22 0 
426 481 44 0 
427 451 40 0 
428 493 17 0 
428 470 43 0 
437 481 39 0 
437 440 22 0 
438 442 31 0 
439 451 36 0 
440 490 20 0 
442 489 44 0 
442 488 58 0 
442 479 54 0 
443 494 40 0 
443 459 39 0 
445 454 42 0 
448 451 38 0 
452 457 20 0 
452 453 30 0 
453 487 15 0 
453 486 31 0 
466 470 46 0 
476 482 41 0 
479 482 56 0 
482 495 33 0 
494 497 41 0 
