#GRAPH (#nodes #edges id uu vv ww xx yy zz):
#600 2478 geo(0,{600,50,3,0.007,0.000,0.000}) 50 
#
VERTICES (index name u v w x y z):
0 0 19 16 
1 1 16 7 
2 2 6 41 
3 3 32 8 
4 4 13 10 
5 5 6 24 
6 6 43 12 
7 7 37 15 
8 8 39 3 
9 9 39 26 
10 10 26 10 
11 11 10 15 
12 12 21 14 
13 13 48 20 
14 14 1 20 
15 15 42 23 
16 16 44 4 
17 17 8 39 
18 18 15 49 
19 19 45 2 
20 20 45 29 
21 21 29 1 
22 22 36 15 
23 23 30 10 
24 24 22 26 
25 25 41 16 
26 26 28 7 
27 27 35 39 
28 28 49 38 
29 29 36 40 
30 30 30 6 
31 31 4 35 
32 32 22 5 
33 33 39 46 
34 34 5 34 
35 35 26 22 
36 36 19 19 
37 37 29 33 
38 38 9 2 
39 39 31 28 
40 40 17 28 
41 41 19 14 
42 42 9 24 
43 43 4 26 
44 44 38 49 
45 45 33 37 
46 46 30 4 
47 47 37 31 
48 48 20 32 
49 49 26 6 
50 50 33 32 
51 51 34 13 
52 52 19 34 
53 53 33 12 
54 54 35 8 
55 55 1 33 
56 56 4 28 
57 57 19 41 
58 58 8 22 
59 59 42 46 
60 60 29 4 
61 61 37 22 
62 62 25 40 
63 63 40 26 
64 64 45 42 
65 65 22 21 
66 66 4 39 
67 67 35 3 
68 68 34 2 
69 69 37 13 
70 70 27 0 
71 71 13 43 
72 72 26 34 
73 73 41 1 
74 74 48 23 
75 75 8 43 
76 76 24 29 
77 77 29 25 
78 78 7 4 
79 79 18 15 
80 80 24 11 
81 81 5 29 
82 82 1 6 
83 83 9 44 
84 84 13 41 
85 85 23 12 
86 86 9 42 
87 87 22 33 
88 88 30 2 
89 89 1 9 
90 90 6 13 
91 91 16 16 
92 92 38 22 
93 93 3 20 
94 94 32 48 
95 95 17 23 
96 96 28 17 
97 97 47 28 
98 98 37 17 
99 99 37 43 
100 100 20 39 
101 101 36 44 
102 102 10 20 
103 103 1 45 
104 104 23 1 
105 105 40 27 
106 106 49 45 
107 107 25 17 
108 108 20 27 
109 109 16 23 
110 110 24 7 
111 111 47 46 
112 112 29 7 
113 113 35 28 
114 114 14 38 
115 115 40 29 
116 116 35 30 
117 117 5 21 
118 118 40 7 
119 119 41 26 
120 120 13 26 
121 121 30 0 
122 122 47 15 
123 123 10 16 
124 124 27 31 
125 125 35 20 
126 126 40 22 
127 127 32 3 
128 128 19 13 
129 129 19 4 
130 130 36 8 
131 131 9 47 
132 132 7 14 
133 133 25 28 
134 134 33 28 
135 135 41 28 
136 136 44 41 
137 137 32 15 
138 138 1 46 
139 139 7 31 
140 140 23 47 
141 141 7 13 
142 142 40 41 
143 143 18 35 
144 144 20 45 
145 145 32 40 
146 146 36 36 
147 147 27 33 
148 148 25 30 
149 149 45 33 
150 150 0 2 
151 151 5 0 
152 152 0 4 
153 153 18 45 
154 154 28 10 
155 155 1 40 
156 156 49 1 
157 157 27 22 
158 158 25 2 
159 159 48 11 
160 160 19 11 
161 161 47 2 
162 162 1 31 
163 163 35 33 
164 164 20 36 
165 165 4 37 
166 166 23 9 
167 167 10 27 
168 168 5 35 
169 169 31 35 
170 170 20 3 
171 171 16 14 
172 172 9 22 
173 173 29 37 
174 174 27 13 
175 175 6 47 
176 176 45 15 
177 177 40 20 
178 178 6 12 
179 179 43 14 
180 180 32 0 
181 181 27 28 
182 182 24 41 
183 183 11 48 
184 184 34 39 
185 185 15 15 
186 186 0 22 
187 187 16 40 
188 188 18 42 
189 189 7 34 
190 190 20 16 
191 191 18 48 
192 192 34 10 
193 193 27 49 
194 194 15 36 
195 195 7 10 
196 196 2 24 
197 197 13 6 
198 198 45 7 
199 199 12 23 
200 200 16 38 
201 201 19 25 
202 202 25 49 
203 203 46 36 
204 204 32 2 
205 205 37 23 
206 206 24 0 
207 207 31 19 
208 208 28 38 
209 209 29 39 
210 210 9 33 
211 211 39 10 
212 212 48 43 
213 213 1 25 
214 214 16 44 
215 215 18 23 
216 216 15 11 
217 217 17 15 
218 218 9 27 
219 219 34 9 
220 220 11 13 
221 221 22 4 
222 222 42 47 
223 223 23 41 
224 224 45 13 
225 225 18 24 
226 226 7 33 
227 227 31 38 
228 228 16 19 
229 229 17 24 
230 230 10 8 
231 231 35 0 
232 232 36 21 
233 233 48 18 
234 234 4 46 
235 235 49 36 
236 236 34 44 
237 237 43 33 
238 238 18 8 
239 239 18 13 
240 240 33 11 
241 241 13 16 
242 242 13 29 
243 243 31 7 
244 244 38 9 
245 245 35 11 
246 246 32 1 
247 247 24 2 
248 248 16 32 
249 249 30 12 
250 250 24 6 
251 251 26 5 
252 252 40 30 
253 253 36 49 
254 254 0 28 
255 255 34 5 
256 256 48 46 
257 257 23 8 
258 258 39 22 
259 259 31 34 
260 260 17 25 
261 261 18 17 
262 262 21 31 
263 263 40 25 
264 264 39 9 
265 265 20 30 
266 266 36 38 
267 267 24 12 
268 268 33 25 
269 269 11 12 
270 270 40 14 
271 271 49 27 
272 272 26 30 
273 273 15 3 
274 274 4 48 
275 275 28 34 
276 276 11 36 
277 277 22 30 
278 278 28 21 
279 279 35 1 
280 280 28 4 
281 281 25 0 
282 282 15 39 
283 283 31 6 
284 284 44 46 
285 285 18 14 
286 286 21 48 
287 287 24 30 
288 288 9 18 
289 289 44 36 
290 290 43 26 
291 291 17 45 
292 292 48 30 
293 293 30 48 
294 294 25 33 
295 295 28 33 
296 296 14 1 
297 297 2 18 
298 298 41 41 
299 299 20 20 
300 300 31 3 
301 301 14 44 
302 302 13 39 
303 303 40 3 
304 304 32 26 
305 305 29 48 
306 306 36 0 
307 307 31 41 
308 308 37 9 
309 309 1 22 
310 310 36 4 
311 311 28 6 
312 312 11 39 
313 313 33 35 
314 314 18 29 
315 315 4 27 
316 316 6 32 
317 317 15 28 
318 318 21 32 
319 319 3 22 
320 320 8 12 
321 321 36 13 
322 322 37 35 
323 323 45 24 
324 324 0 15 
325 325 30 14 
326 326 18 33 
327 327 30 20 
328 328 7 46 
329 329 14 16 
330 330 24 38 
331 331 47 18 
332 332 4 33 
333 333 23 48 
334 334 29 17 
335 335 25 29 
336 336 30 33 
337 337 5 10 
338 338 45 22 
339 339 40 32 
340 340 24 27 
341 341 34 20 
342 342 26 43 
343 343 42 13 
344 344 31 2 
345 345 34 1 
346 346 41 17 
347 347 29 47 
348 348 26 26 
349 349 32 23 
350 350 38 44 
351 351 3 29 
352 352 48 45 
353 353 2 28 
354 354 40 2 
355 355 45 16 
356 356 42 26 
357 357 31 11 
358 358 33 39 
359 359 45 5 
360 360 21 26 
361 361 47 14 
362 362 36 37 
363 363 30 21 
364 364 18 26 
365 365 3 32 
366 366 40 4 
367 367 3 46 
368 368 22 46 
369 369 5 36 
370 370 33 13 
371 371 38 18 
372 372 27 3 
373 373 20 9 
374 374 1 34 
375 375 42 19 
376 376 19 8 
377 377 40 18 
378 378 24 36 
379 379 48 28 
380 380 36 6 
381 381 28 16 
382 382 38 40 
383 383 5 30 
384 384 41 22 
385 385 39 23 
386 386 29 20 
387 387 6 38 
388 388 38 34 
389 389 39 34 
390 390 8 2 
391 391 10 37 
392 392 16 0 
393 393 26 0 
394 394 21 1 
395 395 20 11 
396 396 0 20 
397 397 24 49 
398 398 20 7 
399 399 46 46 
400 400 11 14 
401 401 36 3 
402 402 18 20 
403 403 25 4 
404 404 14 22 
405 405 6 11 
406 406 17 0 
407 407 43 45 
408 408 26 16 
409 409 21 18 
410 410 44 22 
411 411 33 24 
412 412 23 14 
413 413 5 12 
414 414 7 41 
415 415 5 37 
416 416 30 32 
417 417 44 38 
418 418 16 2 
419 419 13 21 
420 420 17 41 
421 421 8 32 
422 422 12 2 
423 423 16 25 
424 424 42 27 
425 425 4 11 
426 426 36 16 
427 427 9 30 
428 428 13 2 
429 429 49 2 
430 430 1 8 
431 431 40 45 
432 432 10 4 
433 433 27 27 
434 434 40 40 
435 435 0 39 
436 436 35 13 
437 437 26 33 
438 438 17 16 
439 439 28 20 
440 440 15 42 
441 441 15 44 
442 442 20 44 
443 443 42 16 
444 444 4 40 
445 445 8 45 
446 446 48 1 
447 447 2 17 
448 448 23 7 
449 449 19 12 
450 450 49 18 
451 451 16 3 
452 452 42 28 
453 453 28 2 
454 454 23 35 
455 455 49 22 
456 456 6 14 
457 457 32 10 
458 458 0 0 
459 459 16 10 
460 460 22 35 
461 461 3 31 
462 462 42 37 
463 463 41 6 
464 464 26 18 
465 465 32 36 
466 466 7 25 
467 467 47 32 
468 468 39 19 
469 469 43 28 
470 470 43 21 
471 471 5 40 
472 472 25 47 
473 473 37 41 
474 474 41 48 
475 475 23 30 
476 476 45 20 
477 477 13 22 
478 478 39 1 
479 479 13 24 
480 480 22 2 
481 481 0 27 
482 482 37 0 
483 483 29 23 
484 484 12 44 
485 485 7 8 
486 486 46 48 
487 487 7 30 
488 488 8 3 
489 489 0 26 
490 490 28 11 
491 491 32 13 
492 492 43 48 
493 493 18 39 
494 494 2 9 
495 495 40 36 
496 496 11 0 
497 497 26 35 
498 498 49 15 
499 499 12 41 
500 500 26 36 
501 501 39 16 
502 502 37 28 
503 503 35 45 
504 504 3 16 
505 505 38 16 
506 506 7 1 
507 507 30 39 
508 508 37 11 
509 509 2 8 
510 510 19 46 
511 511 10 46 
512 512 23 27 
513 513 35 38 
514 514 40 28 
515 515 37 27 
516 516 24 4 
517 517 42 18 
518 518 14 37 
519 519 25 46 
520 520 28 29 
521 521 29 13 
522 522 3 33 
523 523 15 16 
524 524 4 13 
525 525 27 14 
526 526 12 39 
527 527 44 40 
528 528 23 15 
529 529 32 42 
530 530 8 30 
531 531 19 48 
532 532 7 43 
533 533 18 31 
534 534 49 0 
535 535 1 5 
536 536 0 36 
537 537 45 49 
538 538 10 45 
539 539 16 11 
540 540 3 36 
541 541 31 31 
542 542 25 32 
543 543 5 19 
544 544 4 6 
545 545 21 0 
546 546 49 6 
547 547 14 19 
548 548 43 4 
549 549 32 20 
550 550 16 22 
551 551 3 4 
552 552 8 16 
553 553 35 19 
554 554 41 12 
555 555 34 8 
556 556 24 31 
557 557 44 9 
558 558 21 25 
559 559 5 42 
560 560 20 34 
561 561 25 34 
562 562 20 10 
563 563 0 6 
564 564 25 9 
565 565 19 35 
566 566 17 42 
567 567 1 28 
568 568 31 37 
569 569 4 3 
570 570 19 29 
571 571 1 39 
572 572 41 25 
573 573 47 42 
574 574 6 15 
575 575 35 6 
576 576 31 48 
577 577 25 22 
578 578 30 47 
579 579 27 45 
580 580 30 18 
581 581 49 26 
582 582 18 27 
583 583 31 4 
584 584 5 8 
585 585 26 49 
586 586 0 44 
587 587 30 35 
588 588 38 28 
589 589 14 12 
590 590 28 22 
591 591 5 28 
592 592 11 23 
593 593 8 24 
594 594 34 47 
595 595 48 33 
596 596 22 22 
597 597 40 1 
598 598 13 1 
599 599 39 24 
#
EDGES (from-node to-node length a b):
0 262 15 0 
0 140 31 0 
1 557 28 0 
1 509 14 0 
1 230 6 0 
1 193 43 0 
1 165 32 0 
2 537 40 0 
2 511 6 0 
3 588 21 0 
3 441 40 0 
3 11 23 0 
4 578 41 0 
4 543 12 0 
4 328 36 0 
4 33 44 0 
5 405 13 0 
6 444 48 0 
6 231 14 0 
7 459 22 0 
7 335 18 0 
7 242 28 0 
7 132 30 0 
7 94 33 0 
8 563 39 0 
8 514 25 0 
8 466 39 0 
8 104 16 0 
8 38 30 0 
9 590 12 0 
9 534 28 0 
9 497 16 0 
9 322 9 0 
9 206 30 0 
9 56 35 0 
10 552 19 0 
10 545 11 0 
10 529 33 0 
10 498 24 0 
10 454 25 0 
10 416 22 0 
10 310 12 0 
11 482 31 0 
11 163 31 0 
11 28 45 0 
12 552 13 0 
12 551 21 0 
12 534 31 0 
12 139 22 0 
12 41 2 0 
13 333 38 0 
13 279 23 0 
13 236 28 0 
13 83 46 0 
13 69 13 0 
14 557 44 0 
14 459 18 0 
14 403 29 0 
14 344 35 0 
14 300 34 0 
14 153 30 0 
15 156 23 0 
15 147 18 0 
15 119 3 0 
15 113 9 0 
16 403 19 0 
16 122 11 0 
17 588 32 0 
17 388 30 0 
18 599 35 0 
18 524 38 0 
18 148 21 0 
18 137 38 0 
19 410 20 0 
19 249 18 0 
20 583 29 0 
20 550 30 0 
20 397 29 0 
20 366 25 0 
20 285 31 0 
20 221 34 0 
20 98 14 0 
21 308 11 0 
21 162 41 0 
22 476 10 0 
22 322 20 0 
22 128 17 0 
23 506 25 0 
23 356 20 0 
23 125 11 0 
24 398 19 0 
24 41 12 0 
25 197 30 0 
25 154 14 0 
26 561 27 0 
26 395 9 0 
26 223 34 0 
26 106 43 0 
27 501 23 0 
27 454 13 0 
27 417 9 0 
27 351 34 0 
27 284 11 0 
28 283 37 0 
29 463 34 0 
29 460 15 0 
29 213 38 0 
29 143 19 0 
30 509 28 0 
30 242 29 0 
31 590 27 0 
31 587 26 0 
31 500 22 0 
31 89 26 0 
31 88 42 0 
32 550 18 0 
32 512 22 0 
32 510 41 0 
32 490 8 0 
32 483 19 0 
32 81 29 0 
33 546 41 0 
33 149 14 0 
33 56 39 0 
33 46 43 0 
34 549 30 0 
34 520 24 0 
34 513 30 0 
34 510 18 0 
34 505 38 0 
34 456 20 0 
34 291 16 0 
34 134 29 0 
34 84 11 0 
35 409 6 0 
35 403 18 0 
35 237 20 0 
35 221 18 0 
35 123 17 0 
36 494 20 0 
36 258 20 0 
36 89 21 0 
36 80 9 0 
37 488 37 0 
37 363 12 0 
37 308 25 0 
37 263 14 0 
37 124 3 0 
38 315 25 0 
38 181 32 0 
39 597 28 0 
39 583 24 0 
39 420 19 0 
39 241 22 0 
39 168 27 0 
40 374 17 0 
40 281 29 0 
41 598 14 0 
41 296 14 0 
41 89 19 0 
42 589 13 0 
42 550 7 0 
42 486 44 0 
42 469 34 0 
42 305 31 0 
42 294 18 0 
43 560 18 0 
43 79 18 0 
44 332 38 0 
44 130 41 0 
45 594 10 0 
45 526 21 0 
45 185 28 0 
46 480 8 0 
46 402 20 0 
46 235 37 0 
47 571 37 0 
48 539 21 0 
48 388 18 0 
48 335 6 0 
48 324 26 0 
48 312 11 0 
49 539 11 0 
49 337 21 0 
50 459 28 0 
51 461 36 0 
51 409 14 0 
51 262 22 0 
52 598 34 0 
52 540 16 0 
52 531 14 0 
52 419 14 0 
52 122 34 0 
53 478 13 0 
53 338 16 0 
53 331 15 0 
53 298 30 0 
54 457 4 0 
54 258 15 0 
55 507 30 0 
55 463 48 0 
55 450 50 0 
55 345 46 0 
55 215 20 0 
55 154 35 0 
55 131 16 0 
56 570 15 0 
56 392 30 0 
56 221 30 0 
57 464 24 0 
57 441 5 0 
57 267 29 0 
58 580 22 0 
58 419 5 0 
58 258 31 0 
59 363 28 0 
59 316 39 0 
60 444 44 0 
60 360 23 0 
60 315 34 0 
60 246 4 0 
61 331 11 0 
61 305 27 0 
61 219 13 0 
61 205 1 0 
62 595 24 0 
62 566 8 0 
62 545 40 0 
62 493 7 0 
62 404 21 0 
62 262 10 0 
62 213 28 0 
63 532 37 0 
63 292 9 0 
63 144 28 0 
64 311 40 0 
64 290 16 0 
64 198 35 0 
65 557 25 0 
65 411 11 0 
65 131 29 0 
66 550 21 0 
66 531 17 0 
66 512 22 0 
66 493 14 0 
66 232 37 0 
67 505 13 0 
67 479 30 0 
67 376 17 0 
67 91 23 0 
68 560 35 0 
68 533 33 0 
68 501 15 0 
68 239 19 0 
68 179 15 0 
68 177 19 0 
68 150 34 0 
68 112 7 0 
69 400 26 0 
69 164 29 0 
69 143 29 0 
69 127 11 0 
70 559 47 0 
70 250 7 0 
70 181 28 0 
70 108 28 0 
71 505 37 0 
71 446 55 0 
72 576 15 0 
72 562 25 0 
72 512 8 0 
72 403 30 0 
72 189 19 0 
73 537 48 0 
73 513 37 0 
73 472 49 0 
73 470 20 0 
73 458 41 0 
73 434 39 0 
73 410 21 0 
73 355 16 0 
73 80 20 0 
74 493 34 0 
74 372 29 0 
74 366 21 0 
74 180 28 0 
74 138 52 0 
75 396 24 0 
76 581 25 0 
76 508 22 0 
77 527 21 0 
77 478 26 0 
77 463 22 0 
77 437 9 0 
77 413 27 0 
77 411 4 0 
77 358 15 0 
78 463 34 0 
78 80 18 0 
79 233 30 0 
79 89 18 0 
80 459 8 0 
80 423 16 0 
80 248 22 0 
80 227 28 0 
80 191 37 0 
81 320 17 0 
81 220 17 0 
82 384 43 0 
82 309 16 0 
83 523 29 0 
83 333 15 0 
83 201 21 0 
84 500 14 0 
84 418 39 0 
84 151 42 0 
85 439 9 0 
85 277 18 0 
85 275 23 0 
85 243 9 0 
86 540 8 0 
86 532 2 0 
87 124 5 0 
88 593 31 0 
88 584 26 0 
88 512 26 0 
88 220 22 0 
88 158 5 0 
89 516 24 0 
90 554 35 0 
90 527 47 0 
90 486 53 0 
90 359 40 0 
91 567 19 0 
91 541 21 0 
91 510 30 0 
91 429 36 0 
91 215 7 0 
92 564 18 0 
92 462 16 0 
92 442 28 0 
92 314 21 0 
92 308 13 0 
93 560 22 0 
93 429 49 0 
93 304 30 0 
93 185 13 0 
94 410 29 0 
94 266 11 0 
94 253 4 0 
94 249 36 0 
94 218 31 0 
95 508 23 0 
95 412 11 0 
95 256 39 0 
96 470 16 0 
96 388 20 0 
96 370 6 0 
97 490 25 0 
97 168 43 0 
97 114 34 0 
98 420 31 0 
98 161 18 0 
99 505 27 0 
99 477 32 0 
99 404 31 0 
99 328 30 0 
99 276 27 0 
100 565 4 0 
100 484 9 0 
100 336 12 0 
100 302 7 0 
100 268 19 0 
100 123 25 0 
100 101 17 0 
101 516 42 0 
101 493 19 0 
101 316 32 0 
101 304 18 0 
101 202 12 0 
102 435 21 0 
102 384 31 0 
102 198 37 0 
102 141 8 0 
103 462 42 0 
103 447 28 0 
103 331 53 0 
103 268 38 0 
103 140 22 0 
104 506 16 0 
104 451 7 0 
104 287 29 0 
104 251 5 0 
104 206 1 0 
104 126 27 0 
105 142 14 0 
106 445 41 0 
106 381 36 0 
106 373 46 0 
106 261 42 0 
106 232 27 0 
107 498 24 0 
107 468 14 0 
107 435 33 0 
107 218 19 0 
107 132 18 0 
108 410 25 0 
109 430 21 0 
109 286 25 0 
109 227 21 0 
110 521 8 0 
110 416 26 0 
110 304 21 0 
110 263 24 0 
110 259 28 0 
110 119 25 0 
111 583 45 0 
111 497 24 0 
111 443 30 0 
111 347 18 0 
111 112 43 0 
112 592 24 0 
112 168 37 0 
113 425 35 0 
113 340 11 0 
113 228 21 0 
113 181 8 0 
113 148 10 0 
114 386 23 0 
114 339 27 0 
114 224 40 0 
114 209 15 0 
115 432 39 0 
115 287 16 0 
116 549 10 0 
116 540 33 0 
116 328 32 0 
116 201 17 0 
116 177 11 0 
116 122 19 0 
117 366 39 0 
118 518 40 0 
118 491 10 0 
119 317 26 0 
119 265 21 0 
120 543 11 0 
120 362 25 0 
120 165 14 0 
120 149 33 0 
121 440 45 0 
122 415 47 0 
122 370 14 0 
122 200 39 0 
123 552 2 0 
123 526 23 0 
123 276 20 0 
123 220 3 0 
124 505 19 0 
124 431 19 0 
124 424 16 0 
125 478 19 0 
125 236 24 0 
125 187 28 0 
126 422 34 0 
126 380 16 0 
126 240 13 0 
127 595 34 0 
127 562 14 0 
127 510 45 0 
127 188 41 0 
128 507 28 0 
128 368 33 0 
128 311 11 0 
128 257 6 0 
128 250 9 0 
128 149 33 0 
129 599 28 0 
129 142 43 0 
130 231 8 0 
131 524 34 0 
131 466 22 0 
131 181 26 0 
132 595 45 0 
132 193 40 0 
132 149 42 0 
133 459 20 0 
133 368 18 0 
133 328 25 0 
133 156 36 0 
133 140 19 0 
134 449 21 0 
134 348 7 0 
135 473 14 0 
135 137 16 0 
136 325 30 0 
136 290 15 0 
136 269 44 0 
137 363 6 0 
137 346 9 0 
138 420 17 0 
138 278 37 0 
138 175 5 0 
139 571 10 0 
139 258 33 0 
140 528 32 0 
140 445 15 0 
140 369 21 0 
140 350 15 0 
140 282 11 0 
140 268 24 0 
140 165 21 0 
142 563 53 0 
142 549 22 0 
142 420 23 0 
142 332 37 0 
142 245 30 0 
142 237 9 0 
143 558 10 0 
143 409 17 0 
143 392 35 0 
143 334 21 0 
144 150 47 0 
145 482 40 0 
145 481 35 0 
145 343 29 0 
145 248 18 0 
145 197 39 0 
146 505 20 0 
146 502 8 0 
146 417 8 0 
147 454 4 0 
147 402 16 0 
147 377 20 0 
147 187 13 0 
148 499 17 0 
149 518 31 0 
149 410 11 0 
150 342 49 0 
151 565 38 0 
151 559 42 0 
151 460 39 0 
151 438 20 0 
151 365 32 0 
152 504 12 0 
152 359 45 0 
153 352 30 0 
153 292 34 0 
153 198 47 0 
153 160 34 0 
154 517 16 0 
154 217 12 0 
154 196 30 0 
154 187 32 0 
155 517 47 0 
155 330 23 0 
155 312 10 0 
155 266 35 0 
157 563 31 0 
157 516 18 0 
157 506 29 0 
157 504 25 0 
157 168 26 0 
159 532 52 0 
159 446 10 0 
159 354 12 0 
160 517 24 0 
160 374 29 0 
161 479 40 0 
161 400 38 0 
161 269 37 0 
161 202 52 0 
162 503 37 0 
162 410 44 0 
162 191 24 0 
163 453 32 0 
163 340 13 0 
163 327 14 0 
163 268 8 0 
164 221 32 0 
165 387 2 0 
166 262 22 0 
166 194 28 0 
167 573 40 0 
167 517 33 0 
167 489 10 0 
167 423 6 0 
168 511 12 0 
168 475 19 0 
168 212 44 0 
169 582 15 0 
169 513 5 0 
170 553 22 0 
170 407 48 0 
170 378 33 0 
170 272 28 0 
171 212 43 0 
171 194 22 0 
172 371 29 0 
173 459 30 0 
174 494 25 0 
174 427 25 0 
174 371 12 0 
174 339 23 0 
174 257 6 0 
175 464 35 0 
175 407 37 0 
175 260 25 0 
175 222 36 0 
176 586 54 0 
176 426 9 0 
176 316 43 0 
177 482 20 0 
177 421 34 0 
177 410 4 0 
177 228 24 0 
178 548 38 0 
178 444 28 0 
179 573 28 0 
180 523 23 0 
181 493 14 0 
181 463 26 0 
181 418 28 0 
182 449 29 0 
182 261 25 0 
183 556 21 0 
183 545 49 0 
183 502 33 0 
184 371 21 0 
184 366 36 0 
184 314 19 0 
184 220 35 0 
184 196 35 0 
185 558 12 0 
185 422 13 0 
185 286 34 0 
186 584 15 0 
186 580 30 0 
186 418 26 0 
186 387 17 0 
186 329 15 0 
187 560 7 0 
187 542 12 0 
187 487 13 0 
187 456 28 0 
187 412 27 0 
188 557 42 0 
188 514 26 0 
188 275 13 0 
190 499 26 0 
190 483 11 0 
190 376 8 0 
190 268 16 0 
191 290 33 0 
192 551 32 0 
192 312 37 0 
192 251 9 0 
194 589 24 0 
195 445 35 0 
195 339 40 0 
195 239 11 0 
196 490 29 0 
196 412 23 0 
197 427 24 0 
197 290 36 0 
198 384 16 0 
198 264 6 0 
198 263 19 0 
199 591 9 0 
199 406 24 0 
200 554 36 0 
200 540 13 0 
200 465 16 0 
200 447 25 0 
200 367 15 0 
200 212 32 0 
201 599 20 0 
202 485 45 0 
202 343 40 0 
203 307 16 0 
204 584 28 0 
204 521 11 0 
204 487 38 0 
204 234 52 0 
205 300 21 0 
206 580 19 0 
206 509 23 0 
206 444 45 0 
206 297 28 0 
207 452 14 0 
207 407 29 0 
207 315 28 0 
208 278 17 0 
209 532 22 0 
210 530 3 0 
210 440 11 0 
210 312 6 0 
210 299 17 0 
210 264 38 0 
211 579 37 0 
211 573 33 0 
211 275 26 0 
211 256 37 0 
211 244 1 0 
212 593 44 0 
212 592 42 0 
212 276 38 0 
212 243 40 0 
213 402 18 0 
213 351 4 0 
214 379 36 0 
214 223 8 0 
215 397 27 0 
215 259 17 0 
215 246 26 0 
216 243 16 0 
217 596 9 0 
217 457 16 0 
217 352 43 0 
217 283 17 0 
217 252 27 0 
218 526 12 0 
218 492 40 0 
218 449 18 0 
219 582 24 0 
219 548 10 0 
219 490 6 0 
219 316 36 0 
220 469 35 0 
220 462 39 0 
220 270 29 0 
220 229 13 0 
220 228 8 0 
221 535 21 0 
221 476 28 0 
221 432 12 0 
222 233 30 0 
223 502 19 0 
223 354 43 0 
223 264 36 0 
224 522 47 0 
224 437 28 0 
224 359 8 0 
225 599 21 0 
225 588 20 0 
225 577 7 0 
225 340 7 0 
225 301 20 0 
225 272 10 0 
226 500 19 0 
226 482 45 0 
226 467 40 0 
226 453 37 0 
227 478 38 0 
227 349 15 0 
228 506 20 0 
229 576 28 0 
229 315 13 0 
230 572 35 0 
230 540 29 0 
230 456 7 0 
231 339 32 0 
231 280 8 0 
233 521 20 0 
234 493 16 0 
234 430 38 0 
234 258 42 0 
235 567 49 0 
235 386 26 0 
235 303 34 0 
236 594 3 0 
236 273 45 0 
237 382 9 0 
237 323 9 0 
237 284 13 0 
238 562 3 0 
238 428 8 0 
238 377 24 0 
238 355 28 0 
238 326 25 0 
239 523 4 0 
239 413 13 0 
239 363 14 0 
240 532 41 0 
240 525 7 0 
240 484 39 0 
240 344 9 0 
241 487 15 0 
241 342 30 0 
242 543 13 0 
243 442 39 0 
244 406 23 0 
245 561 25 0 
245 359 12 0 
245 344 10 0 
245 256 37 0 
246 576 47 0 
247 569 20 0 
247 520 27 0 
247 325 13 0 
247 292 37 0 
248 474 30 0 
249 553 9 0 
249 536 38 0 
249 321 6 0 
249 292 25 0 
249 286 37 0 
250 547 16 0 
250 524 21 0 
250 481 32 0 
250 305 42 0 
251 474 46 0 
252 525 21 0 
252 273 37 0 
253 551 56 0 
253 380 43 0 
254 566 22 0 
254 508 41 0 
255 534 16 0 
255 432 24 0 
255 383 38 0 
255 366 6 0 
256 495 13 0 
257 445 40 0 
257 393 9 0 
258 405 35 0 
258 337 36 0 
259 598 38 0 
259 350 12 0 
259 348 9 0 
259 285 24 0 
260 333 24 0 
261 586 32 0 
261 534 35 0 
261 325 12 0 
262 572 21 0 
262 424 21 0 
262 400 20 0 
263 585 28 0 
263 553 8 0 
263 533 23 0 
263 440 30 0 
263 368 28 0 
264 506 33 0 
264 410 14 0 
264 328 49 0 
265 408 15 0 
265 295 9 0 
265 293 21 0 
266 389 5 0 
267 464 6 0 
267 287 18 0 
267 270 16 0 
270 477 28 0 
271 336 20 0 
272 294 3 0 
273 524 15 0 
273 470 33 0 
273 399 53 0 
273 387 36 0 
274 495 38 0 
274 407 39 0 
274 334 40 0 
275 403 30 0 
276 277 13 0 
277 582 5 0 
277 568 11 0 
277 516 26 0 
277 323 24 0 
277 294 4 0 
278 490 10 0 
278 409 8 0 
278 311 15 0 
278 280 17 0 
279 359 11 0 
279 349 22 0 
280 508 11 0 
280 495 34 0 
280 469 28 0 
280 311 2 0 
280 281 5 0 
281 591 34 0 
281 588 31 0 
281 547 22 0 
281 335 29 0 
282 523 23 0 
282 513 20 0 
282 404 17 0 
283 305 42 0 
285 590 13 0 
285 568 26 0 
285 503 35 0 
285 397 36 0 
286 443 38 0 
286 425 41 0 
286 424 30 0 
286 295 17 0 
287 592 15 0 
287 339 16 0 
288 448 18 0 
289 316 38 0 
290 340 19 0 
292 390 49 0 
293 392 50 0 
294 563 37 0 
294 550 14 0 
295 469 16 0 
295 465 5 0 
295 452 15 0 
295 442 14 0 
296 549 26 0 
296 447 20 0 
296 407 53 0 
296 343 30 0 
296 330 38 0 
297 345 36 0 
298 467 11 0 
298 363 23 0 
298 340 22 0 
299 523 6 0 
299 512 8 0 
299 474 35 0 
299 399 37 0 
300 589 19 0 
300 580 15 0 
300 539 17 0 
300 485 25 0 
301 551 41 0 
301 514 31 0 
302 415 8 0 
302 401 43 0 
303 579 44 0 
303 518 43 0 
304 581 17 0 
304 561 11 0 
304 460 13 0 
304 420 21 0 
305 538 19 0 
306 347 48 0 
306 314 34 0 
307 595 19 0 
307 566 14 0 
307 490 30 0 
307 357 30 0 
308 556 26 0 
308 425 33 0 
308 313 26 0 
309 499 22 0 
310 572 22 0 
312 427 9 0 
314 496 30 0 
314 480 27 0 
314 359 36 0 
315 575 37 0 
315 526 14 0 
315 482 43 0 
315 438 17 0 
316 501 37 0 
316 496 32 0 
316 481 8 0 
316 373 27 0 
317 521 21 0 
317 338 31 0 
318 587 9 0 
318 376 24 0 
319 559 20 0 
320 571 28 0 
320 533 21 0 
320 418 13 0 
320 353 17 0 
321 502 15 0 
321 475 21 0 
321 394 19 0 
322 586 38 0 
322 473 6 0 
322 420 21 0 
323 351 42 0 
323 331 6 0 
324 592 14 0 
325 544 27 0 
325 515 15 0 
327 454 17 0 
327 444 33 0 
327 395 13 0 
327 362 18 0 
327 341 4 0 
329 572 28 0 
329 463 29 0 
329 419 5 0 
330 485 34 0 
330 459 29 0 
331 599 10 0 
331 589 34 0 
331 513 23 0 
331 448 26 0 
332 524 20 0 
333 562 38 0 
333 505 35 0 
334 411 8 0 
335 396 27 0 
337 553 31 0 
337 393 23 0 
338 592 34 0 
338 573 20 0 
338 386 16 0 
338 349 13 0 
339 564 27 0 
341 481 35 0 
341 407 27 0 
342 420 9 0 
343 598 31 0 
343 494 40 0 
343 479 31 0 
343 355 4 0 
344 481 40 0 
344 394 10 0 
346 426 5 0 
347 356 25 0 
348 503 21 0 
348 404 13 0 
349 488 31 0 
350 493 21 0 
350 385 21 0 
351 583 38 0 
351 552 14 0 
351 505 37 0 
351 494 20 0 
352 525 37 0 
353 593 7 0 
355 594 33 0 
357 489 34 0 
359 554 8 0 
359 528 24 0 
359 486 43 0 
359 381 20 0 
360 485 23 0 
360 471 21 0 
360 409 8 0 
361 571 52 0 
361 501 8 0 
361 391 44 0 
361 381 19 0 
362 464 21 0 
363 576 27 0 
363 459 18 0 
364 590 11 0 
364 480 24 0 
365 389 36 0 
367 567 18 0 
367 438 33 0 
371 569 37 0 
371 545 25 0 
371 541 15 0 
371 414 39 0 
372 391 38 0 
372 386 17 0 
375 411 10 0 
376 559 37 0 
377 502 10 0 
378 518 10 0 
378 471 19 0 
378 436 25 0 
379 560 29 0 
380 485 29 0 
380 419 27 0 
381 574 22 0 
382 500 13 0 
382 491 28 0 
382 427 31 0 
382 425 45 0 
382 407 7 0 
384 550 25 0 
384 393 27 0 
386 484 29 0 
387 590 27 0 
387 475 19 0 
387 439 28 0 
388 554 22 0 
389 522 36 0 
390 451 8 0 
390 439 27 0 
391 533 10 0 
391 511 9 0 
393 534 23 0 
393 459 14 0 
393 449 14 0 
395 585 38 0 
396 444 20 0 
398 400 11 0 
400 529 35 0 
402 504 16 0 
402 431 33 0 
403 588 27 0 
403 567 34 0 
404 511 24 0 
404 509 18 0 
405 580 25 0 
406 479 24 0 
408 539 11 0 
409 599 19 0 
409 499 25 0 
410 593 36 0 
411 506 35 0 
412 520 16 0 
412 503 33 0 
412 413 18 0 
414 588 34 0 
414 505 40 0 
414 494 32 0 
414 451 39 0 
415 508 41 0 
415 504 21 0 
415 424 38 0 
417 567 44 0 
418 541 33 0 
418 511 44 0 
419 585 31 0 
419 567 14 0 
420 458 44 0 
421 537 41 0 
422 502 36 0 
423 531 23 0 
424 526 32 0 
424 473 15 0 
425 542 30 0 
426 555 8 0 
427 580 24 0 
428 527 49 0 
428 520 31 0 
429 564 25 0 
429 545 28 0 
430 586 36 0 
431 488 53 0 
432 590 25 0 
432 475 29 0 
432 459 8 0 
433 576 21 0 
434 536 40 0 
434 533 24 0 
434 529 8 0 
435 567 11 0 
435 466 16 0 
436 496 27 0 
436 486 37 0 
436 438 18 0 
437 491 21 0 
437 460 4 0 
438 530 17 0 
438 512 13 0 
439 493 21 0 
440 513 20 0 
441 451 41 0 
444 587 26 0 
444 586 6 0 
444 539 31 0 
444 518 10 0 
444 495 36 0 
445 483 30 0 
446 538 58 0 
446 517 18 0 
446 491 20 0 
447 534 50 0 
449 564 7 0 
449 481 24 0 
450 581 8 0 
451 534 33 0 
451 476 34 0 
452 455 9 0 
453 590 20 0 
454 565 4 0 
456 573 50 0 
457 459 16 0 
458 576 57 0 
458 486 66 0 
460 554 30 0 
460 550 14 0 
461 481 5 0 
463 494 39 0 
464 528 4 0 
466 515 30 0 
469 527 12 0 
469 479 30 0 
471 561 21 0 
471 514 37 0 
473 517 24 0 
475 541 8 0 
476 562 27 0 
476 497 24 0 
477 528 12 0 
478 545 18 0 
479 541 19 0 
480 555 13 0 
482 552 33 0 
482 550 30 0 
483 585 26 0 
484 599 34 0 
484 569 42 0 
485 550 17 0 
487 526 10 0 
489 591 5 0 
493 568 13 0 
494 543 10 0 
495 590 18 0 
496 543 20 0 
500 552 27 0 
503 572 21 0 
503 510 16 0 
504 591 12 0 
505 511 41 0 
509 558 25 0 
509 551 4 0 
510 544 43 0 
512 546 33 0 
512 541 9 0 
515 578 21 0 
518 519 14 0 
519 571 25 0 
522 596 22 0 
523 590 14 0 
526 537 34 0 
527 565 25 0 
527 534 40 0 
528 540 29 0 
529 599 19 0 
529 559 27 0 
533 594 23 0 
533 542 7 0 
538 556 20 0 
543 599 34 0 
544 551 2 0 
546 590 26 0 
550 566 20 0 
551 553 35 0 
555 587 27 0 
556 585 18 0 
558 588 17 0 
559 582 20 0 
560 590 14 0 
577 594 27 0 
586 593 22 0 
