#GRAPH (#nodes #edges id uu vv ww xx yy zz):
#600 2726 geo(0,{600,50,3,0.007,0.000,0.000}) 50 
#
VERTICES (index name u v w x y z):
0 0 23 25 
1 1 15 44 
2 2 25 33 
3 3 27 3 
4 4 46 30 
5 5 24 11 
6 6 49 13 
7 7 15 32 
8 8 41 16 
9 9 6 48 
10 10 19 44 
11 11 48 22 
12 12 2 4 
13 13 29 28 
14 14 47 21 
15 15 29 24 
16 16 18 22 
17 17 35 19 
18 18 2 42 
19 19 45 32 
20 20 25 28 
21 21 42 34 
22 22 14 15 
23 23 31 4 
24 24 25 16 
25 25 10 10 
26 26 11 46 
27 27 47 30 
28 28 31 46 
29 29 5 45 
30 30 12 21 
31 31 2 3 
32 32 23 33 
33 33 17 32 
34 34 46 23 
35 35 46 48 
36 36 10 25 
37 37 13 18 
38 38 42 47 
39 39 9 43 
40 40 44 17 
41 41 37 28 
42 42 21 4 
43 43 1 43 
44 44 7 39 
45 45 42 17 
46 46 15 40 
47 47 34 43 
48 48 4 29 
49 49 33 1 
50 50 0 49 
51 51 13 9 
52 52 41 17 
53 53 48 25 
54 54 34 22 
55 55 24 41 
56 56 40 38 
57 57 31 31 
58 58 39 10 
59 59 1 22 
60 60 27 0 
61 61 35 15 
62 62 28 41 
63 63 11 12 
64 64 11 17 
65 65 44 44 
66 66 44 7 
67 67 20 14 
68 68 5 22 
69 69 38 21 
70 70 12 11 
71 71 32 45 
72 72 5 44 
73 73 38 29 
74 74 18 19 
75 75 12 1 
76 76 5 25 
77 77 1 13 
78 78 47 35 
79 79 45 23 
80 80 23 49 
81 81 14 46 
82 82 39 37 
83 83 35 41 
84 84 21 11 
85 85 44 1 
86 86 25 8 
87 87 17 10 
88 88 25 20 
89 89 21 21 
90 90 38 8 
91 91 27 8 
92 92 7 38 
93 93 33 37 
94 94 4 47 
95 95 17 18 
96 96 35 38 
97 97 5 15 
98 98 13 7 
99 99 38 6 
100 100 18 40 
101 101 24 3 
102 102 40 34 
103 103 35 6 
104 104 22 33 
105 105 10 6 
106 106 3 20 
107 107 41 5 
108 108 45 31 
109 109 21 49 
110 110 4 5 
111 111 2 27 
112 112 16 35 
113 113 15 38 
114 114 37 11 
115 115 48 26 
116 116 40 13 
117 117 49 42 
118 118 3 32 
119 119 42 4 
120 120 5 39 
121 121 49 48 
122 122 4 12 
123 123 44 0 
124 124 11 37 
125 125 31 8 
126 126 23 12 
127 127 16 12 
128 128 7 15 
129 129 33 49 
130 130 43 0 
131 131 29 45 
132 132 11 8 
133 133 24 20 
134 134 37 17 
135 135 19 18 
136 136 7 8 
137 137 22 29 
138 138 14 21 
139 139 39 9 
140 140 1 33 
141 141 5 30 
142 142 30 9 
143 143 18 30 
144 144 14 31 
145 145 31 23 
146 146 44 4 
147 147 28 36 
148 148 46 42 
149 149 3 23 
150 150 39 45 
151 151 44 6 
152 152 35 4 
153 153 6 18 
154 154 44 29 
155 155 45 19 
156 156 26 20 
157 157 1 17 
158 158 8 14 
159 159 44 19 
160 160 40 12 
161 161 32 40 
162 162 7 5 
163 163 40 41 
164 164 43 42 
165 165 47 13 
166 166 10 24 
167 167 1 30 
168 168 26 9 
169 169 19 32 
170 170 18 10 
171 171 36 45 
172 172 31 36 
173 173 18 31 
174 174 36 20 
175 175 24 26 
176 176 47 27 
177 177 30 25 
178 178 4 21 
179 179 40 36 
180 180 16 43 
181 181 13 19 
182 182 35 47 
183 183 44 12 
184 184 3 5 
185 185 45 22 
186 186 39 36 
187 187 23 34 
188 188 40 47 
189 189 22 32 
190 190 37 12 
191 191 46 14 
192 192 33 42 
193 193 8 20 
194 194 29 33 
195 195 17 46 
196 196 14 49 
197 197 46 4 
198 198 49 44 
199 199 39 28 
200 200 35 39 
201 201 32 10 
202 202 24 27 
203 203 24 42 
204 204 40 33 
205 205 43 26 
206 206 28 12 
207 207 0 32 
208 208 5 40 
209 209 17 3 
210 210 38 32 
211 211 25 13 
212 212 48 17 
213 213 27 36 
214 214 15 11 
215 215 31 37 
216 216 35 16 
217 217 15 1 
218 218 46 38 
219 219 17 31 
220 220 46 39 
221 221 9 25 
222 222 21 2 
223 223 28 3 
224 224 3 1 
225 225 3 26 
226 226 35 27 
227 227 43 36 
228 228 4 28 
229 229 1 35 
230 230 13 42 
231 231 8 13 
232 232 0 23 
233 233 43 41 
234 234 42 23 
235 235 12 31 
236 236 0 27 
237 237 39 47 
238 238 1 48 
239 239 40 20 
240 240 42 11 
241 241 32 4 
242 242 21 48 
243 243 32 2 
244 244 20 31 
245 245 33 23 
246 246 15 21 
247 247 24 32 
248 248 11 4 
249 249 13 17 
250 250 11 24 
251 251 49 36 
252 252 13 48 
253 253 39 38 
254 254 46 26 
255 255 42 24 
256 256 0 5 
257 257 34 15 
258 258 32 27 
259 259 33 11 
260 260 42 30 
261 261 15 18 
262 262 11 44 
263 263 43 10 
264 264 19 6 
265 265 38 45 
266 266 39 26 
267 267 23 20 
268 268 41 23 
269 269 39 18 
270 270 10 21 
271 271 34 7 
272 272 3 28 
273 273 24 17 
274 274 13 0 
275 275 33 13 
276 276 8 37 
277 277 17 45 
278 278 35 10 
279 279 36 8 
280 280 49 33 
281 281 33 21 
282 282 4 17 
283 283 44 18 
284 284 29 4 
285 285 20 49 
286 286 22 0 
287 287 21 1 
288 288 41 30 
289 289 36 40 
290 290 4 49 
291 291 30 45 
292 292 28 15 
293 293 21 16 
294 294 15 22 
295 295 0 38 
296 296 37 7 
297 297 22 42 
298 298 36 44 
299 299 2 45 
300 300 37 39 
301 301 18 46 
302 302 49 23 
303 303 10 27 
304 304 47 17 
305 305 42 32 
306 306 11 26 
307 307 38 41 
308 308 0 12 
309 309 29 1 
310 310 31 7 
311 311 1 15 
312 312 1 4 
313 313 38 44 
314 314 33 8 
315 315 16 15 
316 316 32 35 
317 317 10 16 
318 318 27 13 
319 319 15 30 
320 320 39 27 
321 321 44 20 
322 322 1 5 
323 323 48 18 
324 324 12 25 
325 325 16 33 
326 326 17 19 
327 327 24 22 
328 328 23 36 
329 329 16 42 
330 330 16 40 
331 331 23 26 
332 332 7 28 
333 333 20 17 
334 334 31 38 
335 335 25 43 
336 336 8 17 
337 337 17 27 
338 338 48 24 
339 339 16 9 
340 340 19 10 
341 341 19 31 
342 342 29 39 
343 343 16 16 
344 344 32 8 
345 345 5 34 
346 346 37 9 
347 347 44 9 
348 348 30 2 
349 349 16 18 
350 350 19 2 
351 351 46 10 
352 352 19 12 
353 353 4 34 
354 354 20 45 
355 355 6 21 
356 356 3 22 
357 357 1 19 
358 358 38 39 
359 359 17 2 
360 360 45 42 
361 361 36 37 
362 362 34 31 
363 363 42 27 
364 364 15 39 
365 365 16 38 
366 366 9 4 
367 367 38 36 
368 368 1 47 
369 369 24 29 
370 370 34 37 
371 371 6 19 
372 372 41 31 
373 373 49 22 
374 374 43 18 
375 375 9 38 
376 376 49 21 
377 377 1 10 
378 378 36 7 
379 379 41 22 
380 380 46 25 
381 381 21 14 
382 382 23 32 
383 383 39 24 
384 384 12 28 
385 385 30 41 
386 386 33 32 
387 387 46 33 
388 388 18 43 
389 389 25 29 
390 390 23 13 
391 391 32 20 
392 392 3 12 
393 393 4 18 
394 394 9 44 
395 395 47 18 
396 396 19 16 
397 397 19 48 
398 398 1 21 
399 399 30 13 
400 400 42 44 
401 401 15 33 
402 402 13 47 
403 403 22 24 
404 404 19 40 
405 405 40 11 
406 406 37 26 
407 407 23 10 
408 408 28 23 
409 409 48 35 
410 410 28 0 
411 411 10 22 
412 412 32 22 
413 413 40 18 
414 414 20 8 
415 415 23 15 
416 416 2 34 
417 417 7 46 
418 418 28 2 
419 419 33 39 
420 420 42 43 
421 421 9 11 
422 422 20 35 
423 423 40 46 
424 424 34 36 
425 425 21 12 
426 426 14 1 
427 427 31 41 
428 428 36 15 
429 429 13 12 
430 430 41 12 
431 431 4 48 
432 432 2 19 
433 433 40 19 
434 434 11 34 
435 435 44 39 
436 436 33 4 
437 437 31 26 
438 438 49 49 
439 439 42 1 
440 440 45 13 
441 441 41 4 
442 442 34 9 
443 443 27 33 
444 444 22 31 
445 445 23 19 
446 446 32 32 
447 447 22 3 
448 448 40 6 
449 449 26 16 
450 450 31 15 
451 451 11 29 
452 452 3 31 
453 453 14 13 
454 454 32 0 
455 455 13 45 
456 456 21 22 
457 457 10 0 
458 458 14 26 
459 459 48 16 
460 460 42 41 
461 461 26 44 
462 462 34 40 
463 463 47 29 
464 464 17 30 
465 465 46 32 
466 466 15 13 
467 467 48 37 
468 468 14 18 
469 469 49 37 
470 470 28 31 
471 471 7 1 
472 472 23 22 
473 473 35 3 
474 474 14 10 
475 475 37 2 
476 476 13 43 
477 477 9 9 
478 478 9 2 
479 479 30 36 
480 480 38 1 
481 481 4 39 
482 482 12 37 
483 483 30 15 
484 484 20 37 
485 485 10 11 
486 486 30 1 
487 487 45 49 
488 488 35 49 
489 489 11 21 
490 490 4 27 
491 491 23 37 
492 492 41 18 
493 493 45 33 
494 494 14 6 
495 495 28 9 
496 496 6 31 
497 497 49 35 
498 498 5 46 
499 499 16 44 
500 500 9 26 
501 501 22 30 
502 502 40 29 
503 503 6 46 
504 504 21 25 
505 505 3 17 
506 506 25 27 
507 507 7 48 
508 508 41 27 
509 509 0 46 
510 510 44 8 
511 511 6 9 
512 512 36 17 
513 513 13 6 
514 514 7 31 
515 515 46 18 
516 516 49 24 
517 517 10 33 
518 518 28 32 
519 519 22 41 
520 520 37 14 
521 521 17 22 
522 522 43 34 
523 523 13 16 
524 524 36 5 
525 525 14 23 
526 526 22 8 
527 527 41 21 
528 528 23 27 
529 529 21 32 
530 530 22 40 
531 531 2 35 
532 532 20 9 
533 533 12 4 
534 534 43 9 
535 535 18 0 
536 536 14 42 
537 537 43 22 
538 538 8 38 
539 539 12 18 
540 540 11 22 
541 541 32 38 
542 542 41 34 
543 543 11 6 
544 544 17 11 
545 545 8 11 
546 546 12 40 
547 547 22 6 
548 548 36 14 
549 549 34 46 
550 550 30 33 
551 551 35 9 
552 552 4 40 
553 553 18 12 
554 554 49 38 
555 555 36 6 
556 556 47 23 
557 557 22 49 
558 558 42 33 
559 559 9 32 
560 560 0 9 
561 561 22 28 
562 562 12 5 
563 563 24 5 
564 564 41 20 
565 565 14 11 
566 566 26 28 
567 567 34 10 
568 568 27 5 
569 569 3 18 
570 570 24 34 
571 571 7 47 
572 572 43 33 
573 573 45 15 
574 574 13 36 
575 575 18 20 
576 576 39 20 
577 577 39 46 
578 578 4 19 
579 579 15 17 
580 580 35 20 
581 581 2 39 
582 582 19 1 
583 583 49 34 
584 584 23 48 
585 585 38 27 
586 586 34 26 
587 587 25 18 
588 588 27 40 
589 589 15 31 
590 590 24 33 
591 591 18 28 
592 592 35 31 
593 593 45 17 
594 594 23 30 
595 595 29 42 
596 596 6 28 
597 597 17 29 
598 598 45 27 
599 599 36 18 
#
EDGES (from-node to-node length a b):
0 578 20 0 
0 424 16 0 
0 176 24 0 
0 163 23 0 
0 73 16 0 
1 529 13 0 
1 373 40 0 
1 193 25 0 
1 133 26 0 
1 128 30 0 
1 126 33 0 
2 555 29 0 
2 528 6 0 
2 355 22 0 
2 239 20 0 
2 101 30 0 
2 83 13 0 
3 510 18 0 
4 534 21 0 
4 461 24 0 
4 373 9 0 
4 296 25 0 
4 278 23 0 
5 368 43 0 
5 77 23 0 
5 69 17 0 
6 220 26 0 
6 76 46 0 
6 41 19 0 
7 399 24 0 
7 356 16 0 
7 248 28 0 
7 153 17 0 
7 142 27 0 
8 130 16 0 
9 494 43 0 
9 474 39 0 
9 278 48 0 
9 120 9 0 
10 528 17 0 
10 402 7 0 
10 381 30 0 
10 310 39 0 
10 300 19 0 
10 273 27 0 
10 165 42 0 
10 41 24 0 
11 483 19 0 
11 390 27 0 
11 373 1 0 
12 518 38 0 
12 499 42 0 
12 306 24 0 
12 100 39 0 
13 397 22 0 
13 326 15 0 
13 108 16 0 
13 99 24 0 
13 48 25 0 
14 542 14 0 
14 460 21 0 
14 96 21 0 
14 86 26 0 
15 412 4 0 
15 375 24 0 
15 349 14 0 
15 105 26 0 
16 578 14 0 
16 185 27 0 
17 234 8 0 
17 179 18 0 
17 178 31 0 
17 148 25 0 
18 343 30 0 
18 248 39 0 
19 436 30 0 
19 362 11 0 
20 507 27 0 
20 489 16 0 
20 393 23 0 
20 183 25 0 
20 97 24 0 
21 528 20 0 
21 362 9 0 
21 169 23 0 
21 115 10 0 
21 84 31 0 
22 482 22 0 
22 271 22 0 
22 166 10 0 
22 105 10 0 
23 546 41 0 
23 353 40 0 
23 346 8 0 
23 148 41 0 
23 35 46 0 
24 530 24 0 
24 519 25 0 
24 517 23 0 
24 418 14 0 
24 180 28 0 
24 86 8 0 
24 66 21 0 
25 492 32 0 
25 66 34 0 
26 542 32 0 
26 507 4 0 
26 320 34 0 
26 124 9 0 
26 48 18 0 
27 590 23 0 
27 373 8 0 
27 356 45 0 
27 319 32 0 
27 231 43 0 
27 174 15 0 
28 589 22 0 
28 564 28 0 
28 374 30 0 
28 370 9 0 
28 357 40 0 
29 571 3 0 
29 557 17 0 
29 414 40 0 
29 354 15 0 
29 326 29 0 
29 296 50 0 
29 282 28 0 
29 231 32 0 
29 188 35 0 
29 124 10 0 
29 108 42 0 
30 515 34 0 
30 479 23 0 
30 468 4 0 
30 380 34 0 
30 141 11 0 
31 598 49 0 
31 531 32 0 
31 528 32 0 
31 419 48 0 
31 396 21 0 
31 307 52 0 
31 247 36 0 
31 102 49 0 
32 554 26 0 
32 441 34 0 
32 299 24 0 
33 593 32 0 
33 483 21 0 
33 334 15 0 
33 198 34 0 
33 166 11 0 
34 192 23 0 
35 445 37 0 
35 351 38 0 
35 48 46 0 
35 43 45 0 
36 414 20 0 
36 323 39 0 
37 382 17 0 
37 370 28 0 
37 193 5 0 
37 98 11 0 
38 535 53 0 
38 444 26 0 
38 355 44 0 
38 73 18 0 
39 575 25 0 
39 453 30 0 
39 207 14 0 
39 187 17 0 
39 63 31 0 
40 579 29 0 
40 548 9 0 
40 510 9 0 
40 298 28 0 
41 435 13 0 
41 295 38 0 
42 439 21 0 
42 257 17 0 
42 247 28 0 
42 223 7 0 
42 204 35 0 
43 590 25 0 
43 558 42 0 
43 553 35 0 
43 250 21 0 
43 228 15 0 
43 225 17 0 
43 218 45 0 
44 340 31 0 
44 275 37 0 
44 54 32 0 
45 534 8 0 
45 470 20 0 
45 295 47 0 
46 596 15 0 
46 373 38 0 
46 82 24 0 
47 582 45 0 
47 347 35 0 
47 258 16 0 
47 236 38 0 
48 567 36 0 
48 376 46 0 
48 325 13 0 
48 204 36 0 
48 161 30 0 
48 60 37 0 
49 374 20 0 
49 125 7 0 
50 461 26 0 
50 278 52 0 
51 575 12 0 
51 567 21 0 
51 542 38 0 
51 530 32 0 
51 505 13 0 
51 484 29 0 
51 352 7 0 
51 208 32 0 
51 157 14 0 
52 525 28 0 
52 520 5 0 
52 505 38 0 
52 477 33 0 
52 362 16 0 
53 540 37 0 
53 479 21 0 
53 430 15 0 
54 549 24 0 
55 530 2 0 
55 489 24 0 
55 261 25 0 
55 99 38 0 
56 572 6 0 
56 542 4 0 
57 555 25 0 
57 290 32 0 
57 265 16 0 
57 205 13 0 
58 562 27 0 
58 525 28 0 
58 388 39 0 
58 190 3 0 
58 184 36 0 
58 73 19 0 
59 506 25 0 
59 275 33 0 
59 104 24 0 
60 586 27 0 
60 421 21 0 
60 396 18 0 
60 355 30 0 
60 339 14 0 
60 169 33 0 
60 63 20 0 
61 525 22 0 
61 129 34 0 
62 560 43 0 
62 523 29 0 
62 429 33 0 
62 194 8 0 
62 139 34 0 
62 82 12 0 
63 335 34 0 
63 331 18 0 
63 301 35 0 
64 536 25 0 
64 228 13 0 
64 172 28 0 
65 590 23 0 
65 384 36 0 
66 523 32 0 
66 372 24 0 
66 204 26 0 
66 96 32 0 
67 450 11 0 
67 445 6 0 
67 382 18 0 
67 366 15 0 
67 350 12 0 
67 262 31 0 
67 161 29 0 
67 102 28 0 
68 501 19 0 
68 491 23 0 
68 457 23 0 
68 441 40 0 
68 415 19 0 
69 500 29 0 
69 364 29 0 
69 344 14 0 
69 322 40 0 
69 306 27 0 
69 269 3 0 
69 222 25 0 
69 85 21 0 
70 592 30 0 
70 491 28 0 
70 406 29 0 
70 372 35 0 
70 339 4 0 
70 331 19 0 
70 310 19 0 
70 251 45 0 
70 188 46 0 
71 395 31 0 
71 319 23 0 
71 208 27 0 
72 201 43 0 
73 551 20 0 
73 509 42 0 
73 386 6 0 
73 170 28 0 
73 84 25 0 
74 512 18 0 
74 488 34 0 
74 481 24 0 
74 292 11 0 
74 286 19 0 
74 88 7 0 
75 585 37 0 
75 508 39 0 
75 434 33 0 
75 268 36 0 
75 180 42 0 
75 147 38 0 
76 539 10 0 
76 503 21 0 
76 501 18 0 
76 414 23 0 
76 178 4 0 
77 592 38 0 
77 503 33 0 
77 126 22 0 
78 437 18 0 
78 351 25 0 
78 325 31 0 
78 318 30 0 
78 218 3 0 
79 536 36 0 
79 392 43 0 
80 580 31 0 
80 501 19 0 
80 476 12 0 
80 456 27 0 
80 372 25 0 
80 113 14 0 
81 383 33 0 
81 305 31 0 
81 101 44 0 
81 90 45 0 
82 563 35 0 
82 441 33 0 
83 93 4 0 
83 86 34 0 
84 475 18 0 
84 333 6 0 
84 268 23 0 
85 406 26 0 
85 394 55 0 
85 315 31 0 
85 211 22 0 
85 126 24 0 
86 550 25 0 
86 517 29 0 
86 498 43 0 
86 116 16 0 
87 560 17 0 
87 519 31 0 
87 453 4 0 
87 451 20 0 
87 404 30 0 
87 331 17 0 
88 488 31 0 
88 369 9 0 
88 364 21 0 
88 104 13 0 
89 183 25 0 
89 157 20 0 
89 118 21 0 
90 390 16 0 
90 351 8 0 
90 332 37 0 
90 162 31 0 
91 493 31 0 
91 118 34 0 
91 116 14 0 
91 115 28 0 
92 539 21 0 
92 424 27 0 
92 419 26 0 
93 221 27 0 
93 100 15 0 
94 517 15 0 
94 496 16 0 
94 491 21 0 
94 301 14 0 
94 243 53 0 
94 240 52 0 
94 181 29 0 
94 115 49 0 
95 535 18 0 
95 446 21 0 
95 243 22 0 
96 254 16 0 
97 593 40 0 
97 567 29 0 
97 470 28 0 
98 449 16 0 
98 428 24 0 
98 361 38 0 
98 266 32 0 
98 199 33 0 
98 146 31 0 
99 554 34 0 
99 474 24 0 
99 471 31 0 
99 333 21 0 
99 316 30 0 
99 298 38 0 
99 243 7 0 
99 233 35 0 
100 516 35 0 
100 361 18 0 
101 563 2 0 
103 494 21 0 
103 369 25 0 
103 333 19 0 
103 276 41 0 
103 179 30 0 
103 164 37 0 
103 143 29 0 
104 591 6 0 
104 471 35 0 
104 366 32 0 
104 291 14 0 
104 133 13 0 
105 467 49 0 
105 419 40 0 
105 275 24 0 
106 403 19 0 
106 318 25 0 
106 314 32 0 
106 260 40 0 
106 222 25 0 
106 217 22 0 
106 111 7 0 
107 554 34 0 
107 530 40 0 
107 475 5 0 
107 388 44 0 
107 139 4 0 
108 487 18 0 
108 228 41 0 
109 580 32 0 
109 521 27 0 
109 476 10 0 
110 586 37 0 
110 433 39 0 
110 416 29 0 
111 434 11 0 
111 339 23 0 
111 256 22 0 
112 596 12 0 
112 589 4 0 
112 174 25 0 
112 156 18 0 
112 136 28 0 
113 439 46 0 
113 315 23 0 
113 259 32 0 
113 228 15 0 
113 222 36 0 
114 524 6 0 
114 390 14 0 
114 388 37 0 
114 321 11 0 
114 255 14 0 
114 177 16 0 
114 170 19 0 
114 118 40 0 
115 306 37 0 
116 232 41 0 
116 216 6 0 
116 160 1 0 
116 159 7 0 
116 120 44 0 
117 590 27 0 
117 554 4 0 
117 313 11 0 
117 169 32 0 
117 120 44 0 
118 278 39 0 
118 276 7 0 
118 275 36 0 
118 267 23 0 
118 189 19 0 
119 561 31 0 
119 299 57 0 
119 238 60 0 
119 167 49 0 
119 146 2 0 
120 580 36 0 
120 527 40 0 
120 322 34 0 
120 291 26 0 
121 592 22 0 
121 574 38 0 
121 522 15 0 
121 371 52 0 
121 281 31 0 
122 579 12 0 
122 561 24 0 
122 537 40 0 
122 522 45 0 
122 336 6 0 
123 465 32 0 
123 462 41 0 
124 489 16 0 
124 447 36 0 
124 398 19 0 
124 177 22 0 
125 580 13 0 
125 438 45 0 
126 279 14 0 
126 240 19 0 
126 168 4 0 
127 334 30 0 
127 143 18 0 
128 315 9 0 
128 224 15 0 
129 579 37 0 
129 397 14 0 
129 337 27 0 
129 262 23 0 
129 164 12 0 
130 432 45 0 
130 327 29 0 
130 279 11 0 
131 431 25 0 
131 416 29 0 
131 412 23 0 
131 269 29 0 
131 216 30 0 
132 499 36 0 
132 496 24 0 
132 442 23 0 
133 555 18 0 
133 315 9 0 
133 245 9 0 
133 139 19 0 
134 505 34 0 
134 155 8 0 
135 522 29 0 
135 419 25 0 
135 291 29 0 
135 144 14 0 
135 137 11 0 
136 575 16 0 
136 457 9 0 
136 345 26 0 
136 242 42 0 
137 360 26 0 
137 187 5 0 
138 412 18 0 
138 245 19 0 
138 208 21 0 
139 499 42 0 
139 260 21 0 
139 244 29 0 
139 195 43 0 
140 581 6 0 
140 485 24 0 
140 458 15 0 
140 382 22 0 
140 151 51 0 
141 545 19 0 
141 236 6 0 
141 160 39 0 
142 572 27 0 
142 271 4 0 
143 555 30 0 
143 517 9 0 
143 488 25 0 
143 332 11 0 
144 506 12 0 
144 419 21 0 
144 345 9 0 
144 268 28 0 
144 211 21 0 
144 181 12 0 
144 160 32 0 
145 536 25 0 
145 479 13 0 
145 472 8 0 
145 208 31 0 
145 178 27 0 
146 355 42 0 
146 342 38 0 
146 211 21 0 
147 533 36 0 
147 337 14 0 
147 299 28 0 
148 479 17 0 
148 369 26 0 
148 253 8 0 
148 244 28 0 
149 599 33 0 
149 433 37 0 
149 431 25 0 
149 357 4 0 
149 159 41 0 
150 526 41 0 
150 433 26 0 
150 296 38 0 
150 272 40 0 
150 249 38 0 
150 217 50 0 
151 265 39 0 
151 229 52 0 
152 489 29 0 
152 369 27 0 
153 286 24 0 
154 595 20 0 
154 533 41 0 
154 244 24 0 
154 224 50 0 
155 504 25 0 
155 460 22 0 
155 434 37 0 
155 185 3 0 
156 576 13 0 
156 539 14 0 
156 444 12 0 
156 366 23 0 
156 325 16 0 
156 299 35 0 
157 590 28 0 
157 568 29 0 
157 426 21 0 
157 382 27 0 
157 323 47 0 
158 454 28 0 
158 437 26 0 
158 226 30 0 
158 225 13 0 
158 187 25 0 
161 545 38 0 
161 503 27 0 
161 332 28 0 
161 198 17 0 
162 541 41 0 
162 487 58 0 
162 436 26 0 
163 451 31 0 
163 188 6 0 
164 532 40 0 
164 486 43 0 
164 382 22 0 
165 502 17 0 
165 496 45 0 
165 388 42 0 
165 290 56 0 
165 282 43 0 
165 194 27 0 
166 518 20 0 
166 479 23 0 
166 200 29 0 
167 582 34 0 
167 579 19 0 
167 342 29 0 
168 563 4 0 
168 242 39 0 
169 598 26 0 
169 254 28 0 
170 517 24 0 
170 420 41 0 
170 344 14 0 
170 338 33 0 
170 266 26 0 
170 219 21 0 
171 316 11 0 
171 212 30 0 
172 568 31 0 
172 256 44 0 
172 222 35 0 
173 553 19 0 
173 447 28 0 
173 352 19 0 
174 302 13 0 
174 212 12 0 
174 181 23 0 
175 540 14 0 
175 475 27 0 
175 456 5 0 
175 430 22 0 
175 423 26 0 
175 279 22 0 
176 592 13 0 
176 382 25 0 
177 183 19 0 
178 592 33 0 
178 473 36 0 
178 194 28 0 
179 448 30 0 
179 193 36 0 
179 184 48 0 
180 447 40 0 
180 373 39 0 
180 292 30 0 
181 504 10 0 
181 318 15 0 
181 306 7 0 
182 533 49 0 
183 564 9 0 
183 270 35 0 
184 511 5 0 
184 457 9 0 
184 387 51 0 
185 586 12 0 
185 532 28 0 
185 490 41 0 
185 290 49 0 
186 571 34 0 
186 338 15 0 
186 202 17 0 
187 589 9 0 
187 367 15 0 
187 286 34 0 
188 585 20 0 
188 496 38 0 
188 397 21 0 
188 371 44 0 
188 210 15 0 
189 506 6 0 
189 414 24 0 
190 579 23 0 
190 435 28 0 
190 374 8 0 
190 361 25 0 
190 358 27 0 
190 337 25 0 
190 209 22 0 
191 266 14 0 
192 229 33 0 
193 551 29 0 
193 505 6 0 
193 451 9 0 
193 437 24 0 
193 279 30 0 
193 198 48 0 
194 503 26 0 
194 470 2 0 
194 313 14 0 
194 245 11 0 
194 244 9 0 
195 488 18 0 
195 460 25 0 
195 421 36 0 
196 428 40 0 
196 320 33 0 
196 318 38 0 
197 577 43 0 
197 507 59 0 
197 453 33 0 
199 260 4 0 
199 233 14 0 
200 399 26 0 
201 478 24 0 
201 385 31 0 
201 325 28 0 
201 313 35 0 
202 554 27 0 
202 394 23 0 
203 501 12 0 
203 464 14 0 
203 305 21 0 
203 221 23 0 
204 425 28 0 
204 412 14 0 
204 336 36 0 
204 290 39 0 
204 239 13 0 
204 225 38 0 
205 504 22 0 
205 389 18 0 
205 243 26 0 
206 583 30 0 
206 488 38 0 
206 473 11 0 
206 431 43 0 
206 276 32 0 
207 585 38 0 
208 504 22 0 
208 490 13 0 
208 318 35 0 
209 481 38 0 
209 468 15 0 
209 272 29 0 
210 503 35 0 
210 387 8 0 
210 235 26 0 
211 261 11 0 
211 223 10 0 
212 436 20 0 
213 351 32 0 
213 312 41 0 
214 581 31 0 
215 586 11 0 
215 585 12 0 
215 577 12 0 
215 485 33 0 
215 371 31 0 
215 361 5 0 
217 271 20 0 
217 248 5 0 
218 261 37 0 
219 568 28 0 
219 519 11 0 
219 506 9 0 
219 439 39 0 
219 396 15 0 
219 383 23 0 
219 359 29 0 
219 304 33 0 
220 507 40 0 
220 346 31 0 
221 567 29 0 
221 496 7 0 
221 483 23 0 
222 459 30 0 
223 487 49 0 
223 362 29 0 
223 316 32 0 
224 549 55 0 
224 530 43 0 
224 447 19 0 
224 416 33 0 
224 399 30 0 
224 328 40 0 
224 286 19 0 
224 248 9 0 
225 501 19 0 
225 452 5 0 
226 588 15 0 
226 427 15 0 
226 356 32 0 
226 282 33 0 
227 568 35 0 
227 503 38 0 
227 307 7 0 
228 534 43 0 
228 406 33 0 
228 381 22 0 
229 412 34 0 
229 365 15 0 
230 401 9 0 
230 400 29 0 
230 306 16 0 
231 462 37 0 
232 416 11 0 
232 324 12 0 
232 281 33 0 
233 494 45 0 
233 428 27 0 
234 560 44 0 
234 375 36 0 
234 294 27 0 
236 504 21 0 
236 349 18 0 
237 581 38 0 
237 387 16 0 
237 369 23 0 
237 358 8 0 
238 403 32 0 
238 353 14 0 
238 255 48 0 
239 491 24 0 
239 413 2 0 
239 382 21 0 
240 462 30 0 
241 563 8 0 
241 502 26 0 
241 296 6 0 
242 583 31 0 
242 314 42 0 
243 278 9 0 
244 555 30 0 
244 439 37 0 
244 407 21 0 
244 273 15 0 
246 579 4 0 
246 464 9 0 
246 381 9 0 
246 285 28 0 
247 597 8 0 
247 556 25 0 
247 511 29 0 
248 468 14 0 
248 386 36 0 
248 289 44 0 
248 274 4 0 
249 518 21 0 
249 265 38 0 
251 388 32 0 
251 295 49 0 
251 292 30 0 
251 288 10 0 
252 528 23 0 
252 457 48 0 
252 406 33 0 
252 363 36 0 
253 552 35 0 
254 468 33 0 
254 273 24 0 
255 551 17 0 
255 369 19 0 
255 342 20 0 
255 314 18 0 
255 283 6 0 
255 257 12 0 
256 594 34 0 
256 446 42 0 
256 421 11 0 
257 582 21 0 
257 391 5 0 
257 377 33 0 
258 595 15 0 
258 594 9 0 
258 516 17 0 
258 484 16 0 
258 388 21 0 
258 338 16 0 
258 266 7 0 
259 406 16 0 
260 304 14 0 
261 481 24 0 
261 444 15 0 
261 359 16 0 
262 577 28 0 
262 374 41 0 
262 276 8 0 
263 592 22 0 
263 494 29 0 
264 341 25 0 
265 505 45 0 
265 443 16 0 
265 408 24 0 
266 559 31 0 
266 512 9 0 
266 354 27 0 
266 304 12 0 
267 534 23 0 
267 508 19 0 
267 325 15 0 
268 310 19 0 
269 575 21 0 
269 446 16 0 
270 563 21 0 
270 409 40 0 
271 578 32 0 
271 554 34 0 
271 384 30 0 
271 334 31 0 
272 598 42 0 
272 293 22 0 
273 582 17 0 
273 415 2 0 
273 367 24 0 
273 360 33 0 
274 380 41 0 
275 418 12 0 
275 411 25 0 
275 378 7 0 
275 349 18 0 
276 561 17 0 
276 519 15 0 
276 464 11 0 
277 311 34 0 
278 484 31 0 
279 595 35 0 
279 485 26 0 
279 434 36 0 
280 567 27 0 
280 306 39 0 
282 298 42 0 
282 295 21 0 
283 499 38 0 
283 441 14 0 
283 429 32 0 
283 417 46 0 
283 362 16 0 
284 572 32 0 
284 425 11 0 
284 369 25 0 
285 480 51 0 
285 460 23 0 
285 414 41 0 
285 287 48 0 
286 596 32 0 
286 568 7 0 
286 358 42 0 
286 343 17 0 
286 340 10 0 
287 372 36 0 
288 549 17 0 
288 497 9 0 
288 435 9 0 
288 387 6 0 
289 527 20 0 
289 309 40 0 
290 531 14 0 
290 515 52 0 
290 318 43 0 
291 580 25 0 
291 337 22 0 
291 295 31 0 
292 320 16 0 
292 316 20 0 
292 295 36 0 
293 357 20 0 
294 500 7 0 
294 383 24 0 
296 552 47 0 
296 389 25 0 
297 582 41 0 
297 547 36 0 
297 498 17 0 
298 429 39 0 
298 405 33 0 
298 335 11 0 
299 582 47 0 
299 460 40 0 
299 344 48 0 
301 525 23 0 
301 464 16 0 
301 332 21 0 
303 507 21 0 
303 465 36 0 
304 540 36 0 
304 472 25 0 
305 595 16 0 
307 553 35 0 
307 390 32 0 
308 526 22 0 
310 519 35 0 
310 445 14 0 
311 539 11 0 
312 571 43 0 
312 524 35 0 
312 460 55 0 
312 442 33 0 
312 323 49 0 
313 494 45 0 
314 433 13 0 
314 370 29 0 
315 513 9 0 
315 505 13 0 
315 412 17 0 
315 375 24 0 
316 489 25 0 
316 375 23 0 
316 348 33 0 
317 575 9 0 
317 503 30 0 
317 496 16 0 
318 452 30 0 
319 568 28 0 
319 496 9 0 
319 432 17 0 
320 567 18 0 
320 555 21 0 
322 512 37 0 
323 534 10 0 
323 455 44 0 
324 590 14 0 
324 456 9 0 
325 424 18 0 
326 565 9 0 
327 397 26 0 
328 480 38 0 
328 438 29 0 
329 568 39 0 
329 481 12 0 
329 438 34 0 
329 422 8 0 
329 374 36 0 
330 440 40 0 
330 371 23 0 
330 366 37 0 
330 354 6 0 
331 398 23 0 
331 357 23 0 
332 586 27 0 
332 534 41 0 
334 428 24 0 
335 429 33 0 
335 424 11 0 
335 419 9 0 
336 562 13 0 
336 513 12 0 
336 428 28 0 
338 526 31 0 
341 587 14 0 
342 491 6 0 
342 412 17 0 
343 393 12 0 
343 383 24 0 
344 460 34 0 
345 553 26 0 
345 536 12 0 
345 512 35 0 
345 495 34 0 
345 378 41 0 
346 408 17 0 
346 361 28 0 
347 535 28 0 
347 398 45 0 
347 375 45 0 
348 566 26 0 
349 552 25 0 
349 499 26 0 
351 478 38 0 
351 474 32 0 
351 358 30 0 
352 587 8 0 
352 575 8 0 
353 503 12 0 
353 366 30 0 
354 560 41 0 
354 512 32 0 
354 507 13 0 
354 498 15 0 
354 419 14 0 
355 460 41 0 
356 591 16 0 
356 578 3 0 
356 415 21 0 
357 490 9 0 
357 403 22 0 
358 570 15 0 
358 488 10 0 
358 431 35 0 
360 391 26 0 
360 361 10 0 
361 569 38 0 
361 510 30 0 
361 476 24 0 
361 441 33 0 
361 368 36 0 
362 559 25 0 
362 523 26 0 
362 478 38 0 
362 429 28 0 
363 425 26 0 
364 467 33 0 
364 388 5 0 
365 500 14 0 
367 490 35 0 
367 452 35 0 
368 595 28 0 
368 433 48 0 
368 432 28 0 
369 372 17 0 
370 402 23 0 
370 396 26 0 
371 460 42 0 
371 430 36 0 
372 549 17 0 
373 548 15 0 
373 414 32 0 
373 390 28 0 
374 593 2 0 
375 598 38 0 
375 433 36 0 
376 589 35 0 
377 565 13 0 
378 524 2 0 
378 423 39 0 
378 399 8 0 
379 558 11 0 
379 451 31 0 
379 402 38 0 
380 594 24 0 
380 491 26 0 
380 410 31 0 
381 458 14 0 
381 397 34 0 
383 575 21 0 
383 566 14 0 
383 422 22 0 
384 529 10 0 
384 479 20 0 
384 455 17 0 
385 452 29 0 
385 396 27 0 
389 585 13 0 
389 578 23 0 
389 558 17 0 
389 486 28 0 
390 440 22 0 
392 595 40 0 
392 546 29 0 
393 503 28 0 
393 476 27 0 
394 574 9 0 
394 550 24 0 
394 516 45 0 
394 451 15 0 
395 590 27 0 
395 589 35 0 
395 448 14 0 
396 577 36 0 
397 556 38 0 
397 500 24 0 
398 459 47 0 
399 489 21 0 
400 551 36 0 
400 500 38 0 
402 476 4 0 
403 566 6 0 
403 560 27 0 
403 467 29 0 
404 548 31 0 
404 539 23 0 
404 506 14 0 
405 556 14 0 
406 569 35 0 
406 437 6 0 
406 419 14 0 
407 428 14 0 
410 574 39 0 
410 563 6 0 
410 508 30 0 
410 506 27 0 
410 482 40 0 
410 469 43 0 
410 427 41 0 
411 419 29 0 
413 520 5 0 
414 502 29 0 
414 473 16 0 
415 509 39 0 
418 498 50 0 
419 572 12 0 
420 514 37 0 
420 475 41 0 
421 540 11 0 
423 503 34 0 
424 526 30 0 
424 482 22 0 
425 576 20 0 
425 574 25 0 
426 592 37 0 
426 574 35 0 
426 567 22 0 
426 485 11 0 
428 485 26 0 
429 582 13 0 
429 493 38 0 
430 490 40 0 
432 572 43 0 
432 475 39 0 
432 459 46 0 
434 588 17 0 
434 463 36 0 
435 547 40 0 
435 503 39 0 
435 479 14 0 
437 557 25 0 
437 529 12 0 
440 491 33 0 
440 490 43 0 
442 489 26 0 
442 454 9 0 
443 587 15 0 
443 550 3 0 
443 516 24 0 
448 553 23 0 
448 464 33 0 
450 543 22 0 
451 558 31 0 
451 498 18 0 
451 472 14 0 
453 549 39 0 
455 589 14 0 
455 568 42 0 
455 560 38 0 
455 549 21 0 
455 530 10 0 
455 458 19 0 
456 514 17 0 
458 473 31 0 
459 473 18 0 
460 523 38 0 
461 528 17 0 
462 551 31 0 
462 494 39 0 
463 531 45 0 
464 591 2 0 
466 473 22 0 
471 546 39 0 
472 552 26 0 
473 533 23 0 
474 575 11 0 
475 550 32 0 
476 500 17 0 
477 487 54 0 
477 485 2 0 
477 483 22 0 
481 528 22 0 
481 516 47 0 
482 575 18 0 
482 560 30 0 
482 507 12 0 
483 530 26 0 
484 570 5 0 
486 579 22 0 
486 567 10 0 
487 573 34 0 
489 596 9 0 
493 582 41 0 
493 577 14 0 
495 505 26 0 
498 504 26 0 
499 529 13 0 
502 588 17 0 
504 584 23 0 
505 510 42 0 
507 577 32 0 
509 590 27 0 
517 556 38 0 
519 583 28 0 
520 550 20 0 
521 522 29 0 
522 544 35 0 
524 595 38 0 
524 554 35 0 
529 552 19 0 
529 531 19 0 
531 537 43 0 
535 588 41 0 
538 571 9 0 
539 564 29 0 
540 562 17 0 
544 569 16 0 
554 585 16 0 
558 589 27 0 
559 571 15 0 
561 598 23 0 
563 591 24 0 
566 569 25 0 
567 593 13 0 
569 595 35 0 
572 585 8 0 
573 577 32 0 
578 584 35 0 
588 592 12 0 
594 595 13 0 
597 598 28 0 
