#GRAPH (#nodes #edges id uu vv ww xx yy zz):
#600 2534 geo(0,{600,50,3,0.007,0.000,0.000}) 50 
#
VERTICES (index name u v w x y z):
0 0 16 7 
1 1 8 32 
2 2 36 47 
3 3 20 5 
4 4 0 35 
5 5 9 14 
6 6 0 5 
7 7 25 29 
8 8 1 24 
9 9 27 16 
10 10 16 27 
11 11 26 1 
12 12 1 47 
13 13 30 45 
14 14 32 44 
15 15 0 25 
16 16 19 34 
17 17 27 2 
18 18 39 45 
19 19 7 11 
20 20 5 39 
21 21 49 16 
22 22 11 31 
23 23 2 39 
24 24 49 28 
25 25 15 47 
26 26 41 21 
27 27 21 38 
28 28 25 20 
29 29 19 19 
30 30 36 38 
31 31 46 6 
32 32 29 11 
33 33 41 23 
34 34 18 20 
35 35 10 15 
36 36 24 35 
37 37 25 35 
38 38 24 12 
39 39 45 28 
40 40 32 36 
41 41 11 15 
42 42 9 32 
43 43 9 46 
44 44 35 22 
45 45 7 39 
46 46 18 30 
47 47 24 8 
48 48 5 12 
49 49 32 38 
50 50 18 3 
51 51 29 14 
52 52 42 6 
53 53 21 48 
54 54 9 21 
55 55 49 3 
56 56 45 48 
57 57 27 27 
58 58 35 45 
59 59 32 37 
60 60 34 23 
61 61 13 49 
62 62 10 33 
63 63 36 7 
64 64 24 41 
65 65 8 4 
66 66 29 2 
67 67 21 14 
68 68 24 38 
69 69 9 19 
70 70 35 49 
71 71 10 38 
72 72 20 33 
73 73 11 33 
74 74 48 45 
75 75 32 39 
76 76 33 33 
77 77 28 29 
78 78 36 16 
79 79 31 35 
80 80 23 6 
81 81 42 44 
82 82 11 36 
83 83 10 17 
84 84 19 33 
85 85 17 39 
86 86 10 10 
87 87 28 43 
88 88 3 33 
89 89 23 0 
90 90 26 24 
91 91 23 36 
92 92 23 5 
93 93 23 13 
94 94 10 13 
95 95 43 26 
96 96 27 44 
97 97 10 16 
98 98 43 6 
99 99 20 20 
100 100 2 8 
101 101 31 37 
102 102 47 40 
103 103 16 13 
104 104 13 38 
105 105 27 5 
106 106 24 47 
107 107 32 35 
108 108 29 46 
109 109 19 17 
110 110 4 4 
111 111 16 48 
112 112 31 3 
113 113 2 11 
114 114 48 40 
115 115 23 18 
116 116 20 40 
117 117 0 31 
118 118 42 34 
119 119 1 38 
120 120 25 44 
121 121 25 42 
122 122 30 6 
123 123 1 21 
124 124 0 14 
125 125 17 18 
126 126 26 20 
127 127 12 25 
128 128 0 45 
129 129 19 5 
130 130 22 13 
131 131 45 1 
132 132 23 22 
133 133 29 44 
134 134 8 42 
135 135 31 49 
136 136 49 23 
137 137 30 0 
138 138 8 27 
139 139 8 34 
140 140 16 40 
141 141 18 1 
142 142 16 10 
143 143 9 13 
144 144 32 0 
145 145 18 38 
146 146 25 37 
147 147 15 20 
148 148 18 31 
149 149 22 16 
150 150 40 4 
151 151 43 14 
152 152 47 24 
153 153 28 2 
154 154 26 21 
155 155 41 24 
156 156 22 4 
157 157 41 15 
158 158 22 46 
159 159 44 24 
160 160 1 34 
161 161 34 30 
162 162 2 3 
163 163 21 0 
164 164 42 8 
165 165 2 12 
166 166 17 46 
167 167 14 46 
168 168 39 41 
169 169 8 12 
170 170 42 25 
171 171 28 3 
172 172 41 22 
173 173 8 49 
174 174 45 44 
175 175 2 28 
176 176 6 48 
177 177 23 44 
178 178 11 2 
179 179 3 6 
180 180 8 10 
181 181 18 25 
182 182 22 1 
183 183 4 35 
184 184 36 21 
185 185 29 1 
186 186 12 38 
187 187 3 41 
188 188 1 1 
189 189 3 45 
190 190 21 20 
191 191 42 11 
192 192 49 38 
193 193 18 37 
194 194 34 4 
195 195 31 41 
196 196 27 49 
197 197 0 26 
198 198 27 22 
199 199 14 41 
200 200 42 18 
201 201 38 43 
202 202 5 37 
203 203 39 39 
204 204 33 25 
205 205 16 42 
206 206 6 26 
207 207 19 18 
208 208 2 29 
209 209 38 49 
210 210 13 45 
211 211 29 25 
212 212 12 8 
213 213 1 19 
214 214 21 27 
215 215 40 45 
216 216 35 10 
217 217 27 8 
218 218 0 9 
219 219 47 31 
220 220 0 44 
221 221 49 8 
222 222 12 26 
223 223 37 10 
224 224 31 11 
225 225 17 23 
226 226 38 39 
227 227 49 6 
228 228 31 24 
229 229 10 31 
230 230 37 13 
231 231 18 24 
232 232 35 18 
233 233 7 10 
234 234 42 28 
235 235 16 32 
236 236 11 40 
237 237 6 35 
238 238 19 32 
239 239 10 29 
240 240 27 6 
241 241 2 20 
242 242 5 42 
243 243 5 38 
244 244 19 9 
245 245 26 22 
246 246 13 6 
247 247 36 23 
248 248 37 42 
249 249 24 6 
250 250 20 30 
251 251 48 22 
252 252 42 13 
253 253 25 18 
254 254 43 27 
255 255 39 2 
256 256 40 19 
257 257 15 4 
258 258 38 29 
259 259 26 25 
260 260 11 43 
261 261 24 29 
262 262 35 5 
263 263 16 29 
264 264 11 4 
265 265 11 20 
266 266 42 33 
267 267 21 49 
268 268 9 29 
269 269 28 36 
270 270 20 11 
271 271 48 44 
272 272 40 38 
273 273 19 6 
274 274 12 17 
275 275 16 6 
276 276 3 35 
277 277 18 39 
278 278 15 33 
279 279 36 2 
280 280 8 43 
281 281 1 46 
282 282 15 27 
283 283 40 16 
284 284 37 3 
285 285 2 37 
286 286 22 24 
287 287 48 33 
288 288 34 1 
289 289 4 32 
290 290 16 36 
291 291 47 18 
292 292 21 31 
293 293 24 15 
294 294 28 45 
295 295 37 19 
296 296 18 13 
297 297 27 24 
298 298 30 37 
299 299 20 7 
300 300 49 45 
301 301 28 34 
302 302 6 44 
303 303 39 28 
304 304 4 17 
305 305 4 5 
306 306 8 25 
307 307 20 26 
308 308 27 10 
309 309 17 41 
310 310 2 21 
311 311 7 12 
312 312 41 19 
313 313 28 19 
314 314 33 46 
315 315 27 29 
316 316 44 43 
317 317 48 30 
318 318 16 41 
319 319 25 17 
320 320 9 23 
321 321 9 1 
322 322 45 2 
323 323 20 44 
324 324 38 18 
325 325 12 3 
326 326 43 34 
327 327 43 16 
328 328 47 11 
329 329 32 8 
330 330 25 47 
331 331 25 4 
332 332 16 43 
333 333 7 8 
334 334 20 3 
335 335 49 5 
336 336 35 36 
337 337 18 43 
338 338 26 49 
339 339 35 20 
340 340 14 48 
341 341 46 48 
342 342 12 18 
343 343 49 24 
344 344 45 6 
345 345 1 35 
346 346 0 15 
347 347 17 16 
348 348 18 49 
349 349 30 12 
350 350 1 3 
351 351 23 40 
352 352 9 17 
353 353 41 48 
354 354 18 40 
355 355 17 25 
356 356 3 28 
357 357 15 25 
358 358 48 48 
359 359 29 18 
360 360 5 18 
361 361 25 10 
362 362 0 22 
363 363 36 6 
364 364 31 18 
365 365 23 15 
366 366 41 43 
367 367 0 21 
368 368 40 8 
369 369 10 8 
370 370 24 20 
371 371 15 42 
372 372 29 16 
373 373 0 36 
374 374 44 11 
375 375 2 14 
376 376 48 25 
377 377 9 35 
378 378 14 9 
379 379 1 0 
380 380 6 46 
381 381 36 43 
382 382 9 28 
383 383 48 23 
384 384 35 0 
385 385 47 42 
386 386 49 9 
387 387 40 1 
388 388 42 22 
389 389 3 20 
390 390 40 20 
391 391 4 22 
392 392 14 23 
393 393 28 40 
394 394 40 43 
395 395 23 20 
396 396 14 43 
397 397 1 36 
398 398 28 11 
399 399 18 46 
400 400 36 45 
401 401 34 24 
402 402 26 3 
403 403 7 22 
404 404 41 41 
405 405 7 41 
406 406 33 17 
407 407 33 4 
408 408 6 20 
409 409 39 43 
410 410 23 7 
411 411 28 22 
412 412 49 4 
413 413 16 8 
414 414 41 13 
415 415 11 17 
416 416 8 5 
417 417 22 28 
418 418 32 42 
419 419 42 1 
420 420 45 22 
421 421 12 6 
422 422 39 42 
423 423 28 38 
424 424 19 25 
425 425 18 22 
426 426 17 40 
427 427 4 25 
428 428 7 49 
429 429 40 25 
430 430 1 48 
431 431 32 30 
432 432 4 42 
433 433 44 38 
434 434 34 32 
435 435 2 19 
436 436 24 17 
437 437 37 8 
438 438 10 34 
439 439 12 29 
440 440 19 41 
441 441 7 14 
442 442 41 30 
443 443 22 22 
444 444 38 44 
445 445 6 17 
446 446 20 36 
447 447 45 7 
448 448 5 22 
449 449 42 35 
450 450 36 20 
451 451 33 48 
452 452 13 20 
453 453 13 4 
454 454 9 40 
455 455 16 45 
456 456 36 3 
457 457 41 12 
458 458 28 30 
459 459 37 49 
460 460 39 35 
461 461 14 40 
462 462 35 30 
463 463 22 48 
464 464 30 34 
465 465 28 7 
466 466 32 25 
467 467 44 4 
468 468 23 2 
469 469 24 11 
470 470 1 2 
471 471 5 29 
472 472 1 4 
473 473 40 41 
474 474 48 38 
475 475 42 31 
476 476 10 45 
477 477 49 34 
478 478 13 46 
479 479 41 34 
480 480 4 1 
481 481 24 42 
482 482 30 22 
483 483 2 32 
484 484 30 42 
485 485 26 30 
486 486 3 32 
487 487 12 31 
488 488 5 8 
489 489 2 7 
490 490 18 7 
491 491 18 15 
492 492 38 8 
493 493 45 26 
494 494 29 29 
495 495 31 10 
496 496 23 12 
497 497 20 45 
498 498 23 49 
499 499 14 14 
500 500 28 32 
501 501 5 20 
502 502 19 26 
503 503 46 41 
504 504 29 26 
505 505 44 48 
506 506 18 47 
507 507 29 38 
508 508 1 29 
509 509 2 22 
510 510 1 39 
511 511 11 46 
512 512 34 15 
513 513 14 34 
514 514 46 12 
515 515 26 27 
516 516 41 45 
517 517 31 27 
518 518 29 31 
519 519 7 13 
520 520 46 20 
521 521 23 3 
522 522 12 19 
523 523 0 2 
524 524 36 36 
525 525 6 12 
526 526 31 16 
527 527 19 37 
528 528 14 19 
529 529 13 26 
530 530 35 12 
531 531 42 40 
532 532 3 39 
533 533 27 40 
534 534 14 35 
535 535 29 21 
536 536 2 35 
537 537 35 41 
538 538 37 39 
539 539 3 8 
540 540 0 49 
541 541 37 37 
542 542 14 5 
543 543 19 42 
544 544 49 27 
545 545 3 23 
546 546 8 16 
547 547 12 33 
548 548 38 2 
549 549 40 44 
550 550 40 40 
551 551 44 19 
552 552 15 2 
553 553 26 12 
554 554 42 47 
555 555 42 5 
556 556 16 22 
557 557 1 33 
558 558 46 13 
559 559 22 36 
560 560 18 26 
561 561 2 38 
562 562 46 7 
563 563 48 9 
564 564 20 19 
565 565 37 20 
566 566 17 1 
567 567 21 17 
568 568 40 24 
569 569 47 47 
570 570 3 5 
571 571 14 7 
572 572 0 6 
573 573 32 7 
574 574 19 24 
575 575 27 12 
576 576 11 16 
577 577 43 4 
578 578 8 24 
579 579 33 10 
580 580 1 17 
581 581 48 18 
582 582 13 19 
583 583 41 18 
584 584 18 29 
585 585 27 36 
586 586 14 25 
587 587 15 15 
588 588 28 12 
589 589 35 47 
590 590 25 15 
591 591 37 26 
592 592 37 24 
593 593 37 32 
594 594 2 46 
595 595 12 35 
596 596 9 33 
597 597 10 25 
598 598 1 8 
599 599 9 7 
#
EDGES (from-node to-node length a b):
0 589 44 0 
0 385 47 0 
0 269 31 0 
0 238 25 0 
1 493 37 0 
1 100 25 0 
1 73 3 0 
2 425 31 0 
2 362 44 0 
2 168 7 0 
2 109 34 0 
2 102 13 0 
2 14 5 0 
3 249 4 0 
3 248 41 0 
3 155 28 0 
3 137 11 0 
3 125 13 0 
3 115 13 0 
4 501 16 0 
4 472 31 0 
4 434 34 0 
4 405 9 0 
4 399 21 0 
4 369 29 0 
4 332 18 0 
4 272 40 0 
4 62 10 0 
5 524 35 0 
5 422 41 0 
5 372 20 0 
5 294 36 0 
5 280 29 0 
5 138 13 0 
5 111 35 0 
5 7 22 0 
6 581 50 0 
6 41 15 0 
6 30 49 0 
7 589 21 0 
7 435 25 0 
7 202 22 0 
7 70 22 0 
8 509 2 0 
8 277 23 0 
8 270 23 0 
8 160 10 0 
9 213 26 0 
9 123 26 0 
10 373 18 0 
10 299 20 0 
10 53 22 0 
11 455 45 0 
11 382 32 0 
11 239 32 0 
11 218 27 0 
11 49 37 0 
12 577 60 0 
12 520 52 0 
12 260 11 0 
12 220 3 0 
13 521 43 0 
13 451 4 0 
13 249 39 0 
14 339 24 0 
14 266 15 0 
14 239 27 0 
14 168 8 0 
14 136 27 0 
15 573 37 0 
15 221 52 0 
15 164 45 0 
15 121 30 0 
15 114 50 0 
15 55 54 0 
15 19 16 0 
16 501 20 0 
16 374 34 0 
16 364 20 0 
16 51 22 0 
17 586 26 0 
17 294 43 0 
17 247 23 0 
17 123 32 0 
17 86 19 0 
17 37 33 0 
18 463 17 0 
18 185 45 0 
18 93 36 0 
19 535 24 0 
19 426 31 0 
19 391 11 0 
19 196 43 0 
19 73 22 0 
19 33 36 0 
20 454 4 0 
20 442 37 0 
20 391 17 0 
20 373 6 0 
20 359 32 0 
20 308 36 0 
20 162 36 0 
20 95 40 0 
21 598 49 0 
21 494 24 0 
21 398 22 0 
21 352 40 0 
21 122 21 0 
22 533 18 0 
22 529 5 0 
22 387 42 0 
22 263 5 0 
22 239 2 0 
22 228 21 0 
22 162 29 0 
22 147 12 0 
22 109 16 0 
23 491 29 0 
23 346 24 0 
23 230 44 0 
23 132 27 0 
24 573 27 0 
24 335 23 0 
25 283 40 0 
25 224 39 0 
25 199 6 0 
25 183 16 0 
25 81 27 0 
26 312 2 0 
26 30 18 0 
27 460 18 0 
27 392 17 0 
27 181 13 0 
28 512 10 0 
28 430 37 0 
28 273 15 0 
28 84 14 0 
29 561 25 0 
29 303 22 0 
29 253 6 0 
29 252 24 0 
29 120 26 0 
29 117 22 0 
29 73 16 0 
30 599 41 0 
30 477 14 0 
30 425 24 0 
30 193 18 0 
30 171 36 0 
30 43 28 0 
31 591 22 0 
31 570 43 0 
31 534 43 0 
31 355 35 0 
31 295 16 0 
31 192 32 0 
31 130 25 0 
31 104 46 0 
31 40 33 0 
31 36 36 0 
32 551 17 0 
32 243 36 0 
32 209 39 0 
32 200 15 0 
32 115 9 0 
32 64 30 0 
33 423 20 0 
33 310 39 0 
33 262 19 0 
33 261 18 0 
33 108 26 0 
34 541 25 0 
34 447 30 0 
34 427 15 0 
34 225 3 0 
35 561 24 0 
35 464 28 0 
35 450 26 0 
35 339 25 0 
35 158 33 0 
35 102 45 0 
36 507 6 0 
36 425 14 0 
36 394 18 0 
36 140 9 0 
36 43 19 0 
37 517 10 0 
37 353 21 0 
37 300 26 0 
37 128 27 0 
37 113 33 0 
38 202 31 0 
38 153 11 0 
38 50 11 0 
39 593 9 0 
39 539 47 0 
39 468 34 0 
39 397 45 0 
39 149 26 0 
39 123 45 0 
39 87 23 0 
40 557 31 0 
40 547 20 0 
40 520 21 0 
40 299 31 0 
40 297 13 0 
40 226 7 0 
40 175 31 0 
40 168 9 0 
41 546 3 0 
41 462 28 0 
41 456 28 0 
41 319 14 0 
41 185 23 0 
41 99 10 0 
42 310 13 0 
43 252 47 0 
44 272 17 0 
44 195 19 0 
45 588 34 0 
45 573 41 0 
45 572 34 0 
45 397 7 0 
46 503 30 0 
46 373 19 0 
46 366 26 0 
46 296 17 0 
46 233 23 0 
46 95 25 0 
47 497 37 0 
47 379 24 0 
47 115 10 0 
48 570 7 0 
48 423 35 0 
48 316 50 0 
48 299 16 0 
48 295 33 0 
48 224 26 0 
49 599 39 0 
49 482 16 0 
49 170 16 0 
49 118 11 0 
49 92 34 0 
50 563 31 0 
50 377 33 0 
51 531 29 0 
51 350 30 0 
51 163 16 0 
51 140 29 0 
52 550 34 0 
52 488 37 0 
52 426 42 0 
52 362 45 0 
53 447 48 0 
53 324 34 0 
53 215 19 0 
54 446 19 0 
54 437 31 0 
54 156 21 0 
54 69 2 0 
55 510 60 0 
55 439 45 0 
55 433 35 0 
55 289 54 0 
56 225 38 0 
56 97 47 0 
56 71 36 0 
57 540 35 0 
57 511 25 0 
57 404 20 0 
57 93 15 0 
58 445 40 0 
58 327 30 0 
58 271 13 0 
58 266 14 0 
58 214 23 0 
58 80 41 0 
59 542 37 0 
59 316 13 0 
59 309 16 0 
59 264 39 0 
59 154 17 0 
60 528 20 0 
60 189 38 0 
61 458 24 0 
61 448 28 0 
61 375 37 0 
61 299 43 0 
61 210 4 0 
62 341 39 0 
62 296 22 0 
62 121 17 0 
63 546 29 0 
63 466 18 0 
63 424 25 0 
63 351 35 0 
63 103 21 0 
64 533 3 0 
64 363 37 0 
64 115 23 0 
64 98 40 0 
65 586 22 0 
65 445 13 0 
65 427 21 0 
65 333 4 0 
65 240 19 0 
66 458 28 0 
66 191 16 0 
66 120 42 0 
67 534 22 0 
67 359 9 0 
67 166 32 0 
67 83 11 0 
68 388 24 0 
68 246 34 0 
69 536 17 0 
69 389 6 0 
69 282 10 0 
69 170 34 0 
69 149 13 0 
69 99 11 0 
70 532 34 0 
70 441 45 0 
71 433 34 0 
71 256 36 0 
71 251 41 0 
71 80 35 0 
72 572 34 0 
72 564 14 0 
72 458 9 0 
72 232 21 0 
73 445 17 0 
73 178 31 0 
74 582 44 0 
74 498 25 0 
74 450 28 0 
74 234 18 0 
75 309 15 0 
75 247 16 0 
76 365 21 0 
76 86 33 0 
76 80 29 0 
77 216 20 0 
77 120 15 0 
78 337 32 0 
78 239 29 0 
79 553 24 0 
79 549 13 0 
79 352 28 0 
79 299 30 0 
79 287 17 0 
79 284 33 0 
79 153 33 0 
79 107 1 0 
80 582 16 0 
80 494 24 0 
80 391 25 0 
80 168 38 0 
81 581 27 0 
81 427 42 0 
81 401 22 0 
81 204 21 0 
82 526 28 0 
82 353 32 0 
83 581 38 0 
83 319 15 0 
83 102 44 0 
84 537 18 0 
84 404 23 0 
84 389 21 0 
84 351 8 0 
84 196 18 0 
85 584 10 0 
85 522 21 0 
85 421 33 0 
85 318 2 0 
86 506 38 0 
86 492 28 0 
86 385 49 0 
86 332 34 0 
86 299 10 0 
86 274 7 0 
87 555 40 0 
87 382 24 0 
87 242 23 0 
87 216 34 0 
87 190 24 0 
88 381 34 0 
88 355 16 0 
88 205 16 0 
89 420 31 0 
90 286 4 0 
90 180 23 0 
91 389 26 0 
92 551 25 0 
92 477 39 0 
92 215 43 0 
92 210 41 0 
93 414 18 0 
93 371 30 0 
93 280 34 0 
93 156 9 0 
94 582 7 0 
94 549 43 0 
94 475 37 0 
94 460 36 0 
94 248 40 0 
95 595 32 0 
95 284 24 0 
95 279 25 0 
95 232 11 0 
95 174 18 0 
96 489 45 0 
96 470 49 0 
96 339 25 0 
96 284 42 0 
96 202 23 0 
97 267 35 0 
97 128 31 0 
98 390 14 0 
99 577 28 0 
99 374 26 0 
99 329 17 0 
99 302 28 0 
99 275 15 0 
99 115 4 0 
100 565 37 0 
100 563 46 0 
100 509 14 0 
100 237 27 0 
101 533 5 0 
101 112 34 0 
101 105 32 0 
102 334 46 0 
102 197 49 0 
102 180 49 0 
103 214 15 0 
103 115 9 0 
104 597 13 0 
105 328 21 0 
105 309 37 0 
105 288 8 0 
105 180 20 0 
105 134 42 0 
106 337 7 0 
106 288 47 0 
107 563 31 0 
107 499 28 0 
107 429 13 0 
107 418 7 0 
107 319 19 0 
107 233 35 0 
108 592 23 0 
108 283 32 0 
108 205 14 0 
109 212 11 0 
109 137 20 0 
110 499 14 0 
110 402 22 0 
110 384 31 0 
110 334 16 0 
110 192 56 0 
111 570 45 0 
111 540 16 0 
111 399 3 0 
111 392 25 0 
111 283 40 0 
111 189 13 0 
111 154 29 0 
111 144 51 0 
112 582 24 0 
112 396 43 0 
112 317 32 0 
112 269 33 0 
112 186 40 0 
112 114 41 0 
113 299 18 0 
113 188 10 0 
113 155 41 0 
114 356 47 0 
114 319 33 0 
115 508 25 0 
115 395 2 0 
115 145 21 0 
115 140 23 0 
116 563 42 0 
116 438 12 0 
116 367 28 0 
116 326 24 0 
116 325 38 0 
116 315 13 0 
117 557 2 0 
117 545 9 0 
117 396 18 0 
117 272 41 0 
118 598 49 0 
118 565 15 0 
118 394 9 0 
118 313 21 0 
118 311 41 0 
118 255 32 0 
118 211 16 0 
119 350 35 0 
119 331 42 0 
119 288 50 0 
120 556 24 0 
120 441 35 0 
120 379 50 0 
120 266 20 0 
120 229 20 0 
121 302 19 0 
121 212 36 0 
122 350 29 0 
122 341 45 0 
122 194 4 0 
122 163 11 0 
123 568 39 0 
123 340 30 0 
123 216 36 0 
123 179 15 0 
124 590 25 0 
124 464 36 0 
124 377 23 0 
124 238 26 0 
124 215 51 0 
125 472 21 0 
125 179 18 0 
126 586 13 0 
126 585 16 0 
126 488 24 0 
126 279 21 0 
126 232 9 0 
126 127 15 0 
127 436 14 0 
127 433 35 0 
128 270 39 0 
128 259 33 0 
129 522 16 0 
129 421 7 0 
129 182 5 0 
130 492 17 0 
131 576 37 0 
131 401 25 0 
131 338 52 0 
131 151 13 0 
132 312 18 0 
133 406 27 0 
134 583 41 0 
134 440 11 0 
134 352 25 0 
134 315 23 0 
134 267 15 0 
134 222 16 0 
135 156 46 0 
136 587 35 0 
136 559 30 0 
136 505 25 0 
136 192 15 0 
136 159 5 0 
137 558 21 0 
137 530 13 0 
137 268 36 0 
137 193 39 0 
138 263 8 0 
138 262 35 0 
138 220 19 0 
139 469 28 0 
139 372 28 0 
139 219 39 0 
139 151 40 0 
140 582 21 0 
140 531 26 0 
141 398 14 0 
141 187 43 0 
142 560 16 0 
142 448 16 0 
142 257 6 0 
142 195 34 0 
143 474 46 0 
143 249 17 0 
143 196 40 0 
144 473 42 0 
144 457 15 0 
144 430 57 0 
144 351 41 0 
144 271 47 0 
144 148 34 0 
145 454 9 0 
145 390 28 0 
145 304 25 0 
146 550 15 0 
146 337 9 0 
146 172 22 0 
146 161 11 0 
147 522 3 0 
147 505 40 0 
147 314 32 0 
147 252 28 0 
148 580 22 0 
148 305 30 0 
148 159 27 0 
149 417 12 0 
149 361 7 0 
149 330 31 0 
149 190 4 0 
150 456 4 0 
150 254 23 0 
151 586 31 0 
151 415 32 0 
151 366 29 0 
152 529 34 0 
152 448 42 0 
153 366 43 0 
153 280 46 0 
153 202 42 0 
153 192 42 0 
153 161 29 0 
154 232 9 0 
155 274 30 0 
155 190 20 0 
156 436 13 0 
156 420 29 0 
156 211 22 0 
156 166 42 0 
157 542 29 0 
157 323 36 0 
157 293 17 0 
158 370 26 0 
159 432 44 0 
159 321 42 0 
159 229 35 0 
159 218 46 0 
160 555 50 0 
160 531 41 0 
160 476 14 0 
160 203 38 0 
161 589 17 0 
161 532 32 0 
161 530 18 0 
161 429 8 0 
161 292 13 0 
161 224 19 0 
161 217 23 0 
162 588 28 0 
163 507 39 0 
163 491 15 0 
163 485 30 0 
163 388 30 0 
164 355 30 0 
164 332 44 0 
164 317 23 0 
165 436 23 0 
165 360 7 0 
165 256 39 0 
165 222 17 0 
166 515 21 0 
166 503 29 0 
166 440 5 0 
167 524 24 0 
167 470 46 0 
167 455 2 0 
167 291 43 0 
167 278 13 0 
167 200 40 0 
168 380 33 0 
168 369 44 0 
169 541 38 0 
169 457 33 0 
170 585 19 0 
170 293 21 0 
171 478 46 0 
171 374 18 0 
171 209 47 0 
172 448 36 0 
172 331 24 0 
173 474 41 0 
173 415 32 0 
173 353 33 0 
175 350 25 0 
175 220 16 0 
176 442 39 0 
176 257 45 0 
177 537 12 0 
177 511 12 0 
177 485 14 0 
178 557 33 0 
178 413 8 0 
179 512 32 0 
179 316 55 0 
179 259 30 0 
180 563 40 0 
180 527 29 0 
180 204 29 0 
181 588 16 0 
181 569 36 0 
181 319 11 0 
181 212 18 0 
182 504 26 0 
182 460 38 0 
182 266 38 0 
183 571 30 0 
183 461 11 0 
183 421 30 0 
184 568 5 0 
184 564 16 0 
184 435 34 0 
184 418 21 0 
186 550 28 0 
186 427 15 0 
187 268 13 0 
188 441 14 0 
189 580 28 0 
189 518 30 0 
189 514 54 0 
189 437 50 0 
189 345 10 0 
189 306 21 0 
189 291 52 0 
190 486 22 0 
190 432 28 0 
190 229 16 0 
191 588 14 0 
191 414 2 0 
191 287 23 0 
192 408 47 0 
193 509 22 0 
193 445 23 0 
193 233 29 0 
193 197 21 0 
194 552 19 0 
194 257 19 0 
195 547 21 0 
195 512 26 0 
195 288 40 0 
195 230 29 0 
196 503 21 0 
196 370 29 0 
196 230 37 0 
197 526 33 0 
197 445 11 0 
198 503 27 0 
198 445 22 0 
198 347 12 0 
198 249 16 0 
199 526 30 0 
199 370 23 0 
199 328 45 0 
200 478 40 0 
200 424 24 0 
200 212 32 0 
201 461 24 0 
201 266 11 0 
202 468 39 0 
202 221 53 0 
203 556 29 0 
203 505 10 0 
203 448 38 0 
203 345 38 0 
203 291 22 0 
203 226 1 0 
203 217 33 0 
204 549 20 0 
204 209 25 0 
205 459 22 0 
205 284 44 0 
205 214 16 0 
206 398 27 0 
207 488 17 0 
207 383 29 0 
207 237 21 0 
208 532 10 0 
208 441 16 0 
208 325 28 0 
208 290 16 0 
208 237 7 0 
209 564 35 0 
209 364 32 0 
209 270 42 0 
210 593 27 0 
210 504 25 0 
210 453 41 0 
210 262 46 0 
211 431 6 0 
212 583 31 0 
212 536 29 0 
212 342 10 0 
212 239 21 0 
214 533 14 0 
215 538 7 0 
215 403 40 0 
215 304 46 0 
217 537 34 0 
217 350 26 0 
218 412 49 0 
218 312 42 0 
219 278 32 0 
220 585 28 0 
220 548 57 0 
220 440 19 0 
220 414 51 0 
220 252 52 0 
221 567 29 0 
221 540 64 0 
221 479 27 0 
221 250 36 0 
222 496 18 0 
222 343 37 0 
223 553 11 0 
223 318 37 0 
223 231 24 0 
224 586 22 0 
224 267 39 0 
225 578 9 0 
225 531 30 0 
225 296 10 0 
226 438 28 0 
226 395 24 0 
226 380 33 0 
226 250 20 0 
227 543 47 0 
228 365 12 0 
229 580 17 0 
229 478 15 0 
229 443 15 0 
229 330 22 0 
230 572 38 0 
230 482 11 0 
231 373 22 0 
231 334 21 0 
232 540 47 0 
232 506 34 0 
232 393 23 0 
232 392 22 0 
232 261 16 0 
233 580 9 0 
233 560 19 0 
233 294 41 0 
234 586 28 0 
234 475 3 0 
234 458 14 0 
234 236 33 0 
235 371 10 0 
235 254 27 0 
236 434 24 0 
236 424 17 0 
236 321 39 0 
236 274 23 0 
237 595 6 0 
237 512 34 0 
237 445 18 0 
238 430 24 0 
238 422 22 0 
238 297 11 0 
240 517 21 0 
240 245 16 0 
241 584 18 0 
241 477 49 0 
241 245 24 0 
242 530 42 0 
242 393 23 0 
242 267 17 0 
243 352 21 0 
244 593 29 0 
244 465 9 0 
244 286 15 0 
244 250 21 0 
245 544 24 0 
245 401 8 0 
246 469 12 0 
246 374 31 0 
246 327 32 0 
247 451 25 0 
247 407 19 0 
248 471 35 0 
248 454 28 0 
248 335 39 0 
249 568 24 0 
249 522 18 0 
249 358 48 0 
250 439 8 0 
251 498 37 0 
251 429 9 0 
253 598 26 0 
253 448 20 0 
254 473 14 0 
254 413 33 0 
254 392 29 0 
255 537 39 0 
255 444 42 0 
255 357 33 0 
255 314 44 0 
257 398 15 0 
258 342 28 0 
259 417 5 0 
259 392 12 0 
260 472 40 0 
262 573 4 0 
262 569 44 0 
262 300 42 0 
263 528 10 0 
263 417 6 0 
264 366 49 0 
265 306 6 0 
265 282 8 0 
266 435 42 0 
266 426 26 0 
266 306 35 0 
267 558 44 0 
267 429 31 0 
267 352 34 0 
268 576 13 0 
268 489 23 0 
268 435 12 0 
268 418 26 0 
269 578 23 0 
269 524 8 0 
269 443 15 0 
269 396 16 0 
270 572 21 0 
270 484 33 0 
270 319 8 0 
270 290 25 0 
271 552 53 0 
271 393 20 0 
271 346 56 0 
272 419 37 0 
272 409 5 0 
273 535 18 0 
273 459 47 0 
273 284 18 0 
274 472 17 0 
274 416 13 0 
274 333 10 0 
275 487 25 0 
275 485 26 0 
275 451 45 0 
275 315 25 0 
276 553 33 0 
276 320 13 0 
277 354 1 0 
277 316 26 0 
278 454 9 0 
279 518 30 0 
279 431 28 0 
279 395 22 0 
280 350 41 0 
280 343 45 0 
281 439 20 0 
283 592 9 0 
283 503 26 0 
283 440 33 0 
283 367 40 0 
283 332 36 0 
284 545 39 0 
284 489 35 0 
284 408 35 0 
285 476 11 0 
285 433 42 0 
286 475 21 0 
286 392 8 0 
287 453 45 0 
287 329 30 0 
288 566 17 0 
289 467 49 0 
289 370 23 0 
290 584 7 0 
291 528 33 0 
291 482 17 0 
291 459 33 0 
292 382 12 0 
293 403 18 0 
293 392 13 0 
294 399 10 0 
295 493 11 0 
298 579 27 0 
298 351 8 0 
299 445 17 0 
299 329 12 0 
300 593 18 0 
300 564 39 0 
300 353 9 0 
301 387 35 0 
303 329 21 0 
304 518 29 0 
305 592 38 0 
305 412 45 0 
306 452 7 0 
307 588 16 0 
309 364 27 0 
310 369 15 0 
311 534 24 0 
311 469 17 0 
311 412 43 0 
311 372 22 0 
313 457 15 0 
315 478 22 0 
315 425 11 0 
315 347 16 0 
316 575 35 0 
317 451 23 0 
317 419 30 0 
318 410 35 0 
320 498 30 0 
320 322 42 0 
321 586 25 0 
321 476 44 0 
322 462 30 0 
322 456 9 0 
323 390 31 0 
324 597 29 0 
324 552 28 0 
324 506 35 0 
324 460 17 0 
325 512 25 0 
325 471 27 0 
325 403 20 0 
326 517 14 0 
326 346 47 0 
327 593 17 0 
327 519 36 0 
327 432 47 0 
327 398 16 0 
328 488 42 0 
329 393 32 0 
330 552 46 0 
330 474 25 0 
331 593 30 0 
332 459 22 0 
333 467 37 0 
333 374 37 0 
333 356 20 0 
334 521 3 0 
334 487 29 0 
334 469 9 0 
334 336 36 0 
335 416 41 0 
336 454 26 0 
338 538 15 0 
338 518 18 0 
338 480 53 0 
338 360 37 0 
338 350 52 0 
339 385 25 0 
340 542 43 0 
340 507 18 0 
340 450 36 0 
341 594 44 0 
342 596 15 0 
342 495 21 0 
342 493 34 0 
343 521 33 0 
343 408 43 0 
344 597 40 0 
344 383 17 0 
345 575 35 0 
345 516 41 0 
345 462 34 0 
345 431 31 0 
345 410 36 0 
345 395 27 0 
346 396 31 0 
347 483 22 0 
347 363 21 0 
348 430 17 0 
348 394 23 0 
349 473 31 0 
349 459 38 0 
350 590 27 0 
350 568 44 0 
350 521 22 0 
350 351 43 0 
351 589 14 0 
351 586 17 0 
352 460 35 0 
352 412 42 0 
353 562 41 0 
353 456 45 0 
353 405 35 0 
354 550 22 0 
354 472 40 0 
355 421 20 0 
355 380 24 0 
356 532 11 0 
356 385 46 0 
357 593 23 0 
357 519 14 0 
358 544 21 0 
359 584 16 0 
359 436 5 0 
360 538 38 0 
360 496 19 0 
360 428 31 0 
360 426 25 0 
361 578 22 0 
361 553 2 0 
361 386 24 0 
362 469 26 0 
363 577 7 0 
363 448 35 0 
363 410 13 0 
364 403 24 0 
365 574 10 0 
365 472 25 0 
367 570 16 0 
368 454 45 0 
369 531 45 0 
369 452 12 0 
371 448 22 0 
373 586 18 0 
373 449 42 0 
375 533 36 0 
375 423 35 0 
376 430 52 0 
376 412 21 0 
377 519 22 0 
377 489 29 0 
378 546 9 0 
378 529 17 0 
378 430 41 0 
379 438 35 0 
381 568 19 0 
381 566 46 0 
382 521 29 0 
383 568 8 0 
383 449 13 0 
383 421 40 0 
385 393 19 0 
387 528 32 0 
387 527 42 0 
388 520 4 0 
389 493 42 0 
390 567 19 0 
391 592 33 0 
391 574 15 0 
391 407 34 0 
392 462 22 0 
394 590 32 0 
395 562 26 0 
397 520 48 0 
399 584 17 0 
399 511 7 0 
400 590 32 0 
400 503 11 0 
401 542 28 0 
402 532 43 0 
402 419 16 0 
402 417 25 0 
405 596 8 0 
406 484 25 0 
408 565 31 0 
408 494 25 0 
408 459 42 0 
408 452 7 0 
409 444 1 0 
410 505 46 0 
410 439 25 0 
411 599 24 0 
413 497 37 0 
415 499 4 0 
415 493 35 0 
416 587 12 0 
419 583 17 0 
419 481 45 0 
421 468 12 0 
422 518 15 0 
423 593 11 0 
423 488 38 0 
424 502 1 0 
426 512 30 0 
426 429 27 0 
428 557 17 0 
428 436 36 0 
430 521 50 0 
433 497 25 0 
434 509 34 0 
435 483 13 0 
436 479 24 0 
437 582 26 0 
437 445 32 0 
438 462 25 0 
439 461 11 0 
440 596 13 0 
440 480 43 0 
442 501 37 0 
445 548 35 0 
445 532 22 0 
451 555 44 0 
451 486 34 0 
452 541 29 0 
452 538 31 0 
452 522 1 0 
453 587 11 0 
454 585 18 0 
455 570 42 0 
455 536 17 0 
455 525 34 0 
455 496 34 0 
456 577 7 0 
456 466 22 0 
458 553 18 0 
459 557 39 0 
460 529 28 0 
461 559 9 0 
462 489 40 0 
463 556 27 0 
463 536 24 0 
463 524 18 0 
463 505 22 0 
466 579 15 0 
467 510 55 0 
467 487 42 0 
471 598 21 0 
472 526 32 0 
472 510 35 0 
474 510 47 0 
477 537 16 0 
479 539 46 0 
480 545 22 0 
482 598 32 0 
485 528 16 0 
485 526 15 0 
486 592 35 0 
489 556 21 0 
489 547 28 0 
490 544 37 0 
494 557 28 0 
494 550 16 0 
494 529 16 0 
495 514 15 0 
497 550 21 0 
498 533 10 0 
498 519 39 0 
499 598 14 0 
499 567 8 0 
500 587 21 0 
500 554 21 0 
501 539 12 0 
501 525 8 0 
502 579 21 0 
504 507 12 0 
507 517 11 0 
508 516 43 0 
510 548 52 0 
511 513 12 0 
512 525 28 0 
514 585 31 0 
514 515 25 0 
518 533 9 0 
520 567 25 0 
523 589 57 0 
529 598 22 0 
529 589 30 0 
532 557 6 0 
534 590 23 0 
538 597 30 0 
539 595 28 0 
541 555 32 0 
543 590 28 0 
549 555 39 0 
558 570 44 0 
562 585 35 0 
567 596 20 0 
567 590 4 0 
568 590 17 0 
570 586 23 0 
573 583 14 0 
593 594 38 0 
