#GRAPH (#nodes #edges id uu vv ww xx yy zz):
#600 2598 geo(0,{600,50,3,0.007,0.000,0.000}) 50 
#
VERTICES (index name u v w x y z):
0 0 16 9 
1 1 44 0 
2 2 21 44 
3 3 7 25 
4 4 41 13 
5 5 33 24 
6 6 13 9 
7 7 12 1 
8 8 9 39 
9 9 24 26 
10 10 8 10 
11 11 28 39 
12 12 30 46 
13 13 38 36 
14 14 18 46 
15 15 3 16 
16 16 13 38 
17 17 10 31 
18 18 39 18 
19 19 12 3 
20 20 46 48 
21 21 5 34 
22 22 5 44 
23 23 10 10 
24 24 29 17 
25 25 21 29 
26 26 25 41 
27 27 23 49 
28 28 48 9 
29 29 13 28 
30 30 25 37 
31 31 19 25 
32 32 12 18 
33 33 48 23 
34 34 39 26 
35 35 24 41 
36 36 22 5 
37 37 41 27 
38 38 1 25 
39 39 36 43 
40 40 0 10 
41 41 29 27 
42 42 48 2 
43 43 42 8 
44 44 10 45 
45 45 11 37 
46 46 13 31 
47 47 44 38 
48 48 29 42 
49 49 46 43 
50 50 41 31 
51 51 27 14 
52 52 19 34 
53 53 43 6 
54 54 27 27 
55 55 10 20 
56 56 26 18 
57 57 8 28 
58 58 15 11 
59 59 38 15 
60 60 13 16 
61 61 14 34 
62 62 24 38 
63 63 0 47 
64 64 17 39 
65 65 46 17 
66 66 22 21 
67 67 47 41 
68 68 2 7 
69 69 29 41 
70 70 8 49 
71 71 30 31 
72 72 10 23 
73 73 12 38 
74 74 17 14 
75 75 30 8 
76 76 39 14 
77 77 32 21 
78 78 37 15 
79 79 46 44 
80 80 43 40 
81 81 30 34 
82 82 33 27 
83 83 6 35 
84 84 12 32 
85 85 22 28 
86 86 8 21 
87 87 1 30 
88 88 11 20 
89 89 42 10 
90 90 16 23 
91 91 41 3 
92 92 42 31 
93 93 20 16 
94 94 12 23 
95 95 14 31 
96 96 39 8 
97 97 5 40 
98 98 13 32 
99 99 23 4 
100 100 44 13 
101 101 19 16 
102 102 4 10 
103 103 33 9 
104 104 33 38 
105 105 10 16 
106 106 19 27 
107 107 32 6 
108 108 42 24 
109 109 37 34 
110 110 42 34 
111 111 34 12 
112 112 20 15 
113 113 37 23 
114 114 38 26 
115 115 34 25 
116 116 19 1 
117 117 2 27 
118 118 35 24 
119 119 23 20 
120 120 41 28 
121 121 46 10 
122 122 8 43 
123 123 32 28 
124 124 18 39 
125 125 4 28 
126 126 27 26 
127 127 45 13 
128 128 27 16 
129 129 49 44 
130 130 43 10 
131 131 7 39 
132 132 14 45 
133 133 10 30 
134 134 33 26 
135 135 38 44 
136 136 44 36 
137 137 37 26 
138 138 15 20 
139 139 32 17 
140 140 39 16 
141 141 21 9 
142 142 18 41 
143 143 42 47 
144 144 12 5 
145 145 1 14 
146 146 44 40 
147 147 16 32 
148 148 6 48 
149 149 34 34 
150 150 5 18 
151 151 42 19 
152 152 4 46 
153 153 44 39 
154 154 17 3 
155 155 3 48 
156 156 25 38 
157 157 47 40 
158 158 18 42 
159 159 19 33 
160 160 18 21 
161 161 14 33 
162 162 24 29 
163 163 30 4 
164 164 44 24 
165 165 11 9 
166 166 39 45 
167 167 14 24 
168 168 46 18 
169 169 12 41 
170 170 5 3 
171 171 26 21 
172 172 22 24 
173 173 15 8 
174 174 44 9 
175 175 24 8 
176 176 40 1 
177 177 4 23 
178 178 26 24 
179 179 21 11 
180 180 35 10 
181 181 47 25 
182 182 16 14 
183 183 19 39 
184 184 25 4 
185 185 49 16 
186 186 5 32 
187 187 47 32 
188 188 27 1 
189 189 13 43 
190 190 30 42 
191 191 3 41 
192 192 49 21 
193 193 36 11 
194 194 19 6 
195 195 15 14 
196 196 41 1 
197 197 28 36 
198 198 22 30 
199 199 6 21 
200 200 37 9 
201 201 39 1 
202 202 29 15 
203 203 22 31 
204 204 8 18 
205 205 31 49 
206 206 11 33 
207 207 23 23 
208 208 24 13 
209 209 18 22 
210 210 37 33 
211 211 31 41 
212 212 29 25 
213 213 29 23 
214 214 15 6 
215 215 41 20 
216 216 0 0 
217 217 37 24 
218 218 45 12 
219 219 38 6 
220 220 21 3 
221 221 15 16 
222 222 35 12 
223 223 15 31 
224 224 3 2 
225 225 22 19 
226 226 4 7 
227 227 2 29 
228 228 1 34 
229 229 46 6 
230 230 8 24 
231 231 7 17 
232 232 7 3 
233 233 23 37 
234 234 44 47 
235 235 47 0 
236 236 3 13 
237 237 1 48 
238 238 35 2 
239 239 14 3 
240 240 41 35 
241 241 26 4 
242 242 14 25 
243 243 29 37 
244 244 45 36 
245 245 28 40 
246 246 34 31 
247 247 38 2 
248 248 13 39 
249 249 36 13 
250 250 40 36 
251 251 18 5 
252 252 36 47 
253 253 12 15 
254 254 8 48 
255 255 40 13 
256 256 9 47 
257 257 32 22 
258 258 8 45 
259 259 3 33 
260 260 12 16 
261 261 44 2 
262 262 27 20 
263 263 11 46 
264 264 46 47 
265 265 42 37 
266 266 20 10 
267 267 32 42 
268 268 8 8 
269 269 21 1 
270 270 27 21 
271 271 29 9 
272 272 33 29 
273 273 6 49 
274 274 34 29 
275 275 37 16 
276 276 42 36 
277 277 8 27 
278 278 11 16 
279 279 40 26 
280 280 28 49 
281 281 6 13 
282 282 7 48 
283 283 3 28 
284 284 16 37 
285 285 33 28 
286 286 19 10 
287 287 11 38 
288 288 42 7 
289 289 42 20 
290 290 5 36 
291 291 37 7 
292 292 40 27 
293 293 4 11 
294 294 44 4 
295 295 43 29 
296 296 29 14 
297 297 0 34 
298 298 41 39 
299 299 26 2 
300 300 2 24 
301 301 40 6 
302 302 48 11 
303 303 21 41 
304 304 49 13 
305 305 33 1 
306 306 11 25 
307 307 47 17 
308 308 27 35 
309 309 2 35 
310 310 4 48 
311 311 28 29 
312 312 5 47 
313 313 15 3 
314 314 38 20 
315 315 15 25 
316 316 38 29 
317 317 14 38 
318 318 19 18 
319 319 24 42 
320 320 21 16 
321 321 7 2 
322 322 31 17 
323 323 3 12 
324 324 23 39 
325 325 19 22 
326 326 5 30 
327 327 19 23 
328 328 17 24 
329 329 28 21 
330 330 6 8 
331 331 31 38 
332 332 4 1 
333 333 35 39 
334 334 39 40 
335 335 42 48 
336 336 45 10 
337 337 2 45 
338 338 30 22 
339 339 8 23 
340 340 39 6 
341 341 33 23 
342 342 29 46 
343 343 17 40 
344 344 25 44 
345 345 6 23 
346 346 9 38 
347 347 25 3 
348 348 23 46 
349 349 45 14 
350 350 7 23 
351 351 47 43 
352 352 48 42 
353 353 39 32 
354 354 47 28 
355 355 26 7 
356 356 23 16 
357 357 31 40 
358 358 26 0 
359 359 7 49 
360 360 27 41 
361 361 48 21 
362 362 14 21 
363 363 40 16 
364 364 0 35 
365 365 27 48 
366 366 43 43 
367 367 4 38 
368 368 10 4 
369 369 10 48 
370 370 40 21 
371 371 34 22 
372 372 18 34 
373 373 22 25 
374 374 13 26 
375 375 18 40 
376 376 4 43 
377 377 27 28 
378 378 12 13 
379 379 17 36 
380 380 24 22 
381 381 36 35 
382 382 24 48 
383 383 26 32 
384 384 11 26 
385 385 22 49 
386 386 49 43 
387 387 42 32 
388 388 26 35 
389 389 11 42 
390 390 15 0 
391 391 43 32 
392 392 13 19 
393 393 5 12 
394 394 3 1 
395 395 1 46 
396 396 36 41 
397 397 34 1 
398 398 4 0 
399 399 12 39 
400 400 21 6 
401 401 47 45 
402 402 1 38 
403 403 42 27 
404 404 22 17 
405 405 38 41 
406 406 36 17 
407 407 24 1 
408 408 39 25 
409 409 40 9 
410 410 39 49 
411 411 5 46 
412 412 21 48 
413 413 25 29 
414 414 4 49 
415 415 8 39 
416 416 31 20 
417 417 38 5 
418 418 23 9 
419 419 17 41 
420 420 10 39 
421 421 47 34 
422 422 3 11 
423 423 2 32 
424 424 11 11 
425 425 40 19 
426 426 11 39 
427 427 13 35 
428 428 29 43 
429 429 29 45 
430 430 0 43 
431 431 37 37 
432 432 45 3 
433 433 34 30 
434 434 25 19 
435 435 32 7 
436 436 38 43 
437 437 10 41 
438 438 7 5 
439 439 33 12 
440 440 33 17 
441 441 24 4 
442 442 42 0 
443 443 28 16 
444 444 42 45 
445 445 41 18 
446 446 31 42 
447 447 28 41 
448 448 11 6 
449 449 15 28 
450 450 49 39 
451 451 26 44 
452 452 13 48 
453 453 31 34 
454 454 40 45 
455 455 5 24 
456 456 40 17 
457 457 28 26 
458 458 27 0 
459 459 23 31 
460 460 37 20 
461 461 30 14 
462 462 1 15 
463 463 24 7 
464 464 17 17 
465 465 24 17 
466 466 9 7 
467 467 32 47 
468 468 16 29 
469 469 30 13 
470 470 32 19 
471 471 14 7 
472 472 24 19 
473 473 49 23 
474 474 19 24 
475 475 49 6 
476 476 32 43 
477 477 26 12 
478 478 46 36 
479 479 12 48 
480 480 25 39 
481 481 34 48 
482 482 18 20 
483 483 44 41 
484 484 35 20 
485 485 18 32 
486 486 47 20 
487 487 41 15 
488 488 17 44 
489 489 36 23 
490 490 4 47 
491 491 44 23 
492 492 44 31 
493 493 19 35 
494 494 34 4 
495 495 20 4 
496 496 46 28 
497 497 30 32 
498 498 20 13 
499 499 19 9 
500 500 43 17 
501 501 35 7 
502 502 27 23 
503 503 13 25 
504 504 27 31 
505 505 14 14 
506 506 3 15 
507 507 19 45 
508 508 48 31 
509 509 1 29 
510 510 28 37 
511 511 33 0 
512 512 23 24 
513 513 35 3 
514 514 16 46 
515 515 4 30 
516 516 13 0 
517 517 8 3 
518 518 41 10 
519 519 12 36 
520 520 16 47 
521 521 24 20 
522 522 38 31 
523 523 21 2 
524 524 27 36 
525 525 14 1 
526 526 31 37 
527 527 41 33 
528 528 48 36 
529 529 24 15 
530 530 22 26 
531 531 9 18 
532 532 14 22 
533 533 21 18 
534 534 12 9 
535 535 2 11 
536 536 5 26 
537 537 31 29 
538 538 14 17 
539 539 7 41 
540 540 36 44 
541 541 0 24 
542 542 8 33 
543 543 17 19 
544 544 35 22 
545 545 17 7 
546 546 3 36 
547 547 45 15 
548 548 28 6 
549 549 20 25 
550 550 15 12 
551 551 31 18 
552 552 33 34 
553 553 13 4 
554 554 22 0 
555 555 9 21 
556 556 49 33 
557 557 8 6 
558 558 29 6 
559 559 20 27 
560 560 0 28 
561 561 2 18 
562 562 48 1 
563 563 44 14 
564 564 0 41 
565 565 10 17 
566 566 6 32 
567 567 20 49 
568 568 45 42 
569 569 48 48 
570 570 11 10 
571 571 38 13 
572 572 18 38 
573 573 14 36 
574 574 1 42 
575 575 0 2 
576 576 38 47 
577 577 2 16 
578 578 16 5 
579 579 11 32 
580 580 32 35 
581 581 18 25 
582 582 1 36 
583 583 20 26 
584 584 28 5 
585 585 11 2 
586 586 45 6 
587 587 10 40 
588 588 40 24 
589 589 43 9 
590 590 24 49 
591 591 47 46 
592 592 33 11 
593 593 36 12 
594 594 36 26 
595 595 48 39 
596 596 27 37 
597 597 28 30 
598 598 39 13 
599 599 34 32 
#
EDGES (from-node to-node length a b):
0 251 4 0 
0 228 29 0 
0 164 32 0 
0 117 23 0 
1 540 45 0 
1 526 39 0 
1 314 21 0 
1 163 15 0 
1 122 56 0 
1 106 37 0 
2 498 31 0 
2 493 9 0 
2 169 9 0 
2 166 18 0 
2 24 28 0 
3 510 24 0 
3 443 23 0 
3 361 41 0 
3 206 9 0 
3 173 19 0 
3 167 7 0 
3 34 32 0 
3 33 41 0 
4 537 19 0 
4 462 40 0 
4 388 27 0 
4 373 22 0 
4 348 38 0 
4 310 51 0 
4 298 26 0 
4 170 37 0 
4 8 41 0 
5 576 24 0 
5 328 16 0 
5 179 18 0 
5 174 19 0 
5 133 24 0 
6 553 5 0 
6 510 32 0 
6 468 20 0 
6 203 24 0 
6 181 38 0 
7 271 19 0 
7 254 47 0 
7 45 36 0 
8 304 48 0 
8 268 31 0 
8 252 28 0 
8 73 3 0 
8 23 29 0 
9 539 23 0 
9 505 16 0 
9 388 9 0 
9 220 23 0 
9 170 30 0 
10 394 10 0 
10 192 42 0 
11 582 27 0 
11 555 26 0 
11 543 23 0 
11 121 34 0 
11 61 15 0 
11 15 34 0 
12 516 49 0 
12 114 22 0 
13 517 45 0 
13 255 23 0 
13 141 32 0 
13 103 27 0 
14 531 29 0 
14 479 6 0 
14 424 36 0 
14 38 27 0 
15 545 17 0 
15 502 25 0 
15 327 17 0 
15 132 31 0 
15 20 54 0 
16 486 38 0 
16 450 36 0 
16 259 11 0 
17 525 30 0 
17 331 22 0 
17 315 8 0 
17 189 12 0 
17 148 17 0 
18 325 20 0 
18 132 37 0 
18 80 22 0 
18 32 27 0 
19 368 2 0 
19 366 51 0 
19 122 40 0 
19 109 40 0 
19 105 13 0 
20 518 38 0 
20 363 33 0 
20 358 52 0 
21 559 17 0 
21 490 13 0 
21 478 41 0 
21 222 37 0 
22 511 52 0 
22 500 47 0 
22 319 19 0 
22 240 37 0 
22 113 38 0 
22 38 19 0 
23 514 36 0 
23 403 36 0 
23 396 40 0 
23 243 33 0 
24 567 33 0 
24 546 32 0 
24 232 26 0 
24 28 21 0 
25 598 24 0 
25 586 33 0 
25 585 29 0 
26 598 31 0 
26 445 28 0 
26 388 6 0 
26 209 20 0 
26 102 37 0 
26 91 41 0 
26 66 20 0 
26 57 21 0 
27 524 14 0 
28 599 27 0 
28 516 36 0 
28 442 11 0 
28 317 45 0 
29 418 21 0 
29 351 37 0 
29 186 9 0 
30 534 31 0 
30 219 34 0 
30 137 16 0 
30 99 33 0 
30 84 14 0 
31 571 22 0 
31 518 27 0 
31 515 16 0 
31 499 16 0 
31 483 30 0 
31 415 18 0 
31 166 28 0 
31 88 9 0 
32 306 7 0 
32 277 10 0 
32 62 23 0 
33 430 52 0 
33 363 11 0 
33 349 9 0 
33 152 50 0 
34 215 6 0 
34 110 9 0 
35 540 12 0 
36 393 18 0 
37 500 10 0 
37 466 38 0 
37 372 24 0 
37 308 16 0 
37 250 9 0 
37 232 42 0 
38 262 26 0 
39 76 29 0 
40 485 28 0 
40 295 47 0 
40 290 26 0 
40 176 41 0 
41 520 24 0 
41 458 27 0 
41 248 20 0 
41 147 14 0 
41 94 17 0 
42 523 27 0 
42 71 34 0 
43 589 1 0 
43 315 32 0 
43 185 11 0 
44 424 34 0 
44 381 28 0 
44 79 36 0 
45 235 52 0 
45 186 8 0 
45 51 28 0 
46 426 8 0 
46 405 27 0 
46 161 2 0 
46 77 21 0 
47 504 18 0 
47 377 20 0 
47 278 40 0 
47 173 42 0 
47 116 45 0 
48 509 31 0 
48 285 15 0 
48 242 23 0 
49 590 23 0 
49 416 27 0 
49 385 25 0 
49 367 42 0 
49 292 17 0 
49 257 25 0 
49 247 42 0 
49 76 30 0 
49 57 41 0 
50 552 9 0 
51 154 15 0 
52 359 19 0 
52 295 25 0 
52 273 20 0 
52 104 15 0 
53 533 25 0 
53 240 29 0 
53 236 41 0 
53 193 9 0 
54 566 22 0 
54 522 12 0 
54 512 5 0 
54 428 16 0 
54 259 25 0 
55 571 29 0 
55 406 26 0 
55 285 24 0 
56 449 15 0 
56 293 23 0 
56 258 32 0 
56 76 14 0 
57 324 19 0 
57 118 27 0 
57 58 18 0 
58 541 20 0 
58 451 35 0 
58 414 40 0 
58 396 37 0 
58 299 14 0 
58 126 19 0 
59 428 29 0 
59 339 31 0 
59 250 21 0 
59 213 12 0 
59 139 6 0 
60 513 26 0 
60 485 17 0 
60 425 27 0 
60 329 16 0 
60 288 30 0 
60 100 31 0 
61 534 25 0 
61 509 14 0 
61 462 23 0 
61 88 14 0 
62 596 3 0 
62 438 37 0 
62 345 23 0 
62 277 19 0 
62 204 26 0 
62 184 34 0 
62 80 19 0 
63 490 4 0 
63 293 36 0 
63 284 19 0 
63 279 45 0 
63 135 38 0 
64 501 37 0 
64 392 20 0 
64 390 39 0 
64 92 26 0 
65 484 11 0 
65 479 46 0 
65 458 25 0 
65 381 21 0 
65 254 49 0 
65 97 47 0 
66 412 27 0 
66 344 23 0 
66 284 17 0 
66 236 21 0 
67 91 38 0 
68 281 7 0 
69 469 28 0 
69 404 25 0 
69 156 5 0 
69 143 14 0 
70 294 58 0 
70 165 40 0 
70 146 37 0 
71 532 18 0 
71 514 21 0 
71 460 13 0 
71 293 33 0 
72 529 16 0 
72 410 39 0 
72 347 25 0 
73 535 29 0 
73 508 37 0 
73 156 13 0 
74 320 4 0 
74 277 16 0 
74 229 30 0 
74 126 16 0 
74 100 27 0 
75 375 34 0 
75 101 14 0 
76 538 25 0 
76 531 30 0 
76 511 15 0 
76 323 36 0 
76 273 48 0 
76 266 19 0 
77 288 17 0 
77 102 30 0 
78 599 17 0 
80 550 40 0 
80 297 43 0 
80 236 48 0 
81 544 13 0 
81 437 21 0 
81 399 19 0 
81 279 13 0 
81 225 17 0 
82 398 40 0 
82 336 21 0 
82 277 25 0 
83 545 30 0 
83 464 21 0 
83 297 6 0 
83 244 39 0 
83 141 30 0 
84 518 36 0 
84 472 18 0 
84 444 33 0 
84 432 44 0 
84 157 36 0 
85 474 5 0 
85 427 11 0 
85 311 6 0 
86 267 32 0 
86 232 18 0 
86 167 7 0 
87 562 55 0 
87 141 29 0 
88 539 21 0 
88 138 4 0 
89 489 14 0 
89 408 15 0 
89 365 41 0 
89 356 20 0 
89 305 13 0 
90 566 13 0 
90 352 37 0 
90 197 18 0 
90 169 18 0 
90 163 24 0 
90 115 18 0 
90 92 27 0 
91 578 25 0 
91 519 44 0 
91 352 40 0 
91 307 15 0 
91 187 30 0 
92 300 41 0 
92 100 18 0 
93 430 34 0 
93 380 7 0 
93 181 28 0 
93 167 10 0 
93 122 30 0 
94 427 12 0 
94 333 28 0 
95 276 28 0 
95 156 13 0 
96 485 32 0 
96 353 24 0 
96 345 36 0 
96 227 43 0 
96 194 20 0 
96 173 24 0 
97 473 47 0 
97 461 36 0 
97 393 28 0 
97 339 17 0 
97 287 6 0 
98 269 32 0 
99 572 34 0 
99 502 19 0 
99 426 37 0 
100 535 42 0 
100 392 32 0 
100 300 43 0 
100 247 13 0 
100 173 29 0 
100 151 6 0 
101 507 29 0 
101 442 28 0 
101 409 22 0 
102 569 58 0 
102 565 9 0 
102 506 5 0 
102 456 37 0 
102 419 34 0 
102 129 56 0 
103 453 25 0 
103 435 2 0 
103 380 16 0 
103 136 29 0 
104 589 31 0 
104 410 13 0 
104 352 16 0 
105 571 28 0 
105 469 20 0 
105 461 20 0 
105 441 18 0 
106 552 16 0 
106 232 27 0 
106 173 19 0 
107 524 30 0 
107 410 44 0 
107 342 40 0 
107 143 42 0 
108 462 42 0 
108 442 24 0 
108 345 36 0 
108 124 28 0 
108 112 24 0 
109 571 21 0 
109 554 37 0 
109 501 27 0 
109 462 41 0 
109 305 33 0 
109 229 29 0 
109 166 11 0 
110 345 38 0 
110 236 44 0 
110 177 40 0 
111 449 25 0 
111 411 45 0 
111 292 16 0 
111 113 11 0 
112 357 27 0 
113 320 17 0 
114 586 21 0 
114 268 35 0 
115 553 30 0 
115 396 16 0 
115 335 24 0 
116 327 22 0 
117 361 46 0 
117 353 37 0 
117 344 29 0 
118 593 12 0 
118 529 14 0 
118 431 13 0 
118 379 22 0 
118 355 19 0 
118 278 25 0 
118 230 27 0 
118 189 29 0 
119 568 31 0 
119 365 28 0 
119 243 18 0 
120 575 49 0 
120 491 6 0 
120 451 22 0 
120 215 8 0 
120 200 19 0 
120 194 31 0 
121 123 23 0 
122 404 30 0 
122 374 18 0 
122 337 6 0 
122 247 51 0 
122 174 50 0 
124 413 12 0 
124 363 32 0 
124 292 25 0 
125 539 13 0 
125 375 18 0 
125 319 24 0 
125 274 30 0 
126 489 9 0 
126 359 30 0 
126 353 13 0 
126 251 23 0 
126 201 28 0 
127 527 20 0 
127 323 42 0 
127 177 42 0 
128 437 30 0 
128 312 38 0 
128 269 16 0 
129 597 25 0 
129 586 38 0 
129 557 56 0 
129 517 58 0 
129 494 43 0 
129 380 33 0 
129 287 38 0 
129 193 35 0 
130 458 19 0 
130 337 54 0 
130 239 30 0 
131 544 33 0 
131 461 34 0 
131 179 31 0 
131 137 33 0 
132 300 24 0 
132 251 40 0 
132 181 39 0 
133 560 10 0 
133 326 5 0 
133 238 38 0 
134 507 24 0 
134 483 19 0 
134 428 17 0 
134 378 25 0 
134 171 9 0 
135 568 7 0 
135 216 58 0 
135 164 21 0 
136 550 38 0 
136 533 29 0 
136 215 16 0 
137 528 15 0 
137 443 13 0 
137 359 38 0 
137 321 38 0 
137 291 19 0 
137 203 16 0 
138 467 32 0 
138 459 14 0 
138 187 34 0 
139 570 22 0 
139 520 34 0 
139 281 26 0 
140 489 8 0 
140 444 29 0 
140 319 30 0 
140 242 27 0 
142 522 22 0 
142 434 23 0 
142 431 19 0 
142 234 27 0 
143 534 48 0 
143 516 55 0 
143 312 37 0 
143 184 46 0 
144 562 36 0 
144 326 26 0 
144 274 33 0 
144 272 32 0 
145 595 53 0 
145 544 35 0 
145 357 40 0 
145 203 27 0 
146 575 58 0 
146 353 9 0 
146 296 30 0 
147 270 16 0 
148 595 43 0 
148 491 45 0 
148 446 26 0 
148 245 23 0 
148 235 63 0 
148 232 45 0 
149 599 2 0 
149 589 27 0 
149 582 33 0 
149 552 1 0 
149 529 21 0 
149 522 5 0 
149 217 10 0 
150 551 26 0 
151 598 7 0 
151 543 25 0 
151 496 10 0 
151 398 42 0 
152 599 33 0 
152 500 49 0 
152 397 54 0 
152 373 28 0 
152 318 32 0 
152 261 59 0 
153 494 36 0 
153 274 14 0 
153 271 34 0 
153 170 53 0 
154 503 22 0 
154 470 22 0 
154 455 24 0 
154 382 46 0 
154 295 37 0 
154 261 27 0 
154 224 14 0 
155 531 31 0 
155 530 29 0 
155 485 22 0 
155 420 11 0 
155 282 4 0 
157 410 12 0 
157 207 29 0 
157 170 56 0 
158 517 40 0 
159 545 26 0 
159 374 9 0 
159 354 28 0 
159 351 30 0 
159 337 21 0 
159 328 9 0 
160 517 21 0 
160 371 16 0 
161 578 28 0 
161 513 37 0 
161 510 15 0 
161 488 11 0 
161 265 28 0 
162 379 10 0 
162 186 19 0 
163 529 13 0 
163 417 8 0 
163 415 41 0 
163 385 46 0 
163 166 42 0 
164 545 32 0 
164 330 41 0 
164 311 17 0 
165 486 38 0 
165 469 19 0 
165 398 11 0 
165 340 28 0 
166 522 14 0 
167 580 21 0 
167 508 35 0 
167 227 13 0 
167 190 24 0 
168 395 53 0 
169 576 27 0 
169 450 37 0 
169 414 11 0 
169 404 26 0 
170 570 9 0 
170 436 52 0 
170 409 36 0 
170 403 44 0 
170 273 46 0 
171 425 14 0 
171 192 23 0 
172 526 16 0 
172 412 24 0 
172 282 28 0 
173 396 39 0 
173 212 22 0 
174 595 30 0 
174 529 21 0 
174 495 25 0 
174 475 6 0 
174 449 35 0 
174 253 33 0 
175 574 41 0 
175 532 17 0 
175 402 38 0 
175 361 27 0 
175 329 14 0 
176 577 41 0 
176 400 20 0 
176 228 51 0 
177 427 15 0 
178 470 8 0 
179 369 39 0 
179 368 13 0 
179 363 20 0 
180 514 41 0 
180 482 20 0 
180 314 10 0 
181 451 28 0 
181 291 21 0 
182 432 31 0 
182 382 35 0 
183 442 45 0 
183 337 18 0 
184 328 22 0 
184 258 44 0 
185 499 31 0 
185 261 15 0 
185 207 27 0 
186 374 10 0 
186 309 4 0 
186 228 4 0 
187 409 24 0 
187 401 13 0 
187 369 40 0 
187 262 23 0 
188 380 21 0 
188 377 27 0 
188 373 25 0 
188 297 43 0 
189 518 43 0 
190 584 37 0 
190 571 30 0 
190 192 28 0 
191 559 22 0 
191 553 38 0 
191 519 10 0 
192 576 28 0 
194 406 20 0 
194 262 16 0 
194 205 45 0 
195 551 16 0 
195 396 34 0 
195 370 26 0 
195 230 12 0 
196 427 44 0 
197 557 36 0 
197 514 16 0 
197 361 25 0 
197 212 11 0 
198 557 28 0 
198 445 22 0 
198 395 26 0 
198 251 25 0 
199 516 22 0 
199 440 27 0 
199 291 34 0 
199 249 31 0 
202 571 9 0 
202 462 28 0 
202 277 24 0 
202 266 10 0 
203 596 8 0 
203 445 23 0 
203 409 28 0 
204 552 30 0 
204 488 28 0 
204 270 19 0 
205 530 25 0 
205 316 21 0 
206 559 11 0 
206 496 35 0 
206 478 35 0 
206 328 11 0 
207 577 22 0 
207 501 20 0 
208 584 9 0 
208 580 23 0 
209 512 5 0 
209 490 29 0 
210 518 23 0 
210 488 23 0 
210 349 21 0 
210 320 23 0 
210 227 35 0 
211 499 34 0 
211 429 4 0 
212 460 9 0 
212 407 25 0 
212 257 4 0 
213 523 22 0 
214 513 20 0 
214 508 41 0 
214 490 42 0 
215 471 30 0 
215 428 26 0 
215 377 16 0 
215 283 39 0 
215 277 34 0 
215 232 38 0 
215 216 46 0 
216 512 33 0 
216 507 49 0 
216 494 34 0 
216 230 25 0 
217 489 1 0 
217 466 33 0 
217 408 2 0 
217 332 40 0 
217 248 28 0 
218 536 42 0 
218 422 42 0 
218 281 39 0 
219 507 43 0 
219 502 20 0 
219 402 49 0 
219 237 56 0 
221 437 25 0 
222 582 42 0 
222 360 30 0 
222 317 33 0 
222 286 16 0 
223 415 11 0 
223 299 31 0 
225 582 27 0 
225 461 9 0 
226 551 29 0 
226 527 45 0 
226 472 23 0 
226 379 32 0 
227 581 16 0 
227 557 24 0 
227 244 44 0 
228 478 45 0 
228 404 27 0 
228 296 34 0 
229 390 32 0 
229 325 31 0 
229 265 31 0 
229 242 37 0 
230 482 11 0 
231 582 20 0 
231 378 6 0 
231 274 30 0 
232 455 21 0 
232 424 9 0 
232 374 24 0 
233 493 4 0 
233 278 24 0 
234 591 3 0 
234 372 29 0 
234 297 46 0 
235 583 37 0 
235 522 32 0 
235 472 30 0 
235 266 29 0 
236 559 22 0 
237 597 32 0 
237 556 50 0 
237 489 43 0 
237 487 52 0 
238 540 42 0 
238 523 14 0 
238 390 20 0 
238 278 28 0 
239 510 37 0 
240 535 46 0 
240 352 10 0 
241 407 4 0 
241 393 22 0 
241 321 19 0 
241 304 25 0 
242 581 4 0 
242 554 26 0 
242 438 21 0 
242 327 5 0 
243 506 34 0 
243 458 37 0 
244 593 26 0 
244 350 40 0 
245 452 17 0 
245 327 19 0 
245 275 26 0 
246 349 20 0 
247 493 38 0 
247 392 30 0 
247 331 37 0 
248 581 15 0 
249 325 19 0 
250 281 41 0 
251 344 40 0 
252 549 27 0 
252 395 35 0 
252 341 24 0 
253 526 29 0 
253 453 27 0 
253 436 38 0 
253 281 6 0 
254 514 8 0 
254 502 31 0 
254 373 27 0 
254 288 53 0 
254 271 44 0 
255 291 7 0 
256 544 36 0 
256 508 42 0 
256 504 24 0 
256 450 41 0 
256 440 38 0 
256 317 10 0 
257 554 24 0 
257 532 18 0 
257 483 22 0 
258 579 13 0 
258 454 32 0 
258 430 8 0 
258 401 39 0 
259 361 47 0 
259 290 4 0 
260 492 35 0 
260 366 41 0 
260 277 12 0 
261 411 59 0 
261 362 36 0 
262 573 21 0 
262 298 24 0 
263 462 33 0 
263 431 28 0 
264 340 42 0 
265 371 17 0 
265 271 31 0 
266 562 29 0 
266 473 32 0 
266 327 13 0 
268 515 22 0 
268 373 22 0 
269 467 47 0 
270 478 24 0 
270 353 16 0 
271 464 14 0 
271 356 9 0 
271 316 22 0 
272 518 21 0 
272 374 20 0 
273 436 33 0 
273 433 34 0 
273 408 41 0 
273 340 54 0 
274 497 5 0 
274 442 30 0 
274 411 34 0 
274 325 17 0 
275 569 34 0 
275 556 21 0 
275 519 32 0 
275 409 8 0 
276 563 22 0 
277 347 29 0 
277 342 28 0 
278 563 33 0 
278 414 34 0 
278 284 22 0 
279 555 31 0 
279 413 15 0 
279 385 29 0 
279 337 42 0 
280 531 36 0 
281 589 37 0 
281 393 1 0 
281 297 22 0 
282 588 41 0 
282 388 23 0 
283 561 10 0 
283 429 31 0 
284 550 25 0 
284 484 25 0 
284 401 32 0 
285 549 13 0 
285 419 21 0 
285 300 31 0 
287 402 10 0 
288 589 2 0 
288 559 30 0 
288 514 47 0 
288 402 51 0 
289 587 38 0 
289 565 32 0 
289 545 28 0 
289 434 17 0 
289 381 16 0 
289 319 28 0 
290 417 45 0 
290 375 14 0 
290 364 5 0 
290 323 24 0 
291 498 18 0 
292 534 33 0 
292 433 7 0 
293 521 22 0 
293 433 36 0 
293 424 7 0 
294 454 41 0 
294 386 39 0 
294 375 44 0 
294 353 28 0 
295 598 16 0 
295 301 23 0 
296 433 17 0 
297 363 44 0 
297 357 32 0 
297 326 6 0 
297 303 22 0 
298 440 23 0 
299 492 34 0 
299 469 12 0 
299 453 32 0 
300 532 12 0 
300 392 12 0 
301 315 31 0 
302 464 32 0 
302 414 58 0 
303 585 40 0 
303 528 27 0 
303 478 25 0 
304 456 10 0 
304 415 49 0 
305 549 27 0 
305 439 11 0 
305 380 23 0 
306 597 18 0 
306 558 26 0 
306 496 35 0 
308 425 21 0 
309 337 10 0 
310 484 42 0 
311 534 26 0 
311 466 29 0 
311 348 18 0 
312 573 14 0 
312 504 27 0 
312 382 19 0 
313 575 15 0 
313 340 24 0 
314 428 25 0 
314 337 44 0 
315 496 31 0 
315 351 37 0 
316 592 19 0 
316 346 30 0 
317 517 36 0 
317 470 26 0 
317 461 29 0 
317 386 35 0 
318 593 18 0 
318 591 40 0 
318 494 21 0 
318 377 13 0 
318 319 25 0 
319 561 33 0 
320 568 35 0 
320 465 3 0 
320 409 20 0 
320 391 27 0 
320 378 9 0 
321 581 25 0 
321 484 33 0 
321 442 35 0 
322 543 14 0 
322 403 15 0 
322 323 28 0 
323 409 37 0 
324 570 31 0 
324 558 34 0 
324 548 33 0 
324 489 21 0 
324 463 32 0 
324 381 14 0 
326 585 29 0 
326 482 16 0 
327 476 24 0 
327 426 18 0 
327 343 17 0 
328 502 10 0 
328 420 17 0 
329 578 20 0 
329 534 20 0 
329 480 18 0 
331 373 16 0 
333 391 11 0 
333 341 16 0 
334 584 37 0 
334 501 33 0 
334 416 22 0 
334 366 5 0 
336 587 46 0 
336 424 34 0 
337 521 33 0 
337 505 33 0 
337 386 47 0 
338 551 4 0 
338 443 6 0 
340 420 44 0 
341 486 14 0 
341 395 39 0 
342 382 5 0 
343 447 11 0 
344 544 24 0 
344 539 18 0 
344 429 4 0 
344 371 24 0 
345 584 28 0 
346 355 35 0 
347 594 25 0 
347 565 21 0 
347 416 18 0 
349 469 15 0 
349 440 12 0 
350 556 43 0 
350 520 26 0 
350 497 25 0 
350 489 29 0 
350 364 14 0 
350 351 45 0 
351 584 42 0 
351 446 16 0 
351 436 9 0 
351 389 36 0 
352 541 51 0 
353 433 5 0 
354 467 24 0 
354 372 30 0 
355 376 42 0 
356 481 34 0 
356 461 7 0 
357 563 29 0 
357 442 41 0 
357 431 7 0 
358 576 49 0 
358 384 30 0 
359 595 42 0 
359 488 11 0 
361 527 14 0 
361 433 17 0 
362 496 33 0 
363 485 27 0 
363 387 16 0 
363 378 28 0 
364 438 31 0 
365 515 29 0 
365 514 11 0 
366 431 8 0 
366 380 28 0 
367 557 32 0 
368 513 25 0 
368 396 45 0 
369 577 33 0 
369 436 28 0 
371 498 17 0 
371 378 24 0 
372 523 32 0 
372 515 15 0 
372 454 25 0 
374 556 37 0 
374 451 22 0 
375 531 24 0 
375 432 46 0 
375 407 39 0 
376 539 4 0 
377 412 21 0 
379 552 16 0 
379 518 35 0 
379 443 23 0 
379 429 15 0 
380 513 22 0 
380 429 24 0 
381 568 11 0 
381 467 13 0 
382 457 22 0 
382 414 20 0 
383 447 9 0 
384 530 11 0 
384 408 28 0 
384 407 28 0 
385 453 17 0 
386 443 34 0 
390 547 34 0 
390 433 36 0 
392 570 9 0 
392 517 17 0 
393 555 10 0 
393 412 39 0 
394 504 38 0 
395 459 27 0 
395 396 35 0 
397 530 28 0 
399 556 37 0 
400 596 32 0 
400 531 17 0 
400 490 44 0 
401 472 35 0 
402 518 49 0 
403 431 11 0 
404 495 13 0 
404 410 36 0 
408 595 17 0 
408 501 18 0 
410 439 37 0 
411 494 51 0 
412 579 19 0 
412 539 16 0 
412 492 29 0 
413 556 24 0 
414 517 46 0 
414 507 16 0 
414 505 36 0 
415 595 40 0 
417 551 15 0 
418 584 6 0 
418 580 28 0 
419 485 9 0 
421 469 27 0 
421 453 16 0 
423 430 11 0 
424 503 14 0 
425 477 16 0 
426 586 47 0 
426 484 31 0 
426 467 22 0 
427 589 40 0 
428 599 12 0 
428 537 14 0 
430 564 2 0 
430 562 64 0 
430 544 41 0 
430 489 41 0 
431 562 38 0 
436 511 43 0 
436 499 39 0 
438 555 16 0 
439 445 10 0 
441 587 39 0 
442 593 13 0 
442 482 31 0 
443 505 14 0 
443 493 21 0 
444 548 41 0 
446 506 39 0 
447 562 45 0 
448 574 37 0 
448 472 18 0 
449 546 14 0 
450 587 39 0 
450 520 34 0 
451 493 11 0 
453 594 9 0 
453 486 21 0 
453 479 24 0 
456 513 15 0 
458 515 38 0 
459 588 18 0 
460 575 41 0 
460 471 26 0 
461 540 31 0 
462 571 37 0 
464 515 18 0 
465 572 22 0 
465 526 21 0 
467 538 35 0 
467 482 30 0 
468 567 20 0 
469 569 39 0 
470 479 35 0 
475 520 53 0 
477 594 17 0 
479 539 9 0 
479 501 47 0 
481 593 36 0 
482 541 18 0 
484 542 30 0 
484 523 23 0 
485 534 24 0 
485 525 31 0 
485 498 19 0 
486 582 49 0 
486 538 33 0 
486 498 28 0 
489 570 28 0 
489 524 16 0 
490 503 24 0 
491 551 14 0 
491 537 14 0 
491 518 13 0 
492 538 33 0 
494 536 36 0 
495 554 4 0 
496 530 24 0 
498 548 11 0 
499 586 26 0 
499 514 37 0 
500 583 25 0 
501 584 7 0 
503 582 16 0 
504 563 24 0 
505 585 12 0 
507 554 45 0 
508 575 56 0 
508 548 32 0 
512 595 29 0 
513 566 41 0 
513 550 22 0 
516 563 34 0 
519 551 26 0 
522 550 30 0 
522 548 27 0 
523 524 35 0 
524 593 26 0 
524 559 11 0 
525 582 37 0 
528 580 16 0 
534 562 37 0 
536 572 18 0 
541 551 32 0 
542 582 8 0 
548 582 40 0 
555 558 25 0 
560 584 36 0 
560 573 16 0 
565 592 24 0 
570 575 14 0 
576 592 36 0 
587 597 21 0 
