#GRAPH (#nodes #edges id uu vv ww xx yy zz):
#600 2484 geo(0,{600,50,3,0.007,0.000,0.000}) 50 
#
VERTICES (index name u v w x y z):
0 0 41 41 
1 1 42 34 
2 2 39 5 
3 3 1 23 
4 4 12 35 
5 5 17 13 
6 6 23 33 
7 7 43 9 
8 8 28 33 
9 9 41 13 
10 10 25 42 
11 11 41 23 
12 12 25 0 
13 13 2 25 
14 14 10 9 
15 15 5 25 
16 16 17 44 
17 17 35 5 
18 18 39 29 
19 19 34 15 
20 20 38 21 
21 21 0 28 
22 22 41 30 
23 23 42 6 
24 24 21 32 
25 25 45 13 
26 26 32 48 
27 27 3 43 
28 28 7 22 
29 29 47 19 
30 30 5 26 
31 31 18 2 
32 32 31 18 
33 33 47 41 
34 34 5 34 
35 35 6 25 
36 36 29 4 
37 37 10 17 
38 38 7 8 
39 39 43 37 
40 40 11 20 
41 41 37 20 
42 42 0 25 
43 43 5 8 
44 44 2 49 
45 45 14 32 
46 46 26 9 
47 47 3 3 
48 48 4 37 
49 49 3 8 
50 50 35 31 
51 51 28 36 
52 52 39 30 
53 53 36 40 
54 54 7 30 
55 55 18 7 
56 56 22 27 
57 57 32 0 
58 58 40 44 
59 59 38 1 
60 60 16 2 
61 61 14 7 
62 62 43 5 
63 63 14 46 
64 64 16 6 
65 65 33 40 
66 66 28 26 
67 67 48 18 
68 68 37 3 
69 69 36 22 
70 70 14 30 
71 71 2 43 
72 72 27 48 
73 73 41 49 
74 74 20 34 
75 75 38 12 
76 76 1 1 
77 77 25 3 
78 78 7 33 
79 79 20 19 
80 80 31 47 
81 81 37 31 
82 82 44 48 
83 83 10 22 
84 84 11 49 
85 85 23 44 
86 86 43 41 
87 87 41 37 
88 88 47 46 
89 89 46 36 
90 90 25 28 
91 91 48 22 
92 92 48 15 
93 93 40 14 
94 94 7 24 
95 95 17 10 
96 96 39 39 
97 97 19 44 
98 98 6 23 
99 99 11 25 
100 100 8 45 
101 101 9 17 
102 102 18 36 
103 103 48 44 
104 104 6 18 
105 105 48 14 
106 106 19 24 
107 107 1 25 
108 108 14 47 
109 109 3 18 
110 110 39 21 
111 111 13 41 
112 112 9 35 
113 113 26 0 
114 114 25 38 
115 115 24 29 
116 116 12 48 
117 117 33 37 
118 118 25 36 
119 119 41 28 
120 120 25 16 
121 121 48 36 
122 122 31 40 
123 123 34 30 
124 124 33 8 
125 125 13 39 
126 126 12 9 
127 127 20 15 
128 128 22 25 
129 129 45 9 
130 130 45 10 
131 131 22 12 
132 132 37 39 
133 133 27 47 
134 134 5 37 
135 135 11 35 
136 136 38 49 
137 137 35 4 
138 138 23 21 
139 139 25 35 
140 140 0 32 
141 141 44 45 
142 142 23 23 
143 143 49 40 
144 144 3 20 
145 145 0 48 
146 146 8 13 
147 147 34 40 
148 148 34 7 
149 149 18 38 
150 150 10 41 
151 151 48 41 
152 152 44 29 
153 153 49 43 
154 154 34 5 
155 155 34 41 
156 156 0 39 
157 157 6 35 
158 158 2 41 
159 159 12 43 
160 160 4 36 
161 161 46 7 
162 162 44 27 
163 163 18 0 
164 164 32 1 
165 165 28 4 
166 166 39 40 
167 167 47 3 
168 168 7 11 
169 169 30 1 
170 170 46 42 
171 171 31 2 
172 172 1 28 
173 173 10 44 
174 174 3 23 
175 175 1 49 
176 176 4 38 
177 177 6 33 
178 178 10 12 
179 179 41 0 
180 180 11 39 
181 181 18 25 
182 182 38 16 
183 183 30 32 
184 184 39 6 
185 185 47 24 
186 186 33 0 
187 187 7 21 
188 188 5 30 
189 189 11 6 
190 190 31 15 
191 191 48 31 
192 192 12 10 
193 193 25 1 
194 194 3 7 
195 195 31 0 
196 196 11 2 
197 197 37 43 
198 198 23 2 
199 199 27 23 
200 200 2 14 
201 201 16 12 
202 202 19 15 
203 203 1 45 
204 204 42 27 
205 205 13 10 
206 206 30 40 
207 207 22 5 
208 208 0 26 
209 209 12 3 
210 210 17 27 
211 211 23 26 
212 212 24 46 
213 213 26 41 
214 214 44 3 
215 215 13 25 
216 216 23 30 
217 217 7 18 
218 218 41 48 
219 219 46 16 
220 220 22 38 
221 221 15 40 
222 222 5 23 
223 223 49 26 
224 224 43 13 
225 225 6 4 
226 226 8 30 
227 227 5 31 
228 228 44 17 
229 229 40 12 
230 230 27 15 
231 231 40 39 
232 232 43 38 
233 233 1 11 
234 234 48 10 
235 235 46 23 
236 236 15 22 
237 237 16 44 
238 238 17 45 
239 239 14 49 
240 240 37 17 
241 241 37 2 
242 242 1 26 
243 243 11 12 
244 244 17 7 
245 245 32 41 
246 246 42 10 
247 247 31 14 
248 248 37 35 
249 249 36 16 
250 250 9 24 
251 251 23 3 
252 252 15 15 
253 253 37 32 
254 254 47 15 
255 255 6 22 
256 256 48 45 
257 257 40 35 
258 258 37 8 
259 259 43 4 
260 260 16 42 
261 261 21 31 
262 262 6 37 
263 263 40 10 
264 264 17 49 
265 265 16 29 
266 266 17 37 
267 267 31 28 
268 268 20 20 
269 269 28 3 
270 270 48 7 
271 271 36 30 
272 272 5 2 
273 273 32 38 
274 274 8 29 
275 275 36 20 
276 276 49 36 
277 277 43 30 
278 278 26 2 
279 279 21 20 
280 280 32 26 
281 281 16 28 
282 282 12 6 
283 283 9 5 
284 284 42 3 
285 285 31 10 
286 286 35 39 
287 287 13 18 
288 288 7 12 
289 289 35 19 
290 290 49 38 
291 291 2 23 
292 292 14 13 
293 293 42 28 
294 294 25 19 
295 295 44 19 
296 296 36 46 
297 297 47 47 
298 298 42 45 
299 299 23 47 
300 300 30 37 
301 301 21 16 
302 302 43 7 
303 303 9 27 
304 304 28 6 
305 305 5 33 
306 306 44 13 
307 307 29 42 
308 308 2 2 
309 309 42 20 
310 310 5 10 
311 311 14 1 
312 312 36 5 
313 313 32 27 
314 314 14 8 
315 315 6 24 
316 316 5 36 
317 317 29 43 
318 318 37 11 
319 319 24 7 
320 320 18 13 
321 321 12 39 
322 322 22 1 
323 323 35 9 
324 324 11 34 
325 325 4 0 
326 326 15 7 
327 327 10 34 
328 328 25 43 
329 329 42 15 
330 330 19 19 
331 331 38 35 
332 332 21 44 
333 333 44 49 
334 334 17 6 
335 335 22 28 
336 336 23 36 
337 337 48 35 
338 338 33 25 
339 339 29 27 
340 340 32 20 
341 341 15 9 
342 342 39 2 
343 343 46 6 
344 344 11 43 
345 345 43 0 
346 346 28 47 
347 347 26 39 
348 348 19 25 
349 349 20 14 
350 350 17 34 
351 351 2 47 
352 352 7 1 
353 353 43 8 
354 354 29 36 
355 355 48 42 
356 356 2 13 
357 357 30 43 
358 358 20 18 
359 359 22 15 
360 360 45 3 
361 361 0 33 
362 362 28 20 
363 363 1 36 
364 364 21 23 
365 365 6 45 
366 366 6 47 
367 367 18 29 
368 368 8 3 
369 369 12 31 
370 370 38 28 
371 371 23 46 
372 372 16 23 
373 373 37 48 
374 374 7 47 
375 375 29 35 
376 376 25 4 
377 377 1 6 
378 378 37 45 
379 379 34 24 
380 380 24 43 
381 381 34 2 
382 382 12 2 
383 383 13 46 
384 384 5 18 
385 385 5 15 
386 386 20 1 
387 387 0 35 
388 388 19 34 
389 389 0 24 
390 390 16 5 
391 391 16 32 
392 392 29 16 
393 393 3 26 
394 394 46 30 
395 395 26 46 
396 396 17 24 
397 397 2 0 
398 398 45 46 
399 399 5 28 
400 400 40 47 
401 401 26 17 
402 402 40 21 
403 403 27 12 
404 404 37 38 
405 405 41 26 
406 406 0 7 
407 407 4 11 
408 408 44 5 
409 409 0 31 
410 410 30 47 
411 411 14 2 
412 412 3 13 
413 413 47 12 
414 414 4 44 
415 415 11 19 
416 416 46 3 
417 417 42 25 
418 418 18 22 
419 419 33 17 
420 420 43 6 
421 421 48 0 
422 422 49 48 
423 423 42 33 
424 424 13 8 
425 425 40 32 
426 426 18 49 
427 427 47 25 
428 428 29 32 
429 429 30 0 
430 430 29 44 
431 431 5 39 
432 432 21 0 
433 433 28 38 
434 434 48 26 
435 435 23 7 
436 436 8 17 
437 437 20 5 
438 438 18 42 
439 439 29 23 
440 440 26 28 
441 441 21 2 
442 442 0 9 
443 443 10 30 
444 444 13 13 
445 445 45 30 
446 446 1 37 
447 447 7 7 
448 448 15 23 
449 449 1 8 
450 450 39 20 
451 451 26 48 
452 452 47 1 
453 453 13 11 
454 454 46 39 
455 455 16 46 
456 456 9 43 
457 457 2 9 
458 458 43 40 
459 459 32 3 
460 460 19 20 
461 461 0 44 
462 462 10 18 
463 463 36 39 
464 464 34 33 
465 465 30 26 
466 466 48 19 
467 467 33 22 
468 468 41 3 
469 469 19 6 
470 470 29 9 
471 471 32 45 
472 472 6 9 
473 473 7 27 
474 474 45 20 
475 475 6 13 
476 476 32 28 
477 477 26 30 
478 478 12 41 
479 479 20 40 
480 480 8 46 
481 481 25 18 
482 482 22 0 
483 483 2 30 
484 484 11 47 
485 485 3 25 
486 486 13 34 
487 487 34 0 
488 488 30 7 
489 489 26 35 
490 490 21 14 
491 491 46 8 
492 492 46 40 
493 493 46 27 
494 494 18 10 
495 495 8 5 
496 496 46 12 
497 497 19 12 
498 498 19 40 
499 499 43 48 
500 500 49 25 
501 501 5 9 
502 502 10 37 
503 503 11 3 
504 504 27 17 
505 505 49 2 
506 506 15 6 
507 507 24 44 
508 508 44 18 
509 509 7 34 
510 510 37 12 
511 511 35 2 
512 512 31 29 
513 513 3 2 
514 514 15 12 
515 515 30 23 
516 516 29 18 
517 517 45 5 
518 518 13 47 
519 519 10 1 
520 520 49 4 
521 521 2 15 
522 522 18 45 
523 523 30 19 
524 524 49 34 
525 525 28 21 
526 526 11 26 
527 527 30 11 
528 528 19 21 
529 529 38 40 
530 530 24 32 
531 531 10 2 
532 532 22 48 
533 533 26 21 
534 534 31 39 
535 535 33 33 
536 536 23 5 
537 537 47 16 
538 538 21 47 
539 539 45 17 
540 540 7 6 
541 541 21 11 
542 542 35 14 
543 543 27 13 
544 544 13 43 
545 545 10 24 
546 546 46 18 
547 547 27 8 
548 548 13 12 
549 549 23 28 
550 550 46 5 
551 551 41 25 
552 552 39 33 
553 553 27 25 
554 554 22 9 
555 555 3 44 
556 556 49 12 
557 557 19 14 
558 558 19 22 
559 559 48 21 
560 560 23 8 
561 561 8 14 
562 562 0 5 
563 563 10 16 
564 564 48 33 
565 565 31 38 
566 566 22 13 
567 567 38 6 
568 568 44 26 
569 569 15 11 
570 570 32 39 
571 571 45 38 
572 572 2 31 
573 573 39 22 
574 574 26 19 
575 575 17 35 
576 576 33 27 
577 577 26 24 
578 578 4 45 
579 579 4 42 
580 580 4 39 
581 581 38 34 
582 582 39 25 
583 583 17 26 
584 584 18 43 
585 585 7 38 
586 586 35 8 
587 587 0 19 
588 588 17 32 
589 589 20 24 
590 590 25 23 
591 591 38 32 
592 592 16 48 
593 593 13 38 
594 594 31 32 
595 595 10 8 
596 596 21 34 
597 597 2 46 
598 598 18 44 
599 599 45 27 
#
EDGES (from-node to-node length a b):
0 565 10 0 
0 499 7 0 
0 61 43 0 
1 423 1 0 
1 311 43 0 
1 181 26 0 
1 79 27 0 
2 588 35 0 
2 259 4 0 
2 46 14 0 
3 428 29 0 
3 423 42 0 
3 356 10 0 
3 323 37 0 
3 289 34 0 
3 220 26 0 
4 496 41 0 
4 225 32 0 
4 16 10 0 
5 470 13 0 
5 274 18 0 
5 271 25 0 
6 37 21 0 
7 599 18 0 
7 434 18 0 
7 285 12 0 
7 283 34 0 
7 193 20 0 
7 93 6 0 
7 48 48 0 
8 533 12 0 
8 302 30 0 
8 269 30 0 
8 204 15 0 
8 111 17 0 
8 71 28 0 
8 49 35 0 
9 530 25 0 
9 449 40 0 
9 438 37 0 
9 395 36 0 
9 342 11 0 
9 315 37 0 
9 154 11 0 
9 131 19 0 
9 32 11 0 
10 394 24 0 
10 369 17 0 
10 300 7 0 
10 228 31 0 
10 107 29 0 
11 567 17 0 
11 499 25 0 
12 541 12 0 
12 467 23 0 
12 426 49 0 
12 417 30 0 
12 372 25 0 
12 261 31 0 
13 471 36 0 
13 413 47 0 
13 317 32 0 
13 289 34 0 
13 121 47 0 
13 22 39 0 
14 503 6 0 
14 257 40 0 
14 207 13 0 
15 263 38 0 
15 128 17 0 
15 25 42 0 
16 584 1 0 
16 527 35 0 
16 221 4 0 
17 574 17 0 
17 440 25 0 
17 363 46 0 
18 250 30 0 
18 223 10 0 
18 205 32 0 
18 103 17 0 
19 591 17 0 
19 570 24 0 
19 370 14 0 
19 364 15 0 
19 341 20 0 
19 337 24 0 
19 314 21 0 
19 211 16 0 
19 93 6 0 
19 78 32 0 
19 42 35 0 
20 422 29 0 
20 360 19 0 
20 206 21 0 
21 410 36 0 
21 405 41 0 
21 173 19 0 
21 127 24 0 
21 85 28 0 
22 531 42 0 
22 445 4 0 
22 439 14 0 
22 188 36 0 
22 103 16 0 
22 82 18 0 
22 57 31 0 
22 36 29 0 
23 484 51 0 
24 540 30 0 
24 452 40 0 
24 351 24 0 
25 383 46 0 
25 354 28 0 
25 106 28 0 
26 548 41 0 
26 432 49 0 
26 430 5 0 
26 428 16 0 
26 383 19 0 
26 220 14 0 
26 117 11 0 
26 95 41 0 
26 49 49 0 
27 437 42 0 
27 333 41 0 
27 320 34 0 
27 56 25 0 
28 552 34 0 
28 542 29 0 
28 539 38 0 
28 234 43 0 
28 180 17 0 
28 125 18 0 
28 94 2 0 
29 583 31 0 
29 497 29 0 
29 475 41 0 
29 192 36 0 
29 119 11 0 
29 75 11 0 
30 389 5 0 
30 197 36 0 
31 412 19 0 
31 319 8 0 
31 189 8 0 
31 84 48 0 
32 533 6 0 
32 332 28 0 
32 157 30 0 
32 104 25 0 
33 180 36 0 
33 50 16 0 
34 518 15 0 
34 432 38 0 
34 139 20 0 
34 136 36 0 
34 79 21 0 
35 369 8 0 
35 195 35 0 
36 539 21 0 
36 494 13 0 
36 473 32 0 
36 379 21 0 
36 174 32 0 
36 137 6 0 
37 587 10 0 
37 570 31 0 
37 486 17 0 
37 248 32 0 
37 214 37 0 
38 470 22 0 
38 220 34 0 
39 475 44 0 
39 463 7 0 
39 375 14 0 
39 347 17 0 
39 256 9 0 
39 64 41 0 
40 493 36 0 
40 485 9 0 
40 390 16 0 
40 269 24 0 
41 377 39 0 
41 368 34 0 
41 357 24 0 
41 262 35 0 
42 97 27 0 
43 529 46 0 
43 442 5 0 
43 319 19 0 
44 574 38 0 
44 564 49 0 
44 301 38 0 
45 416 43 0 
45 266 6 0 
46 290 37 0 
46 277 27 0 
46 136 42 0 
47 52 45 0 
48 500 47 0 
48 273 28 0 
48 58 37 0 
49 524 53 0 
49 407 3 0 
49 56 27 0 
50 433 10 0 
50 249 15 0 
50 186 31 0 
51 212 11 0 
51 133 11 0 
52 472 39 0 
52 442 44 0 
52 259 26 0 
52 132 9 0 
53 445 13 0 
53 367 21 0 
53 248 5 0 
53 58 6 0 
54 479 16 0 
54 473 3 0 
54 99 6 0 
55 581 34 0 
55 382 8 0 
55 79 12 0 
56 536 22 0 
56 518 22 0 
56 434 26 0 
56 326 21 0 
56 219 26 0 
56 216 3 0 
57 578 53 0 
57 206 40 0 
58 383 27 0 
58 381 42 0 
58 379 21 0 
58 367 27 0 
58 313 19 0 
58 300 12 0 
58 188 38 0 
59 591 31 0 
59 403 16 0 
59 323 9 0 
59 198 15 0 
60 535 35 0 
60 390 3 0 
60 287 16 0 
60 123 33 0 
61 559 37 0 
61 360 31 0 
61 324 27 0 
61 162 36 0 
62 466 15 0 
62 381 9 0 
62 270 5 0 
62 224 8 0 
62 101 36 0 
62 77 18 0 
63 590 25 0 
63 533 28 0 
63 523 31 0 
63 459 47 0 
63 169 48 0 
63 116 3 0 
64 246 26 0 
64 175 46 0 
65 370 13 0 
65 366 28 0 
65 264 18 0 
65 245 1 0 
65 101 33 0 
66 366 30 0 
66 344 24 0 
66 151 25 0 
66 114 12 0 
67 524 16 0 
67 511 21 0 
67 302 12 0 
67 268 28 0 
68 329 13 0 
68 251 14 0 
69 557 19 0 
69 498 25 0 
69 342 20 0 
69 242 35 0 
69 120 13 0 
70 580 13 0 
70 408 39 0 
70 344 13 0 
70 335 8 0 
71 548 33 0 
71 424 37 0 
71 410 28 0 
71 160 7 0 
71 74 20 0 
72 534 10 0 
72 245 9 0 
72 101 36 0 
73 258 41 0 
73 227 40 0 
73 152 20 0 
73 104 47 0 
74 554 25 0 
74 447 30 0 
74 326 27 0 
75 513 36 0 
75 431 43 0 
75 283 30 0 
75 166 28 0 
76 578 44 0 
77 258 13 0 
78 592 17 0 
78 572 5 0 
78 525 24 0 
78 475 20 0 
78 347 20 0 
78 309 37 0 
78 304 34 0 
78 268 18 0 
78 261 14 0 
79 347 21 0 
79 167 31 0 
79 151 36 0 
79 127 4 0 
79 97 25 0 
80 560 40 0 
80 519 51 0 
80 486 22 0 
80 242 37 0 
81 166 9 0 
82 184 42 0 
83 406 18 0 
83 367 11 0 
83 310 13 0 
83 151 42 0 
83 107 9 0 
84 392 38 0 
84 226 19 0 
84 97 9 0 
85 557 30 0 
85 545 24 0 
85 248 17 0 
86 372 32 0 
86 225 52 0 
86 168 47 0 
87 450 17 0 
87 262 35 0 
87 167 35 0 
88 183 22 0 
89 293 9 0 
89 238 30 0 
89 202 34 0 
90 461 30 0 
90 459 26 0 
90 184 26 0 
90 151 26 0 
91 572 47 0 
91 369 37 0 
91 121 14 0 
92 503 39 0 
92 304 22 0 
93 531 32 0 
93 307 30 0 
93 285 10 0 
93 246 4 0 
94 345 43 0 
94 178 12 0 
94 176 14 0 
95 401 11 0 
95 242 23 0 
96 525 21 0 
96 410 12 0 
96 209 45 0 
96 205 39 0 
96 171 38 0 
97 493 32 0 
97 434 34 0 
97 348 19 0 
98 426 29 0 
99 394 35 0 
99 280 21 0 
99 183 20 0 
100 480 1 0 
100 422 41 0 
102 381 38 0 
102 234 40 0 
103 459 44 0 
103 435 45 0 
103 360 41 0 
103 206 18 0 
103 203 47 0 
104 465 25 0 
104 396 13 0 
105 311 36 0 
106 578 26 0 
106 523 12 0 
106 395 23 0 
106 345 34 0 
106 169 25 0 
107 557 21 0 
107 521 10 0 
107 243 16 0 
108 530 18 0 
108 424 39 0 
108 409 21 0 
108 345 55 0 
108 242 25 0 
108 209 44 0 
108 172 23 0 
109 588 20 0 
109 420 42 0 
109 402 37 0 
109 272 16 0 
109 265 17 0 
109 194 11 0 
110 484 38 0 
110 480 40 0 
110 382 33 0 
110 349 20 0 
110 291 37 0 
110 230 13 0 
110 111 33 0 
111 422 37 0 
111 112 7 0 
112 588 9 0 
112 445 36 0 
112 222 13 0 
112 215 11 0 
112 120 25 0 
113 522 46 0 
114 569 29 0 
114 544 13 0 
114 495 37 0 
114 367 11 0 
114 355 23 0 
114 122 6 0 
115 558 9 0 
115 419 15 0 
115 263 25 0 
116 501 40 0 
116 461 13 0 
116 303 21 0 
116 243 36 0 
116 232 33 0 
117 521 38 0 
118 549 8 0 
118 498 7 0 
118 210 12 0 
119 533 17 0 
119 303 32 0 
119 300 14 0 
119 292 31 0 
119 176 38 0 
120 518 33 0 
120 415 14 0 
120 282 16 0 
120 140 30 0 
121 446 47 0 
121 346 23 0 
121 254 21 0 
121 231 9 0 
122 424 37 0 
122 410 7 0 
122 197 7 0 
123 571 14 0 
123 251 29 0 
123 202 21 0 
123 196 36 0 
123 154 25 0 
124 576 19 0 
124 526 28 0 
124 409 40 0 
125 556 45 0 
125 511 43 0 
125 310 30 0 
125 130 43 0 
126 332 36 0 
128 416 33 0 
128 278 23 0 
129 269 18 0 
129 239 51 0 
130 294 22 0 
130 252 30 0 
131 343 25 0 
131 215 16 0 
132 556 30 0 
132 443 28 0 
132 399 34 0 
133 469 42 0 
134 419 34 0 
135 382 33 0 
135 332 13 0 
135 278 36 0 
135 266 6 0 
135 249 31 0 
136 332 18 0 
136 331 14 0 
136 310 51 0 
136 248 14 0 
136 238 21 0 
137 507 41 0 
137 493 25 0 
137 387 47 0 
138 581 20 0 
138 534 20 0 
138 493 24 0 
138 262 23 0 
138 167 30 0 
139 273 8 0 
139 223 26 0 
140 570 33 0 
141 522 26 0 
141 470 39 0 
141 327 36 0 
142 421 34 0 
142 322 22 0 
142 283 23 0 
143 557 40 0 
143 261 29 0 
144 580 19 0 
144 535 33 0 
144 418 15 0 
144 228 41 0 
145 541 43 0 
145 484 11 0 
145 222 25 0 
146 251 18 0 
146 187 8 0 
147 165 36 0 
148 578 48 0 
148 422 44 0 
148 390 18 0 
148 279 18 0 
148 157 40 0 
149 535 16 0 
149 254 37 0 
150 394 38 0 
150 220 12 0 
151 597 46 0 
151 376 44 0 
152 586 23 0 
152 527 23 0 
152 444 35 0 
152 437 34 0 
152 433 18 0 
152 401 22 0 
152 265 28 0 
153 417 19 0 
153 279 36 0 
153 187 47 0 
154 446 46 0 
155 433 7 0 
155 399 32 0 
155 371 12 0 
155 189 42 0 
155 166 5 0 
156 461 5 0 
156 401 34 0 
156 238 18 0 
157 447 28 0 
157 407 24 0 
157 370 33 0 
157 331 32 0 
157 258 41 0 
157 173 10 0 
158 568 45 0 
158 511 51 0 
158 225 37 0 
159 589 21 0 
159 581 28 0 
159 475 31 0 
159 439 26 0 
159 354 18 0 
159 352 42 0 
159 306 44 0 
160 539 45 0 
160 377 30 0 
160 269 41 0 
160 245 28 0 
161 418 32 0 
161 368 38 0 
163 560 9 0 
163 511 17 0 
163 295 32 0 
163 259 25 0 
163 194 17 0 
164 579 50 0 
164 513 29 0 
165 573 21 0 
165 537 22 0 
166 598 21 0 
166 313 15 0 
166 228 24 0 
168 546 40 0 
168 541 14 0 
168 490 14 0 
168 353 36 0 
168 326 9 0 
168 219 39 0 
168 203 35 0 
169 307 41 0 
170 462 43 0 
171 547 7 0 
171 528 22 0 
171 501 27 0 
171 485 36 0 
172 471 35 0 
172 236 15 0 
172 207 31 0 
173 499 33 0 
173 470 40 0 
173 400 30 0 
174 489 26 0 
174 235 43 0 
174 234 47 0 
174 188 7 0 
175 544 13 0 
175 240 48 0 
177 483 5 0 
177 378 33 0 
177 318 38 0 
178 524 45 0 
178 429 23 0 
178 394 40 0 
178 229 30 0 
179 591 32 0 
179 484 56 0 
179 340 22 0 
180 505 53 0 
180 455 9 0 
180 244 33 0 
181 506 19 0 
181 375 15 0 
182 546 8 0 
182 428 18 0 
183 278 30 0 
184 580 48 0 
184 519 29 0 
184 344 46 0 
185 384 42 0 
185 323 19 0 
185 321 38 0 
186 512 29 0 
186 386 13 0 
186 359 19 0 
187 481 18 0 
187 229 34 0 
187 215 7 0 
188 485 5 0 
188 394 41 0 
189 273 38 0 
189 226 24 0 
190 447 25 0 
190 412 28 0 
190 323 7 0 
191 536 36 0 
192 568 36 0 
192 469 8 0 
192 445 39 0 
192 415 9 0 
192 203 37 0 
193 564 39 0 
193 365 48 0 
193 319 6 0 
194 556 46 0 
194 270 45 0 
195 464 33 0 
195 463 39 0 
195 287 25 0 
196 418 21 0 
197 393 38 0 
197 261 20 0 
198 320 12 0 
199 469 19 0 
199 225 28 0 
199 218 29 0 
200 559 47 0 
200 540 9 0 
200 425 42 0 
200 409 17 0 
200 295 42 0 
201 582 26 0 
201 534 31 0 
202 335 13 0 
202 280 17 0 
203 452 64 0 
203 387 10 0 
204 515 13 0 
204 468 24 0 
204 405 1 0 
205 576 26 0 
205 304 16 0 
206 280 14 0 
206 279 22 0 
206 263 32 0 
207 566 8 0 
207 560 3 0 
207 312 14 0 
207 291 27 0 
208 559 48 0 
208 513 24 0 
208 497 24 0 
208 297 51 0 
208 287 15 0 
208 276 50 0 
208 257 41 0 
209 593 35 0 
209 558 20 0 
209 425 40 0 
210 465 13 0 
210 433 16 0 
210 268 8 0 
211 340 11 0 
212 474 33 0 
212 327 18 0 
213 595 37 0 
213 586 34 0 
213 576 16 0 
213 313 15 0 
213 287 26 0 
214 579 56 0 
214 407 41 0 
214 267 28 0 
215 588 8 0 
215 449 21 0 
215 244 18 0 
215 225 22 0 
216 521 26 0 
216 378 21 0 
216 248 15 0 
217 382 17 0 
217 320 12 0 
217 296 40 0 
218 381 47 0 
218 352 58 0 
218 242 46 0 
219 481 21 0 
219 337 19 0 
220 383 12 0 
221 597 14 0 
221 387 16 0 
222 483 8 0 
222 366 24 0 
222 253 33 0 
223 443 39 0 
223 402 10 0 
223 274 41 0 
223 267 18 0 
224 498 36 0 
224 276 24 0 
224 240 7 0 
225 576 35 0 
225 439 30 0 
225 304 22 0 
226 598 17 0 
226 514 19 0 
226 492 39 0 
228 294 19 0 
229 531 32 0 
229 419 9 0 
230 395 31 0 
231 583 26 0 
231 375 12 0 
231 330 29 0 
231 313 14 0 
232 415 37 0 
232 394 9 0 
232 337 6 0 
233 573 40 0 
233 250 15 0 
234 379 20 0 
234 375 31 0 
234 318 11 0 
235 540 43 0 
235 520 19 0 
235 498 32 0 
235 331 14 0 
236 562 23 0 
236 445 31 0 
236 374 26 0 
237 561 31 0 
237 501 37 0 
237 493 34 0 
237 435 38 0 
237 349 30 0 
237 325 46 0 
237 270 49 0 
238 567 44 0 
238 366 11 0 
239 433 18 0 
239 338 31 0 
240 384 32 0 
240 253 15 0 
241 516 18 0 
242 536 30 0 
242 456 19 0 
242 430 33 0 
243 429 22 0 
243 317 36 0 
244 566 8 0 
244 457 15 0 
244 428 28 0 
244 258 20 0 
245 339 14 0 
246 483 45 0 
246 441 22 0 
246 361 48 0 
247 445 21 0 
247 383 37 0 
248 534 7 0 
248 332 18 0 
250 258 32 0 
251 402 25 0 
251 367 26 0 
251 293 31 0 
252 317 31 0 
252 267 21 0 
253 417 9 0 
253 415 29 0 
255 303 6 0 
255 256 48 0 
257 479 21 0 
257 421 36 0 
258 327 37 0 
259 546 14 0 
260 595 35 0 
260 447 36 0 
260 321 5 0 
261 505 40 0 
261 481 14 0 
261 408 35 0 
262 441 38 0 
263 504 15 0 
263 351 53 0 
263 316 44 0 
263 277 20 0 
264 490 35 0 
264 294 31 0 
265 588 3 0 
265 580 16 0 
265 508 30 0 
265 425 24 0 
265 375 14 0 
265 334 23 0 
265 279 10 0 
266 505 47 0 
266 355 31 0 
266 287 19 0 
267 350 15 0 
268 381 23 0 
268 331 23 0 
268 323 19 0 
268 318 19 0 
268 274 15 0 
269 529 38 0 
270 444 36 0 
270 442 48 0 
271 549 13 0 
271 414 35 0 
272 528 24 0 
272 394 50 0 
272 385 13 0 
273 343 35 0 
274 573 32 0 
274 430 26 0 
274 370 30 0 
275 590 11 0 
275 460 17 0 
275 331 15 0 
275 317 24 0 
276 439 24 0 
276 388 30 0 
276 298 11 0 
278 460 19 0 
278 452 21 0 
278 328 41 0 
279 315 16 0 
280 531 33 0 
281 479 13 0 
282 356 12 0 
283 572 27 0 
283 552 41 0 
283 536 14 0 
283 343 37 0 
284 578 57 0 
284 509 47 0 
284 286 37 0 
285 578 44 0 
285 499 40 0 
285 337 30 0 
285 293 21 0 
286 351 34 0 
287 390 13 0 
287 351 31 0 
288 543 20 0 
288 471 41 0 
288 380 35 0 
288 361 22 0 
288 345 38 0 
289 596 21 0 
289 530 17 0 
289 498 26 0 
289 491 16 0 
289 419 3 0 
290 551 15 0 
291 590 23 0 
292 581 32 0 
292 488 17 0 
292 424 5 0 
292 389 18 0 
292 378 39 0 
292 354 27 0 
293 389 42 0 
294 520 28 0 
294 501 22 0 
295 596 27 0 
295 587 44 0 
295 522 37 0 
295 491 11 0 
295 356 42 0 
296 525 26 0 
296 493 21 0 
296 420 41 0 
296 404 8 0 
296 358 32 0 
297 589 35 0 
297 555 44 0 
297 340 31 0 
298 545 38 0 
298 468 42 0 
299 520 50 0 
299 496 42 0 
300 536 33 0 
302 570 34 0 
302 472 37 0 
304 588 28 0 
304 529 35 0 
304 517 17 0 
305 455 17 0 
306 487 16 0 
307 520 43 0 
308 522 46 0 
308 496 45 0 
308 488 28 0 
308 318 36 0 
309 565 21 0 
309 528 23 0 
311 510 25 0 
311 476 32 0 
311 450 31 0 
311 424 7 0 
311 406 15 0 
312 598 43 0 
312 560 13 0 
312 504 15 0 
312 459 4 0 
312 443 36 0 
313 592 26 0 
313 430 17 0 
313 371 21 0 
314 510 23 0 
314 458 43 0 
315 479 21 0 
315 345 44 0 
316 508 43 0 
316 481 27 0 
316 452 55 0 
316 328 21 0 
317 422 21 0 
317 403 31 0 
319 545 22 0 
319 494 7 0 
319 470 5 0 
319 379 20 0 
319 328 36 0 
320 561 10 0 
320 514 3 0 
320 494 3 0 
321 373 27 0 
322 430 44 0 
322 390 7 0 
322 329 24 0 
323 533 15 0 
323 391 30 0 
324 534 21 0 
324 424 26 0 
324 370 28 0 
325 339 37 0 
326 579 37 0 
326 571 43 0 
326 563 10 0 
326 536 8 0 
328 415 28 0 
329 589 24 0 
329 536 21 0 
329 459 16 0 
329 397 43 0 
331 599 11 0 
331 471 12 0 
331 451 18 0 
331 359 26 0 
332 577 21 0 
332 334 38 0 
333 571 11 0 
333 351 42 0 
334 401 14 0 
335 400 26 0 
336 473 18 0 
338 401 11 0 
338 361 34 0 
339 554 19 0 
341 417 31 0 
342 577 26 0 
343 547 19 0 
343 397 44 0 
343 370 23 0 
343 346 45 0 
344 560 37 0 
344 457 35 0 
344 425 31 0 
344 394 37 0 
345 591 32 0 
345 483 51 0 
345 416 4 0 
346 388 16 0 
348 595 19 0 
349 496 26 0 
349 474 26 0 
349 442 21 0 
350 398 30 0 
350 389 20 0 
351 597 1 0 
353 553 23 0 
353 427 17 0 
355 597 46 0 
355 507 24 0 
356 535 37 0 
356 386 22 0 
356 365 32 0 
357 512 14 0 
358 593 21 0 
358 583 9 0 
358 454 33 0 
358 404 26 0 
359 445 27 0 
360 596 39 0 
360 546 15 0 
360 500 22 0 
361 494 29 0 
362 522 27 0 
362 414 34 0 
363 532 24 0 
363 491 53 0 
363 464 33 0 
364 593 17 0 
364 534 19 0 
365 490 34 0 
365 476 31 0 
366 482 50 0 
367 518 19 0 
368 567 30 0 
368 455 44 0 
368 447 4 0 
368 428 36 0 
368 402 37 0 
370 505 28 0 
370 448 24 0 
371 589 22 0 
371 458 21 0 
373 556 38 0 
374 456 4 0 
374 413 53 0 
375 414 27 0 
376 590 19 0 
376 554 6 0 
376 494 9 0 
376 455 43 0 
377 594 40 0 
377 550 45 0 
377 520 48 0 
377 386 20 0 
377 383 42 0 
378 403 34 0 
379 554 19 0 
379 385 30 0 
380 407 38 0 
381 573 21 0 
381 525 20 0 
382 402 34 0 
383 514 34 0 
383 437 42 0 
384 578 27 0 
384 544 26 0 
384 412 5 0 
385 431 24 0 
385 421 46 0 
386 557 13 0 
386 511 15 0 
386 474 31 0 
386 408 24 0 
386 392 17 0 
386 391 31 0 
388 536 29 0 
389 538 31 0 
389 513 22 0 
389 456 21 0 
391 553 13 0 
391 540 28 0 
391 490 19 0 
392 431 33 0 
393 407 15 0 
394 556 18 0 
394 547 29 0 
397 464 46 0 
398 539 29 0 
399 540 22 0 
399 427 42 0 
400 513 58 0 
401 527 7 0 
401 508 18 0 
403 580 35 0 
405 446 41 0 
406 493 50 0 
407 562 7 0 
408 597 59 0 
408 566 23 0 
410 479 12 0 
411 520 35 0 
411 479 38 0 
412 460 17 0 
413 466 7 0 
414 501 35 0 
415 565 28 0 
415 491 37 0 
415 459 26 0 
416 542 16 0 
417 479 27 0 
418 527 16 0 
419 548 21 0 
421 507 50 0 
421 426 57 0 
423 563 36 0 
424 498 33 0 
425 511 30 0 
426 550 52 0 
426 496 46 0 
426 477 21 0 
428 460 16 0 
429 576 27 0 
430 502 20 0 
431 501 30 0 
432 507 44 0 
433 506 35 0 
434 540 46 0 
434 435 31 0 
435 569 9 0 
436 479 26 0 
437 563 15 0 
437 483 31 0 
438 588 10 0 
439 583 12 0 
439 564 21 0 
440 592 22 0 
440 495 29 0 
441 585 39 0 
442 544 36 0 
442 461 35 0 
443 463 28 0 
446 466 50 0 
446 449 29 0 
449 457 1 0 
450 575 27 0 
452 459 15 0 
453 556 36 0 
453 547 14 0 
455 496 45 0 
456 546 45 0 
458 562 55 0 
458 505 38 0 
458 485 43 0 
459 545 30 0 
461 537 55 0 
461 514 35 0 
462 463 33 0 
463 565 5 0 
464 489 8 0 
466 567 16 0 
467 597 39 0 
468 546 16 0 
468 539 15 0 
469 512 26 0 
470 507 35 0 
474 552 14 0 
475 532 38 0 
475 518 35 0 
476 491 24 0 
478 495 36 0 
479 525 21 0 
480 562 42 0 
481 526 16 0 
483 578 15 0 
486 585 7 0 
486 558 13 0 
488 559 23 0 
489 511 34 0 
490 554 5 0 
490 512 18 0 
491 496 4 0 
493 584 32 0 
493 568 2 0 
493 560 30 0 
495 524 50 0 
499 512 22 0 
509 569 24 0 
516 553 7 0 
516 517 21 0 
517 587 47 0 
518 591 29 0 
518 529 26 0 
521 538 37 0 
522 596 11 0 
522 567 44 0 
525 596 15 0 
526 595 18 0 
526 588 8 0 
526 570 25 0 
527 566 8 0 
528 559 29 0 
530 542 21 0 
531 543 20 0 
534 538 13 0 
539 593 38 0 
548 572 22 0 
549 581 16 0 
550 592 52 0 
552 557 28 0 
553 584 20 0 
553 575 14 0 
564 593 35 0 
569 576 24 0 
574 591 18 0 
584 596 9 0 
