#GRAPH (#nodes #edges id uu vv ww xx yy zz):
#600 2648 geo(0,{600,50,3,0.007,0.000,0.000}) 50 
#
VERTICES (index name u v w x y z):
0 0 48 47 
1 1 13 42 
2 2 2 14 
3 3 30 23 
4 4 42 48 
5 5 33 13 
6 6 0 47 
7 7 7 18 
8 8 33 11 
9 9 43 13 
10 10 29 48 
11 11 10 31 
12 12 13 19 
13 13 10 22 
14 14 9 0 
15 15 10 23 
16 16 19 10 
17 17 45 30 
18 18 20 32 
19 19 36 25 
20 20 4 17 
21 21 35 43 
22 22 7 14 
23 23 39 9 
24 24 29 2 
25 25 44 26 
26 26 39 34 
27 27 2 36 
28 28 46 40 
29 29 16 41 
30 30 3 11 
31 31 48 25 
32 32 46 20 
33 33 40 25 
34 34 2 23 
35 35 16 29 
36 36 24 14 
37 37 43 18 
38 38 7 3 
39 39 39 10 
40 40 49 21 
41 41 26 11 
42 42 11 17 
43 43 25 20 
44 44 45 27 
45 45 9 44 
46 46 34 25 
47 47 19 20 
48 48 42 25 
49 49 36 37 
50 50 27 46 
51 51 34 22 
52 52 23 44 
53 53 15 46 
54 54 18 22 
55 55 5 49 
56 56 13 18 
57 57 19 24 
58 58 46 11 
59 59 4 34 
60 60 23 10 
61 61 5 20 
62 62 37 41 
63 63 25 5 
64 64 29 0 
65 65 11 43 
66 66 14 30 
67 67 31 47 
68 68 25 48 
69 69 22 27 
70 70 15 37 
71 71 42 16 
72 72 27 31 
73 73 46 33 
74 74 31 46 
75 75 24 25 
76 76 1 15 
77 77 22 29 
78 78 9 19 
79 79 32 39 
80 80 30 2 
81 81 26 46 
82 82 25 32 
83 83 33 43 
84 84 17 1 
85 85 29 34 
86 86 37 44 
87 87 49 11 
88 88 34 12 
89 89 22 5 
90 90 13 2 
91 91 12 24 
92 92 14 16 
93 93 44 9 
94 94 22 31 
95 95 33 24 
96 96 7 43 
97 97 30 19 
98 98 28 1 
99 99 17 15 
100 100 45 1 
101 101 42 7 
102 102 44 39 
103 103 41 0 
104 104 49 33 
105 105 5 44 
106 106 41 45 
107 107 18 29 
108 108 8 11 
109 109 46 22 
110 110 33 41 
111 111 47 10 
112 112 34 43 
113 113 41 24 
114 114 2 33 
115 115 34 1 
116 116 16 39 
117 117 22 15 
118 118 28 35 
119 119 21 49 
120 120 42 15 
121 121 48 1 
122 122 49 42 
123 123 44 5 
124 124 17 34 
125 125 7 47 
126 126 34 33 
127 127 0 15 
128 128 44 20 
129 129 11 45 
130 130 23 24 
131 131 44 34 
132 132 36 40 
133 133 23 2 
134 134 1 47 
135 135 29 49 
136 136 1 40 
137 137 12 31 
138 138 13 30 
139 139 44 49 
140 140 16 17 
141 141 6 13 
142 142 47 15 
143 143 19 37 
144 144 44 19 
145 145 0 7 
146 146 8 4 
147 147 10 2 
148 148 22 13 
149 149 45 4 
150 150 36 3 
151 151 15 42 
152 152 33 33 
153 153 40 35 
154 154 7 12 
155 155 30 40 
156 156 15 11 
157 157 34 49 
158 158 38 31 
159 159 20 13 
160 160 28 33 
161 161 9 2 
162 162 0 17 
163 163 25 9 
164 164 13 47 
165 165 15 31 
166 166 15 39 
167 167 17 25 
168 168 4 22 
169 169 14 18 
170 170 25 14 
171 171 21 18 
172 172 29 8 
173 173 49 25 
174 174 34 46 
175 175 3 46 
176 176 19 3 
177 177 5 2 
178 178 32 33 
179 179 11 47 
180 180 32 7 
181 181 42 23 
182 182 4 33 
183 183 43 44 
184 184 20 0 
185 185 49 29 
186 186 32 12 
187 187 37 29 
188 188 49 5 
189 189 22 8 
190 190 30 21 
191 191 48 32 
192 192 49 32 
193 193 16 40 
194 194 42 22 
195 195 11 20 
196 196 49 8 
197 197 32 30 
198 198 20 16 
199 199 3 19 
200 200 16 20 
201 201 35 39 
202 202 37 19 
203 203 24 31 
204 204 47 43 
205 205 8 5 
206 206 41 46 
207 207 23 38 
208 208 36 22 
209 209 34 30 
210 210 32 0 
211 211 1 11 
212 212 6 28 
213 213 14 34 
214 214 26 1 
215 215 34 18 
216 216 39 27 
217 217 16 44 
218 218 0 14 
219 219 19 19 
220 220 8 33 
221 221 30 38 
222 222 16 14 
223 223 15 36 
224 224 21 4 
225 225 46 3 
226 226 3 48 
227 227 19 4 
228 228 31 37 
229 229 6 49 
230 230 25 19 
231 231 21 10 
232 232 26 2 
233 233 23 36 
234 234 13 33 
235 235 28 0 
236 236 15 6 
237 237 48 10 
238 238 11 5 
239 239 8 48 
240 240 13 25 
241 241 4 28 
242 242 20 48 
243 243 38 45 
244 244 20 19 
245 245 15 26 
246 246 9 3 
247 247 42 32 
248 248 0 41 
249 249 0 49 
250 250 18 16 
251 251 19 1 
252 252 45 6 
253 253 46 39 
254 254 38 6 
255 255 27 4 
256 256 43 14 
257 257 7 5 
258 258 8 27 
259 259 29 14 
260 260 45 32 
261 261 44 4 
262 262 1 32 
263 263 32 46 
264 264 34 40 
265 265 49 48 
266 266 33 29 
267 267 15 1 
268 268 39 19 
269 269 42 44 
270 270 5 47 
271 271 36 46 
272 272 6 11 
273 273 3 14 
274 274 26 15 
275 275 49 13 
276 276 3 35 
277 277 43 39 
278 278 21 32 
279 279 18 28 
280 280 36 0 
281 281 1 24 
282 282 13 20 
283 283 17 16 
284 284 41 41 
285 285 3 25 
286 286 47 20 
287 287 26 45 
288 288 16 4 
289 289 36 49 
290 290 18 34 
291 291 24 26 
292 292 11 31 
293 293 40 38 
294 294 8 13 
295 295 39 1 
296 296 1 26 
297 297 35 10 
298 298 18 39 
299 299 22 43 
300 300 10 21 
301 301 5 36 
302 302 18 15 
303 303 37 0 
304 304 12 22 
305 305 11 49 
306 306 18 11 
307 307 19 23 
308 308 2 26 
309 309 3 22 
310 310 20 29 
311 311 47 35 
312 312 14 1 
313 313 25 37 
314 314 13 14 
315 315 3 27 
316 316 13 12 
317 317 2 6 
318 318 47 37 
319 319 21 13 
320 320 38 29 
321 321 7 17 
322 322 0 45 
323 323 46 31 
324 324 21 8 
325 325 29 22 
326 326 31 18 
327 327 17 14 
328 328 45 45 
329 329 13 15 
330 330 40 13 
331 331 40 22 
332 332 48 5 
333 333 30 43 
334 334 34 29 
335 335 5 46 
336 336 34 31 
337 337 28 21 
338 338 3 17 
339 339 9 46 
340 340 19 45 
341 341 23 47 
342 342 2 37 
343 343 11 46 
344 344 28 16 
345 345 17 42 
346 346 7 40 
347 347 9 36 
348 348 29 42 
349 349 49 1 
350 350 47 22 
351 351 7 28 
352 352 2 49 
353 353 27 37 
354 354 22 20 
355 355 21 37 
356 356 16 6 
357 357 16 46 
358 358 41 37 
359 359 19 14 
360 360 17 23 
361 361 36 35 
362 362 13 39 
363 363 0 28 
364 364 32 37 
365 365 47 46 
366 366 4 24 
367 367 27 38 
368 368 44 12 
369 369 5 45 
370 370 12 14 
371 371 4 30 
372 372 38 28 
373 373 34 36 
374 374 33 40 
375 375 46 5 
376 376 7 44 
377 377 31 44 
378 378 47 17 
379 379 2 17 
380 380 46 47 
381 381 4 9 
382 382 29 26 
383 383 46 1 
384 384 16 7 
385 385 26 0 
386 386 6 19 
387 387 40 33 
388 388 4 26 
389 389 21 2 
390 390 35 48 
391 391 17 17 
392 392 15 7 
393 393 45 40 
394 394 29 6 
395 395 46 8 
396 396 25 4 
397 397 10 39 
398 398 46 15 
399 399 14 31 
400 400 37 48 
401 401 28 23 
402 402 1 31 
403 403 19 18 
404 404 9 29 
405 405 28 5 
406 406 10 26 
407 407 35 2 
408 408 48 14 
409 409 30 14 
410 410 39 21 
411 411 36 6 
412 412 8 46 
413 413 5 26 
414 414 42 30 
415 415 27 19 
416 416 48 31 
417 417 45 20 
418 418 9 26 
419 419 34 3 
420 420 39 15 
421 421 11 23 
422 422 10 49 
423 423 48 40 
424 424 6 24 
425 425 22 12 
426 426 20 38 
427 427 9 5 
428 428 43 32 
429 429 5 40 
430 430 5 29 
431 431 27 42 
432 432 4 39 
433 433 19 36 
434 434 6 34 
435 435 48 17 
436 436 17 4 
437 437 0 30 
438 438 10 13 
439 439 13 26 
440 440 16 15 
441 441 11 13 
442 442 33 19 
443 443 19 33 
444 444 18 44 
445 445 2 1 
446 446 11 12 
447 447 49 16 
448 448 19 32 
449 449 7 33 
450 450 8 17 
451 451 42 24 
452 452 33 26 
453 453 5 16 
454 454 47 39 
455 455 6 21 
456 456 13 8 
457 457 19 25 
458 458 22 36 
459 459 24 15 
460 460 42 18 
461 461 33 49 
462 462 1 12 
463 463 25 12 
464 464 23 30 
465 465 37 18 
466 466 23 7 
467 467 38 40 
468 468 2 25 
469 469 37 46 
470 470 32 48 
471 471 32 10 
472 472 12 19 
473 473 42 5 
474 474 8 38 
475 475 5 32 
476 476 6 35 
477 477 49 19 
478 478 6 10 
479 479 14 42 
480 480 43 9 
481 481 49 10 
482 482 35 41 
483 483 27 23 
484 484 40 17 
485 485 26 47 
486 486 17 24 
487 487 17 48 
488 488 25 31 
489 489 37 1 
490 490 39 33 
491 491 5 19 
492 492 10 18 
493 493 24 37 
494 494 6 1 
495 495 25 23 
496 496 42 34 
497 497 30 27 
498 498 43 25 
499 499 13 40 
500 500 3 4 
501 501 31 42 
502 502 10 38 
503 503 30 36 
504 504 13 13 
505 505 17 36 
506 506 21 7 
507 507 6 46 
508 508 26 3 
509 509 3 15 
510 510 41 22 
511 511 33 28 
512 512 24 45 
513 513 13 5 
514 514 21 19 
515 515 46 30 
516 516 26 29 
517 517 44 38 
518 518 27 11 
519 519 19 12 
520 520 13 22 
521 521 20 23 
522 522 26 4 
523 523 14 39 
524 524 48 20 
525 525 35 44 
526 526 12 4 
527 527 35 7 
528 528 25 10 
529 529 39 17 
530 530 42 47 
531 531 47 12 
532 532 22 34 
533 533 31 0 
534 534 47 36 
535 535 20 4 
536 536 13 49 
537 537 13 29 
538 538 28 45 
539 539 2 31 
540 540 48 37 
541 541 47 48 
542 542 42 6 
543 543 10 0 
544 544 28 20 
545 545 32 27 
546 546 2 42 
547 547 35 4 
548 548 13 43 
549 549 17 18 
550 550 1 38 
551 551 31 28 
552 552 45 34 
553 553 44 21 
554 554 1 17 
555 555 38 41 
556 556 21 34 
557 557 17 8 
558 558 41 15 
559 559 46 26 
560 560 31 17 
561 561 5 6 
562 562 5 37 
563 563 40 48 
564 564 28 6 
565 565 43 45 
566 566 28 29 
567 567 35 46 
568 568 32 42 
569 569 11 4 
570 570 28 37 
571 571 16 18 
572 572 24 7 
573 573 24 41 
574 574 3 2 
575 575 42 2 
576 576 48 0 
577 577 32 13 
578 578 21 12 
579 579 9 28 
580 580 30 7 
581 581 11 38 
582 582 34 19 
583 583 40 46 
584 584 42 11 
585 585 25 46 
586 586 20 44 
587 587 44 22 
588 588 27 7 
589 589 4 8 
590 590 9 40 
591 591 33 34 
592 592 14 7 
593 593 43 27 
594 594 35 36 
595 595 47 11 
596 596 10 32 
597 597 0 18 
598 598 28 26 
599 599 33 38 
#
EDGES (from-node to-node length a b):
0 471 40 0 
1 595 46 0 
1 573 11 0 
1 474 6 0 
1 244 24 0 
2 553 43 0 
2 375 45 0 
3 340 25 0 
3 143 18 0 
3 121 28 0 
4 576 48 0 
4 420 33 0 
4 290 28 0 
4 259 36 0 
4 146 56 0 
4 125 35 0 
5 546 42 0 
5 400 35 0 
5 92 19 0 
5 83 30 0 
5 9 10 0 
6 570 30 0 
6 542 59 0 
6 489 59 0 
6 311 49 0 
7 581 20 0 
7 524 41 0 
8 527 4 0 
8 67 36 0 
9 496 21 0 
9 415 17 0 
9 138 34 0 
9 75 22 0 
9 22 36 0 
10 341 6 0 
10 97 29 0 
10 26 17 0 
10 25 27 0 
10 23 40 0 
11 398 39 0 
11 317 26 0 
11 297 33 0 
11 222 18 0 
12 507 28 0 
12 467 33 0 
12 293 33 0 
12 223 17 0 
12 190 17 0 
12 176 17 0 
13 596 10 0 
13 585 28 0 
13 582 24 0 
13 426 19 0 
13 345 21 0 
13 301 15 0 
13 134 27 0 
13 85 22 0 
14 588 19 0 
14 511 37 0 
14 412 46 0 
14 254 30 0 
14 212 28 0 
14 122 58 0 
15 533 31 0 
15 216 29 0 
15 111 39 0 
16 397 30 0 
16 375 27 0 
17 596 35 0 
17 566 17 0 
17 533 33 0 
17 328 15 0 
17 240 32 0 
17 52 26 0 
17 36 26 0 
18 79 14 0 
19 533 25 0 
19 440 22 0 
19 24 24 0 
20 592 14 0 
20 497 28 0 
20 377 38 0 
20 132 39 0 
21 482 2 0 
21 382 18 0 
21 339 26 0 
21 186 31 0 
21 138 26 0 
22 544 22 0 
22 270 33 0 
22 49 37 0 
23 271 37 0 
23 174 37 0 
23 34 40 0 
24 290 34 0 
24 258 33 0 
24 69 26 0 
25 490 9 0 
25 117 25 0 
25 70 31 0 
25 50 26 0 
26 520 29 0 
26 402 38 0 
27 599 31 0 
27 558 44 0 
27 355 19 0 
28 563 10 0 
28 140 38 0 
29 438 29 0 
29 244 22 0 
29 226 15 0 
30 513 12 0 
30 167 20 0 
30 156 12 0 
31 500 50 0 
31 461 28 0 
31 348 25 0 
31 320 11 0 
31 276 46 0 
31 238 42 0 
31 228 21 0 
31 160 22 0 
31 83 23 0 
32 162 46 0 
32 97 16 0 
32 94 26 0 
32 82 24 0 
33 519 25 0 
33 508 26 0 
33 473 20 0 
34 569 21 0 
34 124 19 0 
35 567 25 0 
35 551 15 0 
35 527 29 0 
35 496 26 0 
35 472 11 0 
35 465 24 0 
35 417 30 0 
36 329 11 0 
36 272 18 0 
36 186 8 0 
36 183 36 0 
37 234 34 0 
37 104 16 0 
37 68 35 0 
37 42 32 0 
38 578 17 0 
39 462 38 0 
39 90 27 0 
39 87 10 0 
40 437 50 0 
40 420 12 0 
41 359 8 0 
41 296 29 0 
41 173 27 0 
42 369 29 0 
42 333 32 0 
42 241 13 0 
42 153 34 0 
43 416 25 0 
43 363 26 0 
43 224 16 0 
44 554 45 0 
44 337 18 0 
45 584 47 0 
45 223 10 0 
45 64 48 0 
46 553 11 0 
46 552 14 0 
46 216 5 0 
47 456 13 0 
47 328 36 0 
47 258 13 0 
48 578 25 0 
48 503 16 0 
48 450 35 0 
48 405 24 0 
48 382 13 0 
48 376 40 0 
48 345 30 0 
48 332 21 0 
48 292 32 0 
49 532 14 0 
49 113 14 0 
49 73 11 0 
50 491 35 0 
50 429 23 0 
50 405 41 0 
50 286 33 0 
50 245 23 0 
50 211 44 0 
50 106 14 0 
51 524 14 0 
51 460 9 0 
51 65 31 0 
52 444 5 0 
52 122 26 0 
53 425 35 0 
53 398 44 0 
54 552 30 0 
54 493 16 0 
54 385 23 0 
54 146 21 0 
54 125 27 0 
55 504 37 0 
55 336 34 0 
55 289 31 0 
55 249 5 0 
55 69 28 0 
56 550 23 0 
56 548 25 0 
56 516 17 0 
57 572 18 0 
57 498 24 0 
57 365 36 0 
57 343 23 0 
57 293 25 0 
57 147 24 0 
58 458 35 0 
58 394 18 0 
58 291 27 0 
59 472 17 0 
59 134 13 0 
59 71 42 0 
60 594 29 0 
60 400 40 0 
60 253 37 0 
60 239 41 0 
60 206 40 0 
60 176 8 0 
61 489 37 0 
61 462 9 0 
61 412 26 0 
61 346 20 0 
61 277 42 0 
61 149 43 0 
61 120 37 0 
62 598 17 0 
62 541 12 0 
62 237 33 0 
62 227 41 0 
62 197 12 0 
62 187 12 0 
62 91 30 0 
63 505 32 0 
63 375 21 0 
63 318 39 0 
63 233 31 0 
63 86 41 0 
64 380 50 0 
64 200 24 0 
64 170 15 0 
65 530 31 0 
65 519 32 0 
65 250 28 0 
65 82 18 0 
66 321 15 0 
66 306 19 0 
66 225 42 0 
66 121 45 0 
67 535 44 0 
67 438 40 0 
67 285 36 0 
67 93 40 0 
68 551 21 0 
68 232 46 0 
68 166 13 0 
69 569 25 0 
69 517 25 0 
69 451 20 0 
69 225 34 0 
69 213 11 0 
69 208 15 0 
69 143 10 0 
70 582 26 0 
70 567 22 0 
70 370 23 0 
70 210 41 0 
71 317 41 0 
71 316 29 0 
71 302 24 0 
71 121 16 0 
72 309 26 0 
72 302 18 0 
72 199 27 0 
72 178 5 0 
72 109 21 0 
73 497 17 0 
73 329 38 0 
73 305 38 0 
73 252 27 0 
73 250 33 0 
73 241 42 0 
73 80 35 0 
74 512 7 0 
74 272 43 0 
74 180 39 0 
75 532 9 0 
75 473 27 0 
75 465 15 0 
75 136 27 0 
76 585 39 0 
76 543 17 0 
76 492 9 0 
76 478 7 0 
76 452 34 0 
76 293 45 0 
77 350 26 0 
77 304 12 0 
77 150 30 0 
78 492 1 0 
78 439 8 0 
78 398 37 0 
78 289 40 0 
78 103 37 0 
79 569 41 0 
79 478 39 0 
79 336 8 0 
79 202 21 0 
79 166 17 0 
80 480 15 0 
80 466 9 0 
80 362 41 0 
80 349 19 0 
80 272 26 0 
81 586 6 0 
81 385 46 0 
81 321 35 0 
82 268 19 0 
82 243 18 0 
82 184 32 0 
82 172 24 0 
82 142 28 0 
83 531 34 0 
83 210 43 0 
83 199 38 0 
84 532 33 0 
84 509 20 0 
84 325 24 0 
84 235 11 0 
85 576 39 0 
85 356 31 0 
85 347 20 0 
85 284 14 0 
85 210 34 0 
85 207 7 0 
86 579 32 0 
86 516 19 0 
86 463 34 0 
86 459 32 0 
86 400 4 0 
86 363 40 0 
86 346 30 0 
86 254 38 0 
87 583 36 0 
87 474 49 0 
87 375 7 0 
87 302 31 0 
87 286 9 0 
88 557 17 0 
88 282 22 0 
88 221 26 0 
89 535 2 0 
89 297 14 0 
90 208 30 0 
90 157 51 0 
90 138 28 0 
91 572 21 0 
91 452 21 0 
91 438 11 0 
91 415 16 0 
91 218 16 0 
91 118 19 0 
93 558 7 0 
93 455 40 0 
93 417 11 0 
93 297 9 0 
94 297 25 0 
94 186 21 0 
95 530 25 0 
95 479 26 0 
95 393 20 0 
95 286 15 0 
95 194 9 0 
96 450 26 0 
97 579 23 0 
97 578 11 0 
97 434 28 0 
97 204 29 0 
97 135 30 0 
98 549 20 0 
98 413 34 0 
98 216 28 0 
98 121 20 0 
98 118 34 0 
99 436 11 0 
99 380 43 0 
100 554 47 0 
100 432 56 0 
100 360 36 0 
100 261 3 0 
100 116 48 0 
101 523 43 0 
101 385 17 0 
101 109 16 0 
101 102 32 0 
103 570 39 0 
103 461 50 0 
103 442 21 0 
104 580 32 0 
104 420 21 0 
104 224 40 0 
104 123 28 0 
105 430 15 0 
105 350 47 0 
105 234 14 0 
105 146 40 0 
105 120 47 0 
106 575 43 0 
107 393 29 0 
107 197 14 0 
107 143 8 0 
108 585 39 0 
108 534 46 0 
108 522 19 0 
108 412 35 0 
108 359 11 0 
108 338 8 0 
108 189 14 0 
109 570 23 0 
109 264 22 0 
110 547 37 0 
110 401 19 0 
110 361 7 0 
110 310 18 0 
110 207 10 0 
110 189 35 0 
111 519 28 0 
111 428 22 0 
111 284 32 0 
111 268 12 0 
111 157 41 0 
111 121 9 0 
112 497 16 0 
112 464 17 0 
112 351 31 0 
112 273 42 0 
112 178 10 0 
113 504 30 0 
113 501 21 0 
113 403 23 0 
113 391 25 0 
114 557 29 0 
114 553 44 0 
114 331 40 0 
114 192 47 0 
114 188 55 0 
115 474 45 0 
116 485 13 0 
116 346 9 0 
116 218 30 0 
116 198 23 0 
117 589 19 0 
117 583 36 0 
117 455 17 0 
117 215 12 0 
117 184 15 0 
117 161 18 0 
118 586 12 0 
118 339 22 0 
118 262 27 0 
118 181 18 0 
118 157 15 0 
119 575 51 0 
119 301 21 0 
119 190 29 0 
119 146 47 0 
119 131 27 0 
120 539 43 0 
120 295 14 0 
120 231 22 0 
121 229 64 0 
121 176 29 0 
121 175 64 0 
122 353 23 0 
122 332 37 0 
123 597 46 0 
123 589 40 0 
123 478 38 0 
124 389 32 0 
125 355 17 0 
125 135 22 0 
125 134 6 0 
126 512 16 0 
126 422 29 0 
126 256 21 0 
126 140 24 0 
127 543 18 0 
127 533 34 0 
127 463 25 0 
127 402 16 0 
127 236 17 0 
127 213 24 0 
128 545 14 0 
129 477 46 0 
129 355 13 0 
129 281 23 0 
129 255 44 0 
130 584 23 0 
130 552 24 0 
130 527 21 0 
130 507 28 0 
130 463 12 0 
131 584 23 0 
131 548 32 0 
131 388 41 0 
131 179 35 0 
132 292 27 0 
133 388 31 0 
134 530 41 0 
134 493 25 0 
134 446 36 0 
134 444 17 0 
134 422 9 0 
134 318 47 0 
134 194 48 0 
135 525 8 0 
135 514 31 0 
135 458 15 0 
135 357 13 0 
135 346 24 0 
135 301 27 0 
136 418 16 0 
136 340 19 0 
136 261 56 0 
136 244 28 0 
137 212 7 0 
138 425 20 0 
138 375 41 0 
138 146 26 0 
139 588 45 0 
139 581 35 0 
139 575 47 0 
139 572 47 0 
139 487 27 0 
139 450 48 0 
139 322 44 0 
139 272 54 0 
139 264 13 0 
139 225 46 0 
139 203 27 0 
139 184 55 0 
139 170 40 0 
140 523 22 0 
140 380 42 0 
140 343 29 0 
140 246 16 0 
140 214 19 0 
140 204 40 0 
141 512 37 0 
141 302 12 0 
141 206 48 0 
142 332 10 0 
142 248 54 0 
142 148 25 0 
143 535 33 0 
143 464 8 0 
144 253 20 0 
145 531 47 0 
145 481 49 0 
145 254 38 0 
146 546 38 0 
146 511 35 0 
146 457 24 0 
146 306 12 0 
147 351 26 0 
147 218 16 0 
147 212 26 0 
147 207 38 0 
148 318 35 0 
148 159 2 0 
149 235 17 0 
149 155 39 0 
150 371 42 0 
150 197 27 0 
150 169 27 0 
151 550 15 0 
151 484 35 0 
151 303 47 0 
152 411 27 0 
152 218 38 0 
152 210 33 0 
153 545 11 0 
153 425 29 0 
153 316 35 0 
153 170 26 0 
153 159 30 0 
154 252 38 0 
156 446 4 0 
156 282 9 0 
156 264 35 0 
157 543 55 0 
158 587 11 0 
158 255 29 0 
158 159 25 0 
159 168 18 0 
160 277 16 0 
161 577 25 0 
161 397 37 0 
161 325 28 0 
161 317 8 0 
161 305 47 0 
161 295 30 0 
162 589 10 0 
162 447 49 0 
162 373 39 0 
162 367 34 0 
163 403 11 0 
163 388 27 0 
163 280 14 0 
164 580 43 0 
164 522 45 0 
164 344 34 0 
165 597 20 0 
165 316 19 0 
165 300 11 0 
166 576 51 0 
166 555 23 0 
166 170 27 0 
167 450 12 0 
167 344 14 0 
167 235 27 0 
167 175 25 0 
168 318 46 0 
168 251 26 0 
169 516 16 0 
170 335 38 0 
170 324 7 0 
171 457 7 0 
171 435 27 0 
171 290 16 0 
173 571 34 0 
173 552 10 0 
173 483 22 0 
173 407 27 0 
173 225 22 0 
174 434 30 0 
175 467 36 0 
175 350 50 0 
175 342 9 0 
175 313 24 0 
175 279 23 0 
175 272 35 0 
175 203 26 0 
176 571 15 0 
176 226 48 0 
177 434 32 0 
177 409 28 0 
177 334 40 0 
177 191 52 0 
178 566 6 0 
179 519 36 0 
179 498 39 0 
179 288 43 0 
181 490 10 0 
181 453 38 0 
181 338 39 0 
181 221 19 0 
182 496 38 0 
182 465 36 0 
182 339 14 0 
183 382 23 0 
184 585 46 0 
184 491 24 0 
184 489 17 0 
184 409 17 0 
184 233 36 0 
185 319 32 0 
185 208 15 0 
186 556 25 0 
186 510 13 0 
186 330 8 0 
187 569 36 0 
188 573 44 0 
188 374 38 0 
189 512 37 0 
189 500 19 0 
189 480 21 0 
189 356 6 0 
189 241 27 0 
189 200 13 0 
190 558 13 0 
190 503 15 0 
190 469 26 0 
190 253 24 0 
191 543 50 0 
191 535 40 0 
191 520 36 0 
191 420 19 0 
191 288 43 0 
191 216 10 0 
192 495 26 0 
192 370 41 0 
192 311 4 0 
193 511 21 0 
193 483 20 0 
193 468 21 0 
193 461 19 0 
193 310 12 0 
193 230 23 0 
193 226 15 0 
193 208 27 0 
194 499 34 0 
194 375 17 0 
194 282 29 0 
195 225 39 0 
196 579 45 0 
196 510 16 0 
196 505 43 0 
197 566 4 0 
197 344 15 0 
197 215 12 0 
198 599 26 0 
198 547 19 0 
198 535 12 0 
198 501 28 0 
200 599 25 0 
200 547 25 0 
200 506 14 0 
200 405 19 0 
200 213 14 0 
201 580 32 0 
201 573 11 0 
201 497 13 0 
201 408 28 0 
201 398 26 0 
201 219 26 0 
202 599 19 0 
202 436 25 0 
203 381 30 0 
203 244 13 0 
204 381 55 0 
204 311 8 0 
204 250 40 0 
204 206 7 0 
205 535 12 0 
205 530 54 0 
205 520 18 0 
205 467 46 0 
205 385 19 0 
206 445 60 0 
206 335 36 0 
206 311 13 0 
206 256 32 0 
207 487 12 0 
207 385 38 0 
207 290 6 0 
208 343 35 0 
208 321 29 0 
208 238 30 0 
209 593 9 0 
209 533 30 0 
209 428 9 0 
209 319 21 0 
209 287 17 0 
210 582 19 0 
210 549 23 0 
210 334 29 0 
211 419 34 0 
212 351 1 0 
213 548 9 0 
214 475 37 0 
214 460 23 0 
214 359 15 0 
214 315 35 0 
216 598 11 0 
216 439 26 0 
217 258 19 0 
218 570 36 0 
218 484 40 0 
218 459 24 0 
218 365 57 0 
218 337 29 0 
218 274 26 0 
218 245 19 0 
219 399 13 0 
220 570 20 0 
220 496 34 0 
220 471 33 0 
220 437 9 0 
221 573 7 0 
221 292 20 0 
221 284 11 0 
222 530 42 0 
222 244 6 0 
223 508 35 0 
223 415 21 0 
223 336 20 0 
224 276 36 0 
224 232 5 0 
225 540 34 0 
225 291 32 0 
225 257 39 0 
226 506 45 0 
226 377 28 0 
226 296 22 0 
226 234 18 0 
227 526 7 0 
227 413 26 0 
227 314 12 0 
227 293 40 0 
228 504 30 0 
228 300 26 0 
229 594 32 0 
229 398 52 0 
229 348 24 0 
229 321 32 0 
229 277 38 0 
230 585 27 0 
230 466 12 0 
231 514 9 0 
231 325 14 0 
232 526 14 0 
233 574 39 0 
233 484 25 0 
234 383 46 0 
235 590 44 0 
236 505 30 0 
236 502 32 0 
236 481 34 0 
236 476 30 0 
236 426 32 0 
236 364 35 0 
237 574 46 0 
237 479 47 0 
237 444 45 0 
237 394 19 0 
237 350 12 0 
238 546 38 0 
238 518 17 0 
238 363 25 0 
238 316 7 0 
239 595 54 0 
239 574 46 0 
239 291 27 0 
240 454 37 0 
240 241 9 0 
241 587 40 0 
242 442 32 0 
242 351 24 0 
243 363 42 0 
243 347 30 0 
244 562 23 0 
244 455 14 0 
245 573 17 0 
245 358 28 0 
245 352 26 0 
246 404 26 0 
247 562 37 0 
247 561 45 0 
247 465 15 0 
247 391 29 0 
247 346 36 0 
247 312 42 0 
248 369 6 0 
248 301 7 0 
248 299 22 0 
249 537 24 0 
249 536 13 0 
249 446 39 0 
249 304 30 0 
250 539 22 0 
250 402 23 0 
250 400 37 0 
251 574 16 0 
251 534 45 0 
251 452 29 0 
252 544 22 0 
252 497 26 0 
252 425 24 0 
253 584 28 0 
253 561 53 0 
253 533 42 0 
253 500 55 0 
253 344 29 0 
254 572 14 0 
254 527 3 0 
254 498 20 0 
255 507 47 0 
255 432 42 0 
255 377 40 0 
255 346 41 0 
255 305 48 0 
256 503 26 0 
256 456 31 0 
256 400 35 0 
256 377 32 0 
257 321 12 0 
257 290 31 0 
258 480 39 0 
258 382 21 0 
259 596 26 0 
259 553 17 0 
259 521 13 0 
259 520 18 0 
259 386 24 0 
259 368 15 0 
259 327 12 0 
260 517 6 0 
260 480 23 0 
261 597 46 0 
261 459 23 0 
261 432 53 0 
261 330 10 0 
261 315 47 0 
262 426 20 0 
262 386 14 0 
262 264 34 0 
263 357 16 0 
263 351 31 0 
264 592 39 0 
264 528 31 0 
264 475 30 0 
264 352 33 0 
265 557 51 0 
266 410 10 0 
266 397 25 0 
267 584 29 0 
267 471 19 0 
267 365 55 0 
268 526 31 0 
268 521 19 0 
268 507 43 0 
268 405 18 0 
268 394 16 0 
268 302 21 0 
268 288 27 0 
269 493 19 0 
269 453 46 0 
270 553 47 0 
270 490 37 0 
270 443 20 0 
270 418 21 0 
270 374 29 0 
271 528 38 0 
271 505 21 0 
271 429 32 0 
271 303 46 0 
272 416 47 0 
272 399 22 0 
272 378 41 0 
273 500 10 0 
274 298 25 0 
275 447 3 0 
276 585 25 0 
276 479 13 0 
277 452 16 0 
277 353 16 0 
278 563 25 0 
278 519 20 0 
279 528 19 0 
279 388 14 0 
280 439 35 0 
280 426 41 0 
281 509 9 0 
281 501 35 0 
281 353 29 0 
282 543 20 0 
282 402 16 0 
283 536 33 0 
283 353 23 0 
284 486 29 0 
284 386 41 0 
285 523 18 0 
285 476 10 0 
286 593 8 0 
286 512 34 0 
286 294 40 0 
287 397 17 0 
288 591 34 0 
288 568 41 0 
288 329 11 0 
289 508 47 0 
289 432 34 0 
290 371 15 0 
290 361 18 0 
291 436 23 0 
291 370 17 0 
292 573 16 0 
292 500 28 0 
292 418 5 0 
293 296 41 0 
294 469 44 0 
296 448 19 0 
296 391 18 0 
296 345 23 0 
298 399 9 0 
298 395 42 0 
300 501 30 0 
300 500 18 0 
300 442 23 0 
300 336 26 0 
301 536 15 0 
301 520 16 0 
301 349 56 0 
301 339 11 0 
302 597 18 0 
302 458 21 0 
302 390 37 0 
303 336 31 0 
306 550 32 0 
306 486 13 0 
307 569 21 0 
308 434 9 0 
309 480 42 0 
309 471 31 0 
310 466 22 0 
310 453 20 0 
310 415 12 0 
311 595 24 0 
311 590 38 0 
311 389 42 0 
313 583 17 0 
313 574 41 0 
313 572 30 0 
313 551 11 0 
313 452 14 0 
313 375 38 0 
315 408 47 0 
316 451 31 0 
316 321 8 0 
317 587 45 0 
318 516 22 0 
318 352 47 0 
319 522 10 0 
319 425 1 0 
319 423 38 0 
320 524 13 0 
320 482 12 0 
320 369 37 0 
321 520 8 0 
321 495 19 0 
321 435 41 0 
321 409 23 0 
321 382 24 0 
321 328 47 0 
322 575 60 0 
322 442 42 0 
323 471 25 0 
324 542 21 0 
325 536 31 0 
325 478 26 0 
325 452 6 0 
326 484 9 0 
327 595 30 0 
327 524 32 0 
327 515 33 0 
327 492 8 0 
327 361 28 0 
328 564 43 0 
328 534 9 0 
329 583 41 0 
329 512 32 0 
329 439 11 0 
330 532 28 0 
330 431 32 0 
330 428 19 0 
331 476 36 0 
331 475 36 0 
331 457 21 0 
332 452 26 0 
332 443 40 0 
332 361 32 0 
332 338 47 0 
333 396 39 0 
334 559 12 0 
334 479 24 0 
334 395 24 0 
334 352 38 0 
336 503 6 0 
336 397 25 0 
338 535 21 0 
338 396 26 0 
339 529 42 0 
339 455 25 0 
339 433 14 0 
340 580 40 0 
340 548 6 0 
341 557 39 0 
342 469 36 0 
343 527 46 0 
344 531 19 0 
345 523 4 0 
345 499 4 0 
345 492 25 0 
345 444 2 0 
345 414 28 0 
345 401 22 0 
345 386 25 0 
346 450 23 0 
346 395 50 0 
346 364 25 0 
347 509 22 0 
347 407 43 0 
348 552 18 0 
348 389 41 0 
348 371 28 0 
349 519 32 0 
349 508 23 0 
350 390 29 0 
351 509 14 0 
351 416 41 0 
351 358 35 0 
352 515 48 0 
352 499 14 0 
353 571 22 0 
353 485 10 0 
354 557 13 0 
354 536 30 0 
354 465 15 0 
355 563 22 0 
355 433 2 0 
356 397 34 0 
357 491 29 0 
358 542 31 0 
359 552 33 0 
359 470 36 0 
359 424 16 0 
360 531 32 0 
361 389 36 0 
361 375 32 0 
363 539 4 0 
363 425 27 0 
364 552 13 0 
364 487 19 0 
364 439 22 0 
364 435 26 0 
364 378 25 0 
366 571 13 0 
366 558 38 0 
367 589 38 0 
368 596 39 0 
368 572 21 0 
368 502 43 0 
368 459 20 0 
369 467 33 0 
369 388 19 0 
370 372 30 0 
371 448 15 0 
371 399 10 0 
371 381 21 0 
372 441 31 0 
372 392 31 0 
377 573 8 0 
378 456 35 0 
378 415 20 0 
379 526 16 0 
379 455 6 0 
380 447 31 0 
381 570 37 0 
381 417 42 0 
381 383 43 0 
382 516 4 0 
384 412 40 0 
385 597 32 0 
385 478 22 0 
385 438 21 0 
386 551 27 0 
386 444 28 0 
387 568 12 0 
390 565 9 0 
390 553 28 0 
390 481 40 0 
391 535 13 0 
391 524 31 0 
392 483 20 0 
394 540 36 0 
394 483 17 0 
395 449 46 0 
396 516 25 0 
396 469 44 0 
397 466 35 0 
398 560 15 0 
398 477 5 0 
399 400 29 0 
401 497 4 0 
402 594 34 0 
404 531 42 0 
406 556 14 0 
407 538 44 0 
407 433 38 0 
408 535 30 0 
408 451 12 0 
410 573 25 0 
410 564 19 0 
410 489 20 0 
410 459 16 0 
411 573 37 0 
411 531 13 0 
411 526 24 0 
413 598 23 0 
413 467 36 0 
414 477 13 0 
415 560 4 0 
416 511 15 0 
417 577 15 0 
417 557 30 0 
417 535 30 0 
418 452 24 0 
421 453 9 0 
423 461 17 0 
424 541 48 0 
425 569 14 0 
425 538 34 0 
425 520 13 0 
425 435 26 0 
426 438 27 0 
427 533 23 0 
427 432 34 0 
429 535 39 0 
429 448 16 0 
434 491 15 0 
436 564 11 0 
436 488 28 0 
439 493 16 0 
439 447 37 0 
440 531 31 0 
441 530 46 0 
442 594 17 0 
442 489 18 0 
443 599 15 0 
443 555 21 0 
444 509 33 0 
446 573 32 0 
446 561 8 0 
447 553 7 0 
448 474 13 0 
449 508 36 0 
450 484 32 0 
451 539 41 0 
452 536 30 0 
453 523 25 0 
454 590 38 0 
454 543 54 0 
455 547 34 0 
456 509 12 0 
459 533 17 0 
460 560 11 0 
460 550 46 0 
460 511 13 0 
464 579 14 0 
465 510 6 0 
467 553 20 0 
467 501 7 0 
468 588 31 0 
471 545 17 0 
471 500 30 0 
471 480 11 0 
475 511 28 0 
476 544 27 0 
477 538 33 0 
478 558 35 0 
478 527 29 0 
480 598 23 0 
481 576 10 0 
481 510 14 0 
482 490 9 0 
485 582 29 0 
485 534 24 0 
486 516 10 0 
488 528 21 0 
489 591 33 0 
489 544 21 0 
490 578 28 0 
491 539 12 0 
491 521 16 0 
491 520 9 0 
492 556 19 0 
494 495 29 0 
495 537 13 0 
495 509 23 0 
501 554 39 0 
503 558 24 0 
505 560 24 0 
506 556 27 0 
508 544 17 0 
510 577 13 0 
510 521 21 0 
513 536 44 0 
514 518 10 0 
517 555 7 0 
518 552 29 0 
519 552 34 0 
521 550 24 0 
526 599 40 0 
526 563 52 0 
529 533 19 0 
530 534 12 0 
531 574 45 0 
531 572 24 0 
533 596 38 0 
533 553 25 0 
538 587 28 0 
540 567 16 0 
542 597 44 0 
543 585 48 0 
543 579 28 0 
543 561 8 0 
545 582 8 0 
549 550 26 0 
552 576 34 0 
553 585 31 0 
557 596 25 0 
558 597 41 0 
559 594 15 0 
559 570 21 0 
562 596 7 0 
563 590 32 0 
564 574 25 0 
572 584 18 0 
579 592 22 0 
586 599 14 0 
598 599 13 0 
