#GRAPH (#nodes #edges id uu vv ww xx yy zz):
#600 2628 geo(0,{600,50,3,0.007,0.000,0.000}) 50 
#
VERTICES (index name u v w x y z):
0 0 46 20 
1 1 3 5 
2 2 0 40 
3 3 23 7 
4 4 7 42 
5 5 3 11 
6 6 9 44 
7 7 46 37 
8 8 41 49 
9 9 44 39 
10 10 34 25 
11 11 35 6 
12 12 13 29 
13 13 2 22 
14 14 43 6 
15 15 14 7 
16 16 48 12 
17 17 21 44 
18 18 25 44 
19 19 29 45 
20 20 37 1 
21 21 15 38 
22 22 0 30 
23 23 13 49 
24 24 31 36 
25 25 46 45 
26 26 36 36 
27 27 45 0 
28 28 5 3 
29 29 38 19 
30 30 46 12 
31 31 0 4 
32 32 25 42 
33 33 46 36 
34 34 38 8 
35 35 46 15 
36 36 19 29 
37 37 12 28 
38 38 41 9 
39 39 46 33 
40 40 37 45 
41 41 9 32 
42 42 5 25 
43 43 20 22 
44 44 11 3 
45 45 20 35 
46 46 39 24 
47 47 28 13 
48 48 25 4 
49 49 34 26 
50 50 8 30 
51 51 40 5 
52 52 11 9 
53 53 49 39 
54 54 35 24 
55 55 1 16 
56 56 24 38 
57 57 46 43 
58 58 6 11 
59 59 21 0 
60 60 11 44 
61 61 45 41 
62 62 43 7 
63 63 46 13 
64 64 20 17 
65 65 29 5 
66 66 22 24 
67 67 2 28 
68 68 14 13 
69 69 32 16 
70 70 33 5 
71 71 48 28 
72 72 2 23 
73 73 13 5 
74 74 22 12 
75 75 33 49 
76 76 6 24 
77 77 28 41 
78 78 9 11 
79 79 41 31 
80 80 16 40 
81 81 41 2 
82 82 37 4 
83 83 5 42 
84 84 31 21 
85 85 23 32 
86 86 0 16 
87 87 30 26 
88 88 48 39 
89 89 33 16 
90 90 13 15 
91 91 36 37 
92 92 40 42 
93 93 7 20 
94 94 11 24 
95 95 15 15 
96 96 2 48 
97 97 34 22 
98 98 3 21 
99 99 0 34 
100 100 36 6 
101 101 6 27 
102 102 42 29 
103 103 25 33 
104 104 27 37 
105 105 48 0 
106 106 13 28 
107 107 11 49 
108 108 11 34 
109 109 30 11 
110 110 2 27 
111 111 26 18 
112 112 37 5 
113 113 47 45 
114 114 18 2 
115 115 22 23 
116 116 2 2 
117 117 31 16 
118 118 36 47 
119 119 39 0 
120 120 38 25 
121 121 33 13 
122 122 32 43 
123 123 6 33 
124 124 19 24 
125 125 22 25 
126 126 11 41 
127 127 20 45 
128 128 35 31 
129 129 33 47 
130 130 29 37 
131 131 46 38 
132 132 2 32 
133 133 37 48 
134 134 40 22 
135 135 9 17 
136 136 27 8 
137 137 0 26 
138 138 10 9 
139 139 14 39 
140 140 19 25 
141 141 42 45 
142 142 0 38 
143 143 35 10 
144 144 24 13 
145 145 5 18 
146 146 26 33 
147 147 14 38 
148 148 24 14 
149 149 1 39 
150 150 10 47 
151 151 4 17 
152 152 49 33 
153 153 31 44 
154 154 36 39 
155 155 27 40 
156 156 26 16 
157 157 11 18 
158 158 19 6 
159 159 34 0 
160 160 49 19 
161 161 10 43 
162 162 31 7 
163 163 29 0 
164 164 25 37 
165 165 44 17 
166 166 3 29 
167 167 18 43 
168 168 3 15 
169 169 34 9 
170 170 14 14 
171 171 31 34 
172 172 23 34 
173 173 40 40 
174 174 12 40 
175 175 0 9 
176 176 24 10 
177 177 4 13 
178 178 41 36 
179 179 49 26 
180 180 35 30 
181 181 12 26 
182 182 46 8 
183 183 32 21 
184 184 45 42 
185 185 43 24 
186 186 24 34 
187 187 12 42 
188 188 15 48 
189 189 41 41 
190 190 26 11 
191 191 34 3 
192 192 7 4 
193 193 25 1 
194 194 44 18 
195 195 34 40 
196 196 23 27 
197 197 25 5 
198 198 16 19 
199 199 5 32 
200 200 30 2 
201 201 37 20 
202 202 40 43 
203 203 2 3 
204 204 34 7 
205 205 25 24 
206 206 47 40 
207 207 30 0 
208 208 16 38 
209 209 16 2 
210 210 27 6 
211 211 10 10 
212 212 1 28 
213 213 17 29 
214 214 8 1 
215 215 27 34 
216 216 11 25 
217 217 0 12 
218 218 8 6 
219 219 3 41 
220 220 13 35 
221 221 38 13 
222 222 28 39 
223 223 45 44 
224 224 17 41 
225 225 8 42 
226 226 19 28 
227 227 30 9 
228 228 8 34 
229 229 39 11 
230 230 47 33 
231 231 22 15 
232 232 7 44 
233 233 15 3 
234 234 41 14 
235 235 37 34 
236 236 33 46 
237 237 10 48 
238 238 24 24 
239 239 21 25 
240 240 47 39 
241 241 33 34 
242 242 41 45 
243 243 26 1 
244 244 31 45 
245 245 7 11 
246 246 11 13 
247 247 19 3 
248 248 39 17 
249 249 22 13 
250 250 14 12 
251 251 27 13 
252 252 33 9 
253 253 22 34 
254 254 49 5 
255 255 1 2 
256 256 3 48 
257 257 46 34 
258 258 18 3 
259 259 24 12 
260 260 39 13 
261 261 17 4 
262 262 6 47 
263 263 18 33 
264 264 27 25 
265 265 6 6 
266 266 31 41 
267 267 15 13 
268 268 15 17 
269 269 4 46 
270 270 39 2 
271 271 31 5 
272 272 46 9 
273 273 8 23 
274 274 7 13 
275 275 0 46 
276 276 34 17 
277 277 15 34 
278 278 5 6 
279 279 31 33 
280 280 31 15 
281 281 22 8 
282 282 37 35 
283 283 22 32 
284 284 21 11 
285 285 5 39 
286 286 3 12 
287 287 13 37 
288 288 25 3 
289 289 17 15 
290 290 48 43 
291 291 21 20 
292 292 12 8 
293 293 16 37 
294 294 40 6 
295 295 48 26 
296 296 28 14 
297 297 0 1 
298 298 29 47 
299 299 30 42 
300 300 22 21 
301 301 28 18 
302 302 13 6 
303 303 47 31 
304 304 1 46 
305 305 5 27 
306 306 29 15 
307 307 9 36 
308 308 7 5 
309 309 42 10 
310 310 31 6 
311 311 39 14 
312 312 6 35 
313 313 43 25 
314 314 34 48 
315 315 3 8 
316 316 4 5 
317 317 23 33 
318 318 4 48 
319 319 45 43 
320 320 5 31 
321 321 2 49 
322 322 39 3 
323 323 47 13 
324 324 34 24 
325 325 4 28 
326 326 6 17 
327 327 13 12 
328 328 36 31 
329 329 3 10 
330 330 48 20 
331 331 32 31 
332 332 9 15 
333 333 6 1 
334 334 12 24 
335 335 48 17 
336 336 8 29 
337 337 13 9 
338 338 5 49 
339 339 18 16 
340 340 26 41 
341 341 48 33 
342 342 45 48 
343 343 6 42 
344 344 30 6 
345 345 43 18 
346 346 12 21 
347 347 8 0 
348 348 15 28 
349 349 1 7 
350 350 47 41 
351 351 25 46 
352 352 5 23 
353 353 47 44 
354 354 19 5 
355 355 27 17 
356 356 0 49 
357 357 21 34 
358 358 28 38 
359 359 41 37 
360 360 38 17 
361 361 10 27 
362 362 1 8 
363 363 10 40 
364 364 15 42 
365 365 33 29 
366 366 18 31 
367 367 10 23 
368 368 37 18 
369 369 34 29 
370 370 39 5 
371 371 15 6 
372 372 34 10 
373 373 17 10 
374 374 31 32 
375 375 36 24 
376 376 3 23 
377 377 32 39 
378 378 47 0 
379 379 34 42 
380 380 43 5 
381 381 15 5 
382 382 30 46 
383 383 16 3 
384 384 9 39 
385 385 3 1 
386 386 43 32 
387 387 39 8 
388 388 45 19 
389 389 21 35 
390 390 24 45 
391 391 34 16 
392 392 4 30 
393 393 39 41 
394 394 8 13 
395 395 5 13 
396 396 2 34 
397 397 29 11 
398 398 10 14 
399 399 34 39 
400 400 10 3 
401 401 12 36 
402 402 17 35 
403 403 10 42 
404 404 42 18 
405 405 36 26 
406 406 2 0 
407 407 0 17 
408 408 48 47 
409 409 15 31 
410 410 13 27 
411 411 25 11 
412 412 31 47 
413 413 32 49 
414 414 11 45 
415 415 17 2 
416 416 46 47 
417 417 46 16 
418 418 20 3 
419 419 20 16 
420 420 0 2 
421 421 6 48 
422 422 20 23 
423 423 46 26 
424 424 16 8 
425 425 36 1 
426 426 7 25 
427 427 47 48 
428 428 3 34 
429 429 41 39 
430 430 11 0 
431 431 26 31 
432 432 39 35 
433 433 12 33 
434 434 43 31 
435 435 17 11 
436 436 27 42 
437 437 38 10 
438 438 37 6 
439 439 31 29 
440 440 35 9 
441 441 37 2 
442 442 22 0 
443 443 15 37 
444 444 41 26 
445 445 30 39 
446 446 16 7 
447 447 1 12 
448 448 28 42 
449 449 29 35 
450 450 4 24 
451 451 33 31 
452 452 1 40 
453 453 16 31 
454 454 15 44 
455 455 33 39 
456 456 23 4 
457 457 9 28 
458 458 44 10 
459 459 20 28 
460 460 20 8 
461 461 12 37 
462 462 47 36 
463 463 13 8 
464 464 35 41 
465 465 35 23 
466 466 48 18 
467 467 3 9 
468 468 19 44 
469 469 38 37 
470 470 8 39 
471 471 17 40 
472 472 26 22 
473 473 25 38 
474 474 19 42 
475 475 39 28 
476 476 16 12 
477 477 6 26 
478 478 36 7 
479 479 24 39 
480 480 34 1 
481 481 10 37 
482 482 7 30 
483 483 36 41 
484 484 29 27 
485 485 33 23 
486 486 22 4 
487 487 23 20 
488 488 42 5 
489 489 41 4 
490 490 35 32 
491 491 29 4 
492 492 39 16 
493 493 30 13 
494 494 20 13 
495 495 49 30 
496 496 30 32 
497 497 27 23 
498 498 39 10 
499 499 18 13 
500 500 6 2 
501 501 48 1 
502 502 18 47 
503 503 22 37 
504 504 49 9 
505 505 46 32 
506 506 22 27 
507 507 2 44 
508 508 44 23 
509 509 42 22 
510 510 23 26 
511 511 32 42 
512 512 32 6 
513 513 14 16 
514 514 48 13 
515 515 1 45 
516 516 14 17 
517 517 16 13 
518 518 22 43 
519 519 11 7 
520 520 8 14 
521 521 26 8 
522 522 31 12 
523 523 6 4 
524 524 27 33 
525 525 12 11 
526 526 9 31 
527 527 11 6 
528 528 0 23 
529 529 25 34 
530 530 15 4 
531 531 43 23 
532 532 24 3 
533 533 27 32 
534 534 39 38 
535 535 20 41 
536 536 16 44 
537 537 44 14 
538 538 21 19 
539 539 45 39 
540 540 11 26 
541 541 47 42 
542 542 4 37 
543 543 32 32 
544 544 41 0 
545 545 17 24 
546 546 46 7 
547 547 47 7 
548 548 1 4 
549 549 21 37 
550 550 38 23 
551 551 6 10 
552 552 28 26 
553 553 33 42 
554 554 42 0 
555 555 9 48 
556 556 14 9 
557 557 7 26 
558 558 12 48 
559 559 8 24 
560 560 16 25 
561 561 47 14 
562 562 26 3 
563 563 26 17 
564 564 40 31 
565 565 15 26 
566 566 23 11 
567 567 26 20 
568 568 31 42 
569 569 28 17 
570 570 23 44 
571 571 39 39 
572 572 15 8 
573 573 18 17 
574 574 47 25 
575 575 40 29 
576 576 10 4 
577 577 24 26 
578 578 7 34 
579 579 39 25 
580 580 46 49 
581 581 19 19 
582 582 13 1 
583 583 34 2 
584 584 40 3 
585 585 46 11 
586 586 17 26 
587 587 10 39 
588 588 48 16 
589 589 33 27 
590 590 47 3 
591 591 23 21 
592 592 17 23 
593 593 42 48 
594 594 14 37 
595 595 48 31 
596 596 32 20 
597 597 37 33 
598 598 18 34 
599 599 46 23 
#
EDGES (from-node to-node length a b):
0 591 23 0 
0 423 6 0 
0 368 9 0 
0 129 30 0 
1 267 14 0 
1 121 31 0 
1 102 46 0 
2 494 34 0 
2 358 28 0 
2 297 39 0 
3 400 14 0 
4 499 31 0 
4 491 44 0 
4 371 37 0 
4 128 30 0 
5 358 37 0 
5 288 23 0 
5 251 24 0 
5 164 34 0 
5 132 21 0 
5 53 54 0 
6 563 32 0 
6 365 28 0 
7 292 45 0 
7 226 28 0 
7 163 41 0 
7 101 41 0 
7 10 17 0 
8 569 35 0 
8 440 40 0 
8 408 7 0 
8 404 31 0 
8 261 51 0 
8 219 39 0 
8 149 41 0 
9 582 49 0 
9 388 20 0 
10 168 33 0 
11 549 34 0 
11 509 17 0 
11 486 13 0 
11 463 22 0 
11 403 44 0 
11 386 27 0 
11 229 6 0 
11 86 36 0 
12 451 20 0 
12 359 29 0 
13 409 16 0 
13 263 19 0 
13 127 29 0 
13 63 45 0 
14 559 39 0 
14 473 37 0 
14 388 13 0 
14 281 21 0 
14 171 30 0 
14 156 20 0 
15 506 22 0 
15 359 40 0 
15 258 6 0 
15 193 13 0 
15 26 36 0 
16 563 23 0 
16 556 34 0 
16 553 34 0 
16 514 1 0 
16 437 10 0 
16 427 36 0 
17 573 27 0 
17 411 33 0 
17 263 11 0 
17 143 37 0 
18 473 6 0 
18 258 42 0 
18 237 16 0 
18 82 42 0 
19 514 37 0 
19 345 30 0 
19 202 11 0 
19 185 25 0 
19 84 24 0 
20 334 34 0 
20 303 32 0 
20 285 50 0 
21 546 44 0 
22 594 16 0 
22 528 7 0 
22 243 39 0 
22 169 40 0 
22 46 39 0 
22 39 46 0 
23 330 45 0 
23 254 57 0 
23 119 55 0 
23 115 28 0 
24 90 28 0 
24 73 36 0 
24 49 10 0 
25 345 27 0 
25 288 47 0 
26 339 27 0 
26 137 37 0 
26 135 33 0 
26 86 41 0 
27 555 60 0 
27 317 40 0 
27 214 37 0 
28 592 23 0 
29 173 21 0 
29 108 31 0 
29 41 32 0 
30 556 32 0 
30 541 30 0 
30 360 9 0 
30 189 29 0 
30 147 41 0 
30 127 42 0 
30 50 42 0 
31 547 47 0 
31 492 41 0 
31 426 22 0 
31 382 52 0 
31 332 14 0 
31 236 53 0 
31 57 60 0 
32 522 31 0 
32 504 41 0 
32 287 13 0 
32 190 31 0 
32 43 21 0 
33 315 51 0 
33 299 17 0 
33 127 28 0 
34 417 11 0 
34 271 8 0 
34 116 36 0 
35 586 31 0 
35 419 26 0 
35 300 25 0 
36 441 32 0 
36 438 29 0 
36 363 14 0 
36 268 13 0 
36 168 21 0 
37 547 41 0 
37 336 4 0 
37 219 16 0 
37 213 5 0 
38 592 28 0 
38 573 24 0 
38 496 25 0 
38 445 32 0 
38 390 40 0 
38 286 38 0 
38 278 36 0 
38 252 8 0 
39 588 17 0 
39 464 14 0 
39 436 21 0 
39 397 28 0 
39 266 17 0 
40 558 25 0 
40 390 13 0 
40 389 19 0 
40 360 28 0 
40 286 47 0 
40 110 39 0 
40 81 43 0 
41 338 17 0 
41 187 10 0 
42 470 14 0 
42 372 33 0 
42 365 28 0 
42 268 13 0 
42 131 43 0 
43 516 8 0 
43 455 21 0 
43 421 30 0 
43 144 10 0 
43 100 23 0 
44 543 36 0 
44 403 39 0 
44 356 47 0 
44 177 12 0 
45 259 23 0 
45 249 22 0 
45 141 24 0 
46 399 16 0 
46 365 8 0 
46 228 33 0 
46 216 28 0 
46 120 1 0 
47 413 36 0 
47 346 18 0 
47 311 11 0 
47 190 3 0 
47 168 25 0 
47 77 28 0 
48 487 16 0 
48 342 48 0 
48 326 23 0 
49 418 27 0 
49 394 29 0 
49 339 19 0 
49 274 30 0 
49 198 19 0 
49 86 35 0 
50 452 12 0 
50 75 31 0 
51 528 44 0 
51 514 11 0 
51 370 1 0 
51 244 41 0 
51 96 57 0 
52 271 20 0 
52 269 38 0 
52 236 43 0 
52 120 31 0 
53 463 48 0 
53 462 4 0 
53 421 44 0 
53 351 25 0 
53 305 46 0 
53 213 34 0 
53 160 20 0 
53 104 22 0 
54 458 17 0 
54 440 15 0 
54 413 25 0 
54 309 16 0 
54 293 23 0 
55 547 47 0 
55 368 36 0 
55 326 5 0 
55 76 9 0 
56 561 33 0 
56 376 26 0 
56 375 18 0 
56 373 29 0 
56 369 13 0 
56 276 23 0 
57 528 50 0 
57 492 28 0 
57 241 16 0 
57 121 33 0 
58 513 9 0 
58 496 32 0 
58 457 17 0 
58 192 7 0 
59 122 44 0 
59 72 30 0 
59 64 17 0 
60 520 30 0 
60 502 8 0 
60 403 2 0 
60 376 22 0 
60 353 36 0 
60 311 41 0 
60 281 38 0 
60 276 35 0 
60 208 8 0 
60 163 48 0 
61 366 29 0 
61 310 38 0 
61 220 33 0 
61 157 41 0 
61 74 37 0 
62 588 10 0 
62 541 35 0 
62 503 37 0 
63 475 17 0 
63 424 30 0 
63 380 9 0 
63 323 1 0 
63 162 16 0 
64 191 20 0 
65 492 15 0 
66 490 15 0 
66 388 24 0 
66 354 19 0 
66 335 27 0 
66 325 18 0 
67 393 39 0 
67 107 23 0 
67 78 18 0 
68 538 9 0 
68 157 6 0 
69 192 28 0 
69 177 28 0 
69 143 7 0 
70 586 26 0 
70 562 7 0 
70 555 49 0 
70 498 8 0 
70 224 39 0 
70 132 41 0 
71 598 31 0 
71 439 17 0 
71 327 38 0 
72 453 16 0 
72 400 22 0 
72 393 41 0 
72 383 24 0 
72 313 41 0 
72 188 28 0 
72 114 26 0 
73 503 33 0 
73 452 37 0 
73 418 7 0 
74 586 15 0 
74 467 19 0 
74 321 42 0 
74 94 16 0 
75 586 28 0 
75 463 46 0 
75 458 41 0 
76 417 41 0 
76 410 8 0 
76 223 44 0 
76 199 8 0 
76 158 22 0 
76 123 9 0 
77 351 6 0 
77 211 36 0 
77 154 8 0 
77 106 20 0 
78 384 28 0 
78 337 4 0 
79 345 13 0 
79 277 26 0 
79 172 18 0 
80 590 48 0 
80 498 38 0 
80 444 29 0 
80 308 36 0 
80 227 34 0 
80 139 2 0 
81 532 17 0 
82 484 24 0 
82 356 58 0 
82 207 8 0 
83 421 6 0 
83 363 5 0 
83 357 18 0 
83 228 9 0 
83 181 17 0 
83 152 45 0 
83 124 23 0 
83 87 30 0 
84 235 14 0 
84 184 25 0 
84 164 17 0 
84 106 19 0 
85 228 15 0 
85 166 20 0 
86 552 30 0 
86 458 44 0 
86 387 40 0 
87 308 31 0 
87 275 36 0 
87 116 37 0 
88 512 37 0 
88 489 36 0 
88 351 24 0 
88 269 45 0 
89 532 16 0 
89 500 30 0 
89 109 6 0 
90 350 43 0 
90 328 28 0 
90 302 9 0 
91 580 16 0 
91 459 18 0 
91 166 34 0 
91 118 10 0 
91 112 32 0 
91 111 21 0 
92 394 43 0 
92 122 8 0 
93 585 40 0 
93 457 8 0 
93 291 14 0 
93 97 27 0 
94 487 13 0 
94 486 23 0 
94 231 14 0 
94 188 24 0 
94 148 16 0 
95 572 7 0 
95 406 20 0 
95 113 44 0 
96 579 44 0 
96 507 4 0 
96 468 17 0 
96 135 32 0 
97 588 15 0 
97 273 26 0 
97 249 15 0 
97 243 22 0 
98 411 24 0 
98 335 45 0 
98 292 16 0 
98 101 7 0 
99 556 29 0 
99 472 29 0 
99 460 33 0 
99 447 22 0 
99 341 48 0 
99 112 47 0 
100 505 28 0 
101 509 36 0 
101 210 30 0 
101 116 25 0 
103 246 24 0 
103 126 16 0 
104 545 16 0 
105 595 31 0 
105 473 44 0 
105 430 37 0 
105 126 55 0 
106 488 37 0 
106 249 17 0 
107 384 10 0 
107 374 26 0 
107 133 26 0 
108 519 27 0 
109 371 16 0 
109 368 10 0 
109 254 20 0 
110 456 31 0 
110 348 13 0 
110 311 39 0 
110 229 40 0 
110 192 24 0 
111 437 14 0 
111 422 8 0 
111 273 19 0 
112 579 20 0 
112 482 39 0 
112 420 37 0 
112 355 16 0 
112 144 15 0 
112 114 19 0 
113 590 42 0 
113 422 35 0 
113 226 33 0 
113 166 47 0 
114 370 21 0 
114 276 22 0 
115 526 15 0 
115 262 29 0 
116 296 29 0 
116 287 37 0 
116 282 48 0 
117 430 26 0 
117 234 10 0 
118 583 45 0 
118 524 17 0 
118 424 44 0 
119 539 39 0 
119 241 35 0 
119 152 34 0 
120 450 34 0 
120 222 17 0 
120 165 10 0 
121 320 33 0 
122 523 47 0 
123 565 11 0 
123 400 30 0 
123 370 43 0 
123 133 34 0 
124 488 30 0 
124 400 23 0 
124 220 13 0 
125 499 13 0 
125 259 13 0 
125 147 15 0 
126 484 23 0 
126 384 3 0 
127 503 8 0 
127 434 27 0 
127 370 44 0 
127 368 32 0 
127 245 36 0 
128 151 34 0 
129 185 25 0 
129 135 38 0 
130 335 28 0 
130 173 11 0 
130 172 7 0 
131 437 29 0 
131 276 24 0 
132 446 29 0 
132 284 28 0 
133 437 38 0 
133 362 54 0 
133 319 9 0 
133 297 60 0 
134 493 13 0 
134 369 9 0 
135 383 16 0 
135 338 32 0 
135 309 34 0 
135 251 18 0 
136 545 19 0 
136 392 32 0 
136 346 20 0 
138 496 30 0 
138 277 25 0 
139 194 37 0 
140 511 21 0 
140 498 25 0 
140 481 15 0 
140 326 15 0 
141 514 33 0 
141 403 32 0 
141 358 16 0 
141 275 42 0 
141 151 47 0 
141 147 29 0 
141 142 43 0 
142 478 48 0 
143 573 18 0 
143 543 22 0 
143 529 26 0 
143 410 28 0 
143 349 34 0 
144 588 24 0 
144 424 9 0 
144 423 26 0 
144 294 17 0 
144 156 4 0 
145 353 49 0 
145 322 37 0 
145 158 18 0 
146 541 23 0 
146 518 11 0 
146 464 12 0 
146 309 28 0 
146 290 24 0 
146 188 19 0 
147 552 18 0 
147 459 12 0 
147 305 14 0 
147 211 28 0 
148 485 13 0 
148 427 41 0 
148 319 36 0 
148 216 17 0 
148 203 25 0 
149 369 34 0 
149 321 10 0 
150 379 25 0 
150 351 15 0 
150 337 38 0 
150 201 38 0 
151 398 7 0 
152 388 15 0 
152 378 33 0 
152 288 38 0 
152 282 12 0 
153 587 22 0 
153 502 13 0 
153 410 25 0 
154 512 33 0 
154 489 35 0 
154 375 15 0 
154 299 7 0 
155 543 9 0 
155 343 21 0 
155 341 22 0 
155 227 31 0 
156 179 25 0 
157 500 17 0 
157 320 14 0 
157 244 34 0 
158 480 16 0 
158 343 38 0 
159 517 22 0 
159 503 39 0 
159 478 7 0 
160 443 38 0 
160 427 29 0 
160 297 52 0 
161 592 21 0 
161 447 32 0 
161 203 41 0 
161 187 2 0 
161 177 31 0 
162 558 45 0 
162 547 16 0 
162 371 16 0 
163 495 36 0 
163 478 10 0 
163 191 6 0 
164 463 31 0 
164 456 33 0 
164 292 32 0 
164 224 9 0 
164 210 31 0 
165 571 23 0 
165 423 9 0 
165 383 31 0 
165 355 17 0 
166 388 43 0 
166 367 9 0 
166 322 44 0 
166 305 3 0 
167 560 18 0 
167 427 29 0 
167 174 7 0 
168 367 11 0 
170 557 14 0 
170 236 37 0 
171 461 19 0 
171 390 13 0 
171 282 6 0 
171 256 31 0 
172 376 23 0 
172 297 40 0 
172 223 24 0 
173 543 11 0 
173 236 9 0 
173 205 22 0 
174 545 17 0 
174 292 32 0 
174 222 16 0 
175 529 35 0 
175 528 14 0 
176 517 9 0 
176 447 23 0 
176 418 8 0 
176 207 12 0 
176 200 10 0 
177 378 45 0 
177 184 50 0 
178 564 5 0 
178 499 33 0 
178 324 14 0 
178 269 38 0 
179 490 15 0 
179 471 35 0 
179 419 31 0 
179 266 23 0 
180 556 30 0 
180 528 36 0 
180 381 32 0 
180 326 32 0 
181 592 6 0 
181 385 27 0 
181 331 21 0 
182 547 1 0 
182 507 57 0 
182 443 42 0 
182 381 31 0 
183 571 19 0 
183 551 28 0 
183 532 20 0 
183 446 21 0 
183 445 18 0 
183 328 11 0 
184 488 37 0 
184 326 46 0 
184 315 54 0 
184 292 47 0 
185 522 17 0 
185 440 17 0 
185 252 18 0 
186 577 8 0 
186 538 15 0 
186 445 8 0 
186 392 20 0 
186 308 34 0 
187 597 27 0 
187 594 5 0 
187 556 33 0 
188 563 33 0 
188 508 38 0 
188 504 52 0 
188 201 36 0 
189 564 10 0 
190 569 6 0 
190 483 32 0 
190 416 41 0 
190 378 24 0 
191 513 24 0 
191 435 19 0 
191 372 7 0 
192 586 24 0 
192 454 41 0 
192 452 36 0 
192 387 32 0 
192 375 35 0 
192 280 26 0 
192 277 31 0 
192 193 18 0 
193 556 14 0 
193 408 51 0 
193 375 25 0 
193 233 10 0 
193 220 36 0 
194 323 6 0 
195 595 17 0 
195 476 33 0 
195 360 23 0 
195 197 36 0 
196 540 12 0 
196 423 23 0 
196 349 30 0 
196 316 29 0 
196 279 10 0 
198 479 22 0 
198 409 12 0 
198 405 21 0 
198 388 29 0 
198 213 10 0 
199 500 30 0 
200 573 19 0 
200 505 34 0 
200 202 42 0 
201 573 19 0 
201 521 16 0 
201 448 24 0 
201 425 19 0 
201 353 26 0 
201 318 43 0 
202 384 31 0 
202 362 52 0 
202 322 40 0 
203 409 31 0 
203 349 4 0 
203 249 22 0 
204 364 40 0 
205 531 18 0 
205 514 25 0 
205 251 11 0 
205 247 22 0 
206 571 8 0 
206 287 34 0 
207 545 27 0 
207 532 7 0 
207 505 36 0 
207 434 34 0 
207 341 38 0 
208 492 32 0 
208 459 11 0 
209 256 48 0 
210 556 13 0 
210 476 13 0 
210 412 41 0 
210 273 25 0 
211 539 45 0 
211 501 39 0 
211 329 7 0 
212 483 37 0 
213 431 9 0 
213 413 25 0 
213 384 13 0 
214 507 43 0 
214 395 12 0 
214 276 31 0 
215 550 16 0 
215 505 19 0 
215 476 25 0 
215 419 19 0 
215 303 20 0 
215 252 26 0 
216 589 22 0 
216 577 13 0 
216 283 13 0 
217 592 20 0 
218 577 26 0 
218 526 25 0 
218 458 36 0 
219 372 44 0 
220 568 19 0 
221 594 34 0 
221 582 28 0 
221 296 10 0 
221 238 18 0 
222 418 37 0 
222 296 25 0 
223 546 37 0 
224 586 15 0 
224 319 28 0 
224 235 21 0 
225 350 39 0 
225 313 39 0 
226 434 24 0 
226 379 21 0 
226 295 29 0 
226 265 26 0 
228 386 35 0 
228 385 33 0 
229 492 5 0 
229 475 17 0 
229 361 33 0 
230 590 30 0 
230 499 35 0 
230 467 50 0 
230 402 30 0 
230 313 9 0 
230 284 34 0 
230 250 39 0 
231 576 16 0 
231 452 33 0 
231 392 23 0 
231 267 7 0 
232 473 19 0 
232 437 46 0 
233 587 36 0 
233 466 36 0 
233 439 31 0 
233 434 40 0 
234 425 14 0 
234 291 21 0 
235 599 14 0 
235 525 34 0 
235 281 30 0 
235 268 28 0 
236 500 52 0 
236 483 6 0 
236 389 16 0 
237 399 26 0 
237 299 21 0 
238 350 29 0 
238 339 10 0 
239 301 10 0 
240 579 16 0 
240 501 38 0 
240 495 9 0 
240 331 17 0 
240 322 37 0 
241 572 32 0 
242 581 34 0 
242 282 11 0 
243 448 41 0 
243 447 27 0 
244 517 35 0 
244 430 49 0 
244 348 23 0 
244 298 3 0 
244 278 47 0 
245 514 41 0 
245 499 11 0 
245 340 36 0 
245 329 4 0 
247 568 41 0 
247 445 38 0 
247 427 53 0 
248 412 31 0 
249 568 30 0 
249 548 23 0 
249 503 24 0 
249 435 5 0 
249 358 26 0 
250 596 20 0 
250 479 29 0 
250 419 7 0 
250 382 38 0 
251 539 32 0 
251 420 29 0 
251 306 3 0 
252 350 35 0 
253 578 15 0 
253 495 27 0 
253 465 17 0 
253 457 14 0 
253 446 28 0 
253 347 37 0 
253 335 31 0 
254 491 20 0 
254 478 13 0 
254 441 12 0 
255 558 47 0 
255 359 53 0 
256 302 43 0 
257 489 30 0 
257 365 14 0 
258 547 29 0 
258 416 52 0 
259 539 34 0 
259 506 15 0 
259 316 21 0 
260 594 35 0 
260 589 15 0 
260 577 20 0 
261 585 30 0 
261 521 10 0 
261 339 12 0 
261 316 13 0 
261 295 38 0 
262 572 40 0 
262 565 23 0 
262 424 40 0 
263 419 17 0 
264 326 22 0 
264 322 25 0 
265 490 39 0 
265 345 39 0 
265 338 43 0 
266 456 38 0 
266 437 32 0 
266 407 39 0 
266 346 28 0 
267 404 27 0 
267 399 32 0 
267 360 23 0 
267 320 21 0 
267 305 17 0 
267 295 35 0 
268 574 33 0 
268 571 33 0 
268 464 31 0 
268 302 11 0 
269 400 43 0 
270 516 29 0 
270 504 12 0 
270 500 33 0 
271 547 16 0 
271 490 27 0 
271 472 18 0 
272 543 27 0 
272 514 4 0 
272 453 37 0 
272 426 42 0 
272 318 57 0 
273 527 17 0 
273 479 23 0 
273 468 24 0 
273 375 28 0 
273 276 27 0 
274 522 24 0 
275 598 22 0 
275 429 42 0 
275 409 21 0 
276 519 25 0 
276 456 17 0 
277 591 15 0 
277 366 4 0 
280 487 9 0 
280 485 8 0 
281 358 31 0 
282 452 36 0 
283 451 11 0 
283 422 9 0 
284 547 26 0 
284 420 23 0 
284 404 22 0 
284 289 6 0 
285 595 44 0 
285 461 7 0 
285 452 4 0 
285 335 48 0 
286 462 50 0 
287 496 18 0 
287 290 36 0 
288 490 31 0 
289 476 3 0 
289 328 25 0 
290 450 48 0 
290 411 39 0 
290 381 50 0 
290 296 35 0 
291 545 6 0 
291 461 19 0 
292 525 3 0 
292 353 50 0 
293 537 36 0 
293 359 25 0 
295 549 29 0 
295 314 26 0 
296 577 13 0 
296 457 24 0 
296 447 27 0 
296 403 33 0 
297 342 65 0 
297 305 26 0 
298 504 43 0 
298 458 40 0 
300 513 9 0 
301 388 17 0 
302 544 29 0 
302 391 23 0 
302 307 30 0 
303 593 18 0 
303 524 20 0 
304 351 24 0 
305 440 35 0 
306 596 6 0 
306 357 21 0 
307 588 44 0 
307 379 26 0 
308 478 29 0 
308 346 17 0 
308 333 4 0 
310 450 32 0 
310 318 50 0 
312 371 30 0 
312 352 12 0 
313 554 25 0 
313 514 13 0 
313 386 7 0 
313 344 23 0 
314 470 28 0 
317 544 38 0 
317 529 2 0 
318 457 21 0 
318 433 17 0 
318 378 64 0 
319 519 50 0 
319 487 32 0 
319 408 5 0 
319 376 47 0 
320 470 9 0 
320 345 40 0 
321 537 55 0 
321 405 41 0 
321 324 41 0 
322 588 16 0 
323 489 11 0 
323 395 42 0 
325 432 36 0 
325 364 18 0 
326 591 17 0 
326 551 7 0 
326 467 9 0 
326 450 7 0 
326 385 16 0 
326 330 42 0 
327 496 26 0 
327 441 26 0 
327 365 26 0 
328 483 10 0 
329 534 46 0 
329 451 37 0 
329 429 48 0 
330 572 35 0 
331 557 25 0 
331 418 30 0 
331 342 21 0 
331 334 21 0 
332 565 13 0 
332 509 34 0 
332 452 26 0 
332 377 33 0 
333 435 15 0 
334 582 23 0 
334 488 36 0 
335 529 29 0 
335 398 38 0 
335 349 48 0 
335 337 36 0 
336 590 47 0 
336 487 17 0 
336 461 9 0 
337 575 34 0 
337 512 19 0 
337 494 8 0 
337 469 38 0 
337 408 52 0 
337 406 14 0 
338 592 29 0 
339 438 21 0 
340 533 9 0 
340 428 24 0 
340 411 30 0 
340 359 16 0 
341 422 30 0 
341 386 5 0 
342 369 22 0 
344 515 49 0 
344 492 13 0 
345 582 34 0 
348 485 19 0 
348 359 28 0 
348 353 36 0 
349 583 33 0 
349 568 46 0 
350 549 26 0 
350 407 53 0 
350 390 23 0 
351 595 27 0 
352 360 34 0 
353 579 21 0 
354 384 35 0 
356 445 32 0 
357 580 29 0 
357 543 11 0 
357 395 26 0 
358 559 24 0 
358 442 38 0 
358 429 13 0 
358 378 42 0 
359 589 13 0 
359 471 24 0 
360 591 16 0 
360 503 26 0 
362 559 17 0 
362 536 39 0 
363 584 48 0 
363 561 45 0 
364 549 8 0 
364 481 7 0 
364 475 28 0 
365 549 14 0 
365 540 22 0 
367 455 28 0 
368 468 32 0 
369 485 6 0 
369 474 20 0 
369 410 21 0 
370 593 43 0 
370 435 23 0 
371 544 27 0 
371 418 6 0 
371 372 19 0 
372 578 36 0 
374 559 24 0 
374 446 29 0 
374 416 21 0 
375 587 30 0 
376 514 46 0 
376 500 21 0 
376 466 45 0 
376 409 14 0 
377 466 26 0 
378 509 23 0 
378 409 45 0 
379 589 15 0 
379 521 35 0 
380 504 7 0 
380 456 20 0 
380 443 43 0 
381 452 38 0 
383 388 33 0 
384 567 25 0 
386 498 22 0 
387 587 42 0 
387 389 32 0 
388 479 29 0 
390 499 33 0 
390 456 41 0 
391 488 14 0 
391 460 16 0 
393 520 41 0 
393 419 31 0 
394 529 27 0 
394 515 33 0 
394 478 29 0 
394 471 28 0 
394 426 12 0 
394 422 16 0 
394 414 32 0 
395 538 17 0 
395 508 40 0 
395 454 33 0 
396 471 16 0 
396 430 35 0 
398 575 34 0 
400 577 27 0 
401 590 48 0 
402 596 21 0 
402 543 15 0 
402 527 30 0 
402 416 31 0 
403 568 21 0 
403 440 41 0 
404 504 11 0 
405 563 13 0 
405 517 24 0 
405 424 27 0 
406 584 38 0 
406 439 41 0 
406 426 25 0 
407 584 42 0 
408 590 44 0 
408 526 42 0 
409 477 10 0 
411 514 23 0 
412 532 45 0 
413 444 25 0 
415 420 17 0 
416 476 46 0 
417 580 33 0 
417 535 36 0 
417 480 19 0 
418 538 16 0 
419 525 9 0 
419 512 16 0 
420 598 37 0 
420 511 51 0 
420 448 49 0 
420 435 19 0 
422 541 33 0 
424 466 34 0 
424 429 40 0 
426 485 26 0 
427 501 47 0 
428 451 30 0 
428 438 44 0 
429 542 37 0 
431 579 14 0 
431 494 19 0 
435 474 31 0 
436 470 19 0 
438 592 26 0 
439 569 12 0 
440 530 21 0 
441 566 17 0 
441 451 29 0 
442 576 13 0 
443 556 28 0 
443 542 11 0 
443 509 31 0 
444 533 15 0 
446 589 26 0 
446 449 31 0 
447 597 42 0 
447 581 19 0 
447 572 15 0 
449 478 29 0 
450 596 28 0 
454 488 47 0 
455 538 23 0 
459 557 13 0 
459 534 21 0 
459 480 30 0 
460 472 15 0 
463 576 5 0 
463 486 10 0 
464 520 38 0 
464 496 10 0 
465 599 11 0 
465 542 34 0 
465 532 23 0 
465 527 29 0 
469 551 42 0 
471 495 34 0 
472 580 34 0 
473 582 39 0 
474 587 9 0 
474 476 30 0 
476 568 34 0 
476 520 8 0 
477 591 18 0 
478 584 6 0 
480 509 22 0 
481 580 38 0 
481 536 9 0 
482 541 42 0 
483 591 24 0 
486 541 45 0 
486 499 10 0 
488 540 37 0 
488 537 9 0 
489 580 45 0 
489 556 27 0 
490 582 38 0 
490 541 16 0 
492 522 9 0 
495 588 14 0 
496 539 17 0 
497 538 7 0 
501 595 30 0 
501 586 40 0 
501 577 35 0 
502 537 42 0 
503 557 19 0 
507 582 44 0 
507 535 18 0 
508 588 8 0 
508 574 4 0 
509 560 26 0 
510 559 15 0 
510 553 19 0 
510 538 7 0 
510 515 29 0 
511 540 26 0 
512 559 30 0 
514 570 40 0 
516 548 18 0 
517 565 13 0 
520 552 23 0 
521 586 20 0 
523 577 28 0 
524 568 10 0 
524 550 15 0 
525 596 22 0 
526 568 25 0 
528 536 26 0 
529 547 35 0 
530 565 22 0 
531 593 25 0 
533 584 32 0 
534 567 22 0 
534 554 38 0 
535 537 36 0 
536 553 17 0 
537 599 9 0 
540 574 36 0 
541 543 18 0 
543 586 16 0 
549 598 4 0 
552 589 5 0 
554 594 46 0 
555 599 45 0 
568 573 28 0 
569 570 27 0 
572 592 15 0 
580 587 37 0 
582 599 40 0 
582 589 33 0 
