#GRAPH (#nodes #edges id uu vv ww xx yy zz):
#600 2684 geo(0,{600,50,3,0.007,0.000,0.000}) 50 
#
VERTICES (index name u v w x y z):
0 0 22 20 
1 1 37 1 
2 2 29 21 
3 3 9 5 
4 4 21 32 
5 5 29 13 
6 6 46 9 
7 7 15 39 
8 8 48 46 
9 9 14 29 
10 10 9 33 
11 11 1 48 
12 12 15 34 
13 13 20 18 
14 14 21 34 
15 15 27 32 
16 16 29 3 
17 17 44 6 
18 18 27 10 
19 19 43 36 
20 20 28 47 
21 21 12 15 
22 22 49 40 
23 23 45 30 
24 24 11 15 
25 25 0 17 
26 26 41 25 
27 27 2 46 
28 28 19 15 
29 29 16 17 
30 30 10 28 
31 31 27 21 
32 32 12 17 
33 33 40 9 
34 34 19 45 
35 35 32 8 
36 36 28 10 
37 37 3 39 
38 38 46 22 
39 39 10 26 
40 40 15 6 
41 41 39 34 
42 42 36 1 
43 43 1 42 
44 44 10 46 
45 45 10 3 
46 46 9 48 
47 47 44 19 
48 48 24 28 
49 49 33 40 
50 50 40 47 
51 51 0 30 
52 52 17 14 
53 53 27 35 
54 54 48 24 
55 55 29 35 
56 56 43 48 
57 57 46 24 
58 58 49 45 
59 59 40 7 
60 60 23 34 
61 61 32 7 
62 62 0 46 
63 63 30 29 
64 64 48 36 
65 65 38 4 
66 66 27 28 
67 67 15 18 
68 68 45 8 
69 69 13 16 
70 70 5 5 
71 71 22 21 
72 72 37 48 
73 73 15 11 
74 74 4 46 
75 75 22 47 
76 76 4 4 
77 77 42 36 
78 78 45 41 
79 79 23 47 
80 80 9 31 
81 81 19 18 
82 82 46 44 
83 83 20 37 
84 84 9 10 
85 85 36 48 
86 86 42 48 
87 87 47 27 
88 88 22 27 
89 89 48 2 
90 90 2 9 
91 91 5 20 
92 92 3 46 
93 93 14 28 
94 94 28 35 
95 95 37 31 
96 96 31 22 
97 97 31 46 
98 98 21 22 
99 99 27 36 
100 100 1 45 
101 101 20 17 
102 102 20 46 
103 103 7 30 
104 104 42 7 
105 105 38 39 
106 106 4 17 
107 107 31 12 
108 108 25 41 
109 109 35 9 
110 110 34 0 
111 111 42 49 
112 112 45 18 
113 113 41 35 
114 114 24 24 
115 115 38 22 
116 116 12 35 
117 117 46 6 
118 118 35 6 
119 119 16 47 
120 120 4 28 
121 121 33 35 
122 122 10 42 
123 123 24 1 
124 124 19 38 
125 125 16 28 
126 126 7 18 
127 127 8 23 
128 128 1 16 
129 129 1 3 
130 130 9 27 
131 131 3 17 
132 132 16 45 
133 133 7 28 
134 134 1 41 
135 135 28 41 
136 136 13 9 
137 137 18 23 
138 138 37 45 
139 139 14 2 
140 140 45 2 
141 141 21 15 
142 142 15 29 
143 143 34 37 
144 144 49 34 
145 145 5 45 
146 146 38 42 
147 147 29 41 
148 148 20 45 
149 149 26 45 
150 150 10 38 
151 151 33 47 
152 152 22 11 
153 153 44 15 
154 154 17 16 
155 155 20 0 
156 156 31 35 
157 157 20 29 
158 158 23 22 
159 159 4 16 
160 160 16 19 
161 161 35 17 
162 162 4 47 
163 163 43 27 
164 164 36 41 
165 165 5 40 
166 166 26 16 
167 167 36 44 
168 168 25 28 
169 169 5 29 
170 170 37 12 
171 171 25 9 
172 172 22 6 
173 173 19 30 
174 174 13 47 
175 175 37 43 
176 176 6 13 
177 177 46 17 
178 178 41 16 
179 179 28 28 
180 180 45 26 
181 181 4 22 
182 182 40 17 
183 183 45 11 
184 184 21 18 
185 185 24 2 
186 186 35 13 
187 187 49 38 
188 188 41 9 
189 189 13 27 
190 190 24 5 
191 191 44 37 
192 192 19 44 
193 193 44 9 
194 194 45 12 
195 195 27 7 
196 196 6 5 
197 197 46 0 
198 198 31 1 
199 199 8 29 
200 200 37 17 
201 201 38 47 
202 202 27 23 
203 203 23 15 
204 204 3 14 
205 205 48 27 
206 206 49 39 
207 207 30 25 
208 208 4 13 
209 209 49 41 
210 210 19 0 
211 211 42 21 
212 212 7 38 
213 213 16 33 
214 214 38 31 
215 215 14 27 
216 216 16 49 
217 217 29 6 
218 218 46 27 
219 219 16 27 
220 220 34 47 
221 221 10 30 
222 222 49 24 
223 223 8 14 
224 224 6 28 
225 225 38 40 
226 226 35 41 
227 227 2 41 
228 228 17 40 
229 229 25 4 
230 230 22 31 
231 231 25 29 
232 232 3 41 
233 233 8 49 
234 234 1 2 
235 235 32 22 
236 236 48 28 
237 237 41 45 
238 238 32 45 
239 239 30 35 
240 240 46 19 
241 241 43 20 
242 242 37 19 
243 243 31 29 
244 244 29 7 
245 245 48 19 
246 246 0 22 
247 247 18 45 
248 248 31 8 
249 249 11 48 
250 250 7 23 
251 251 2 15 
252 252 45 21 
253 253 20 20 
254 254 13 29 
255 255 10 31 
256 256 40 10 
257 257 25 32 
258 258 18 41 
259 259 24 16 
260 260 32 29 
261 261 37 0 
262 262 45 4 
263 263 32 0 
264 264 16 46 
265 265 29 25 
266 266 7 41 
267 267 25 0 
268 268 4 5 
269 269 11 1 
270 270 21 16 
271 271 10 22 
272 272 17 3 
273 273 42 4 
274 274 33 32 
275 275 26 46 
276 276 35 7 
277 277 27 20 
278 278 35 42 
279 279 34 4 
280 280 26 1 
281 281 11 37 
282 282 48 37 
283 283 25 3 
284 284 40 20 
285 285 39 47 
286 286 36 13 
287 287 41 43 
288 288 42 35 
289 289 3 37 
290 290 21 31 
291 291 43 28 
292 292 9 9 
293 293 39 29 
294 294 39 17 
295 295 35 46 
296 296 31 9 
297 297 18 0 
298 298 36 40 
299 299 10 25 
300 300 33 45 
301 301 31 30 
302 302 41 26 
303 303 18 32 
304 304 37 21 
305 305 35 36 
306 306 49 15 
307 307 28 33 
308 308 19 37 
309 309 8 10 
310 310 7 39 
311 311 21 46 
312 312 8 4 
313 313 45 39 
314 314 0 8 
315 315 16 2 
316 316 19 20 
317 317 40 30 
318 318 8 16 
319 319 17 42 
320 320 29 36 
321 321 32 46 
322 322 48 35 
323 323 26 10 
324 324 32 34 
325 325 40 42 
326 326 6 35 
327 327 21 1 
328 328 26 39 
329 329 30 30 
330 330 16 40 
331 331 18 13 
332 332 27 48 
333 333 19 21 
334 334 10 18 
335 335 42 34 
336 336 8 20 
337 337 15 49 
338 338 10 10 
339 339 5 26 
340 340 8 45 
341 341 14 19 
342 342 46 46 
343 343 14 22 
344 344 1 13 
345 345 14 43 
346 346 23 4 
347 347 27 37 
348 348 48 31 
349 349 18 1 
350 350 13 14 
351 351 20 13 
352 352 7 8 
353 353 40 36 
354 354 30 0 
355 355 44 33 
356 356 19 33 
357 357 37 14 
358 358 46 45 
359 359 34 7 
360 360 22 48 
361 361 0 40 
362 362 15 8 
363 363 42 18 
364 364 11 36 
365 365 25 16 
366 366 40 13 
367 367 47 46 
368 368 14 34 
369 369 18 27 
370 370 31 16 
371 371 42 14 
372 372 6 32 
373 373 6 3 
374 374 26 17 
375 375 49 42 
376 376 3 44 
377 377 10 16 
378 378 3 12 
379 379 26 35 
380 380 39 35 
381 381 35 39 
382 382 48 22 
383 383 41 29 
384 384 25 44 
385 385 13 28 
386 386 8 11 
387 387 48 10 
388 388 7 36 
389 389 40 46 
390 390 14 47 
391 391 47 8 
392 392 32 5 
393 393 28 21 
394 394 28 5 
395 395 9 35 
396 396 48 11 
397 397 18 33 
398 398 29 39 
399 399 7 22 
400 400 23 1 
401 401 32 17 
402 402 35 10 
403 403 45 24 
404 404 36 21 
405 405 34 1 
406 406 21 21 
407 407 27 27 
408 408 21 41 
409 409 38 10 
410 410 33 31 
411 411 21 7 
412 412 34 33 
413 413 43 14 
414 414 29 27 
415 415 34 31 
416 416 21 36 
417 417 12 39 
418 418 1 46 
419 419 46 28 
420 420 19 42 
421 421 12 2 
422 422 1 24 
423 423 39 11 
424 424 12 31 
425 425 1 25 
426 426 34 40 
427 427 7 37 
428 428 2 13 
429 429 37 34 
430 430 48 6 
431 431 49 16 
432 432 30 3 
433 433 46 14 
434 434 31 10 
435 435 39 49 
436 436 16 20 
437 437 16 29 
438 438 12 9 
439 439 9 14 
440 440 30 36 
441 441 38 16 
442 442 15 9 
443 443 46 2 
444 444 17 23 
445 445 46 48 
446 446 13 23 
447 447 31 25 
448 448 4 37 
449 449 46 7 
450 450 6 26 
451 451 0 4 
452 452 6 30 
453 453 11 10 
454 454 44 8 
455 455 13 34 
456 456 48 40 
457 457 0 6 
458 458 22 43 
459 459 34 48 
460 460 1 8 
461 461 10 49 
462 462 35 0 
463 463 45 16 
464 464 29 40 
465 465 33 21 
466 466 21 24 
467 467 20 10 
468 468 5 19 
469 469 23 0 
470 470 9 32 
471 471 43 47 
472 472 26 38 
473 473 19 47 
474 474 28 6 
475 475 19 16 
476 476 44 41 
477 477 3 36 
478 478 41 44 
479 479 10 15 
480 480 3 18 
481 481 35 38 
482 482 8 30 
483 483 26 36 
484 484 49 19 
485 485 20 32 
486 486 12 33 
487 487 11 18 
488 488 38 32 
489 489 42 15 
490 490 40 29 
491 491 3 4 
492 492 8 46 
493 493 40 19 
494 494 32 11 
495 495 43 0 
496 496 11 26 
497 497 39 25 
498 498 28 45 
499 499 46 18 
500 500 31 42 
501 501 44 35 
502 502 5 1 
503 503 8 6 
504 504 23 21 
505 505 31 47 
506 506 21 9 
507 507 30 26 
508 508 14 5 
509 509 42 31 
510 510 7 26 
511 511 9 42 
512 512 38 30 
513 513 43 12 
514 514 7 9 
515 515 9 15 
516 516 6 23 
517 517 15 23 
518 518 18 5 
519 519 26 7 
520 520 25 14 
521 521 31 26 
522 522 45 23 
523 523 9 44 
524 524 37 29 
525 525 40 3 
526 526 9 11 
527 527 42 17 
528 528 21 45 
529 529 5 43 
530 530 37 42 
531 531 26 29 
532 532 3 25 
533 533 16 24 
534 534 14 12 
535 535 27 12 
536 536 38 33 
537 537 48 42 
538 538 42 19 
539 539 34 15 
540 540 21 48 
541 541 3 26 
542 542 0 49 
543 543 39 21 
544 544 34 14 
545 545 14 31 
546 546 35 45 
547 547 33 14 
548 548 15 28 
549 549 4 40 
550 550 47 1 
551 551 7 34 
552 552 21 39 
553 553 45 5 
554 554 20 33 
555 555 8 19 
556 556 30 8 
557 557 39 24 
558 558 36 29 
559 559 7 2 
560 560 11 35 
561 561 22 37 
562 562 48 23 
563 563 48 14 
564 564 42 24 
565 565 20 43 
566 566 21 5 
567 567 34 42 
568 568 36 33 
569 569 5 25 
570 570 40 6 
571 571 10 32 
572 572 24 33 
573 573 48 12 
574 574 6 2 
575 575 4 48 
576 576 46 40 
577 577 8 39 
578 578 7 7 
579 579 2 33 
580 580 4 21 
581 581 18 44 
582 582 1 31 
583 583 31 39 
584 584 10 23 
585 585 20 3 
586 586 25 34 
587 587 43 32 
588 588 37 8 
589 589 42 44 
590 590 27 26 
591 591 25 35 
592 592 1 1 
593 593 46 34 
594 594 14 21 
595 595 30 45 
596 596 30 4 
597 597 5 21 
598 598 32 44 
599 599 44 21 
#
EDGES (from-node to-node length a b):
0 570 23 0 
0 528 25 0 
0 403 23 0 
0 393 6 0 
0 68 26 0 
1 553 9 0 
1 325 41 0 
1 283 12 0 
1 124 41 0 
2 486 21 0 
2 409 14 0 
2 385 17 0 
2 330 23 0 
2 258 23 0 
2 216 31 0 
2 197 27 0 
2 147 20 0 
3 548 24 0 
3 343 18 0 
3 231 29 0 
3 30 23 0 
4 582 20 0 
4 487 17 0 
4 213 5 0 
4 178 26 0 
4 118 30 0 
5 262 18 0 
5 138 33 0 
5 79 35 0 
6 413 6 0 
6 246 48 0 
6 133 43 0 
6 118 11 0 
7 363 34 0 
7 339 16 0 
7 284 31 0 
7 100 15 0 
8 91 50 0 
8 13 40 0 
9 527 30 0 
9 111 34 0 
9 93 1 0 
10 493 34 0 
10 445 40 0 
10 290 12 0 
10 105 30 0 
11 136 41 0 
12 582 14 0 
12 580 17 0 
12 179 14 0 
12 139 32 0 
13 595 29 0 
13 479 10 0 
13 316 2 0 
13 218 28 0 
13 100 33 0 
14 318 22 0 
15 167 15 0 
16 166 13 0 
16 144 37 0 
16 108 38 0 
17 588 7 0 
17 343 34 0 
17 261 9 0 
17 219 35 0 
17 93 37 0 
18 523 38 0 
18 405 11 0 
18 393 11 0 
18 231 19 0 
18 175 34 0 
18 148 36 0 
19 556 31 0 
19 516 39 0 
19 442 39 0 
19 214 7 0 
19 147 15 0 
19 73 38 0 
20 574 50 0 
20 277 27 0 
21 534 4 0 
21 490 31 0 
21 428 10 0 
21 68 34 0 
22 544 30 0 
22 357 29 0 
22 344 55 0 
22 211 20 0 
23 415 11 0 
23 343 32 0 
23 146 14 0 
24 311 33 0 
25 502 17 0 
25 164 43 0 
25 151 45 0 
26 517 26 0 
26 470 33 0 
26 274 11 0 
26 234 46 0 
27 595 28 0 
27 392 51 0 
27 77 41 0 
28 342 41 0 
28 341 6 0 
28 334 9 0 
28 316 5 0 
28 192 29 0 
28 159 15 0 
28 51 24 0 
29 555 8 0 
29 523 28 0 
29 233 33 0 
29 226 31 0 
30 520 21 0 
30 265 19 0 
30 167 31 0 
31 547 9 0 
31 345 26 0 
31 128 26 0 
32 596 22 0 
32 585 16 0 
32 532 12 0 
32 481 31 0 
32 361 26 0 
32 302 30 0 
32 185 19 0 
32 39 9 0 
33 109 5 0 
33 85 39 0 
33 39 34 0 
33 38 14 0 
34 545 15 0 
34 458 4 0 
34 287 22 0 
34 195 39 0 
34 146 19 0 
34 110 47 0 
35 587 26 0 
35 498 37 0 
35 460 31 0 
35 431 19 0 
35 222 23 0 
35 195 5 0 
36 540 39 0 
36 451 29 0 
36 209 37 0 
36 77 30 0 
37 530 34 0 
37 510 14 0 
37 422 15 0 
37 205 47 0 
37 159 23 0 
38 554 28 0 
38 246 46 0 
38 233 47 0 
38 166 21 0 
38 146 22 0 
38 92 49 0 
39 296 27 0 
39 125 6 0 
39 47 35 0 
40 579 30 0 
40 367 51 0 
40 153 30 0 
40 149 41 0 
40 112 32 0 
40 56 50 0 
41 331 30 0 
41 87 11 0 
42 430 13 0 
42 395 43 0 
42 261 1 0 
42 138 44 0 
42 44 52 0 
43 478 40 0 
43 350 30 0 
43 277 34 0 
43 141 34 0 
44 547 39 0 
44 71 28 0 
44 53 20 0 
45 412 38 0 
45 159 14 0 
45 68 35 0 
46 398 22 0 
46 209 41 0 
46 106 31 0 
46 50 31 0 
47 174 42 0 
48 273 30 0 
48 271 15 0 
48 65 28 0 
49 390 20 0 
49 358 14 0 
49 300 5 0 
49 106 37 0 
49 59 34 0 
50 409 37 0 
50 323 40 0 
51 519 35 0 
51 362 27 0 
51 317 40 0 
51 194 48 0 
51 90 21 0 
52 446 10 0 
52 362 6 0 
52 231 17 0 
52 147 30 0 
53 155 36 0 
54 550 23 0 
54 494 21 0 
54 166 23 0 
55 576 18 0 
55 565 12 0 
55 495 38 0 
55 325 13 0 
55 282 19 0 
55 279 31 0 
55 176 32 0 
56 547 35 0 
56 541 46 0 
56 508 52 0 
56 457 60 0 
56 201 5 0 
56 90 57 0 
57 570 19 0 
57 565 32 0 
57 538 6 0 
57 323 24 0 
57 293 9 0 
58 535 40 0 
58 518 51 0 
58 296 40 0 
58 284 27 0 
58 265 28 0 
58 98 36 0 
58 60 28 0 
59 523 48 0 
59 509 24 0 
59 418 55 0 
59 392 8 0 
59 353 29 0 
59 319 42 0 
59 208 36 0 
60 448 19 0 
60 377 22 0 
60 148 11 0 
60 107 23 0 
61 566 11 0 
61 452 35 0 
61 246 35 0 
62 513 55 0 
62 429 39 0 
62 350 35 0 
62 242 46 0 
62 187 50 0 
62 97 31 0 
62 67 32 0 
63 527 17 0 
63 490 10 0 
63 438 27 0 
63 277 9 0 
63 250 24 0 
63 120 26 0 
63 68 26 0 
64 423 27 0 
64 363 19 0 
64 331 38 0 
65 575 56 0 
65 232 51 0 
65 225 36 0 
65 216 50 0 
66 324 8 0 
66 206 25 0 
66 87 20 0 
67 484 34 0 
67 380 29 0 
67 70 16 0 
68 591 34 0 
68 513 4 0 
68 483 34 0 
68 347 34 0 
68 192 44 0 
68 80 43 0 
69 396 35 0 
69 337 33 0 
69 287 39 0 
70 557 39 0 
70 491 2 0 
70 391 42 0 
70 154 16 0 
71 540 27 0 
71 414 9 0 
71 306 28 0 
71 244 16 0 
71 185 19 0 
71 167 27 0 
71 141 6 0 
72 147 11 0 
72 101 35 0 
72 96 27 0 
73 546 39 0 
73 523 34 0 
73 235 20 0 
74 516 23 0 
74 497 41 0 
74 460 38 0 
74 309 36 0 
75 523 13 0 
75 486 17 0 
75 448 21 0 
75 331 34 0 
75 181 31 0 
76 271 19 0 
77 272 41 0 
77 230 21 0 
78 311 25 0 
78 273 37 0 
78 244 38 0 
79 508 43 0 
79 287 18 0 
80 586 16 0 
80 421 29 0 
81 585 15 0 
81 512 22 0 
81 508 14 0 
81 338 12 0 
81 297 18 0 
82 502 59 0 
82 389 6 0 
83 394 33 0 
83 123 36 0 
84 503 4 0 
84 463 36 0 
84 273 34 0 
84 261 30 0 
84 194 36 0 
85 504 30 0 
85 399 39 0 
85 350 41 0 
85 143 11 0 
85 138 3 0 
86 592 62 0 
86 471 1 0 
86 421 55 0 
86 368 31 0 
86 354 49 0 
86 154 41 0 
87 381 17 0 
87 151 24 0 
88 399 16 0 
88 337 23 0 
89 392 16 0 
89 348 29 0 
89 251 48 0 
89 168 35 0 
89 158 32 0 
89 140 3 0 
89 123 24 0 
90 497 40 0 
90 378 3 0 
90 212 29 0 
90 169 20 0 
91 407 23 0 
91 397 18 0 
91 169 9 0 
92 429 36 0 
92 425 21 0 
93 309 19 0 
93 258 14 0 
93 203 16 0 
93 172 23 0 
94 462 36 0 
94 450 24 0 
94 382 24 0 
94 300 11 0 
94 210 36 0 
94 203 21 0 
95 501 8 0 
95 381 8 0 
95 275 19 0 
95 217 26 0 
95 105 8 0 
96 517 16 0 
96 281 25 0 
97 560 23 0 
97 543 26 0 
97 449 42 0 
97 381 8 0 
97 260 17 0 
98 328 18 0 
98 309 18 0 
98 231 8 0 
98 230 9 0 
99 573 32 0 
99 395 18 0 
99 321 11 0 
99 270 21 0 
99 122 18 0 
100 590 32 0 
100 544 45 0 
100 497 43 0 
100 273 58 0 
101 523 29 0 
101 369 10 0 
101 313 33 0 
102 159 34 0 
103 582 6 0 
103 512 31 0 
103 452 1 0 
103 284 34 0 
104 595 40 0 
104 403 17 0 
104 254 36 0 
105 502 50 0 
105 471 9 0 
105 375 11 0 
105 291 12 0 
105 190 37 0 
105 136 39 0 
105 129 52 0 
105 112 22 0 
106 467 17 0 
106 442 14 0 
106 259 20 0 
106 118 33 0 
107 572 22 0 
107 124 29 0 
108 581 8 0 
108 444 20 0 
108 370 26 0 
108 356 10 0 
108 351 28 0 
108 182 28 0 
109 385 29 0 
109 268 31 0 
109 180 20 0 
109 172 13 0 
109 116 35 0 
110 446 31 0 
110 349 16 0 
110 195 10 0 
110 119 50 0 
111 380 14 0 
111 374 36 0 
111 293 20 0 
111 256 39 0 
111 139 55 0 
111 115 27 0 
112 487 34 0 
112 359 16 0 
112 331 27 0 
112 275 34 0 
112 222 7 0 
113 556 29 0 
113 353 1 0 
113 267 38 0 
114 537 30 0 
114 484 25 0 
114 397 11 0 
114 388 21 0 
115 578 34 0 
115 420 28 0 
115 364 30 0 
115 206 20 0 
115 167 22 0 
116 540 16 0 
116 405 40 0 
116 352 27 0 
116 207 21 0 
116 191 32 0 
117 565 45 0 
117 312 38 0 
117 276 11 0 
117 234 45 0 
118 559 28 0 
118 431 17 0 
118 355 28 0 
118 242 13 0 
120 410 29 0 
121 435 15 0 
121 341 25 0 
121 220 12 0 
122 533 19 0 
122 507 26 0 
122 316 24 0 
123 572 32 0 
123 532 32 0 
123 529 46 0 
123 457 25 0 
123 296 11 0 
123 211 27 0 
124 271 18 0 
124 207 17 0 
124 139 36 0 
125 517 5 0 
125 430 39 0 
125 425 15 0 
125 169 11 0 
125 163 27 0 
126 473 31 0 
126 437 14 0 
126 386 7 0 
126 195 23 0 
126 184 14 0 
126 145 27 0 
127 535 22 0 
127 505 33 0 
128 496 14 0 
128 166 25 0 
128 151 45 0 
129 588 36 0 
129 527 43 0 
129 444 26 0 
129 199 27 0 
130 450 3 0 
130 401 25 0 
130 338 17 0 
130 196 22 0 
131 557 37 0 
131 517 13 0 
131 430 46 0 
132 508 40 0 
132 440 17 0 
132 358 30 0 
132 356 12 0 
132 350 31 0 
132 326 14 0 
132 271 24 0 
133 502 27 0 
133 240 40 0 
133 208 15 0 
133 198 36 0 
134 385 18 0 
134 253 28 0 
134 179 30 0 
134 168 27 0 
135 594 24 0 
135 481 8 0 
135 301 11 0 
135 252 26 0 
135 148 9 0 
136 590 22 0 
136 552 31 0 
136 378 10 0 
136 372 24 0 
136 283 13 0 
137 583 21 0 
137 293 22 0 
137 230 9 0 
137 177 29 0 
138 503 49 0 
138 249 26 0 
139 573 35 0 
139 544 23 0 
139 375 53 0 
139 367 55 0 
139 183 32 0 
140 549 56 0 
140 475 30 0 
140 464 41 0 
140 160 34 0 
140 150 50 0 
141 510 18 0 
141 461 36 0 
141 293 23 0 
141 226 30 0 
141 213 19 0 
141 166 5 0 
142 579 14 0 
142 379 13 0 
143 525 35 0 
143 462 37 0 
143 366 25 0 
143 248 29 0 
143 146 6 0 
144 435 18 0 
144 418 49 0 
144 399 44 0 
144 389 15 0 
144 293 11 0 
145 420 14 0 
145 231 26 0 
146 510 35 0 
146 490 13 0 
146 304 21 0 
146 274 11 0 
146 170 30 0 
147 552 8 0 
147 397 14 0 
147 390 16 0 
147 341 27 0 
147 319 12 0 
147 170 30 0 
148 446 23 0 
148 382 36 0 
149 278 9 0 
150 551 5 0 
151 532 37 0 
151 442 42 0 
151 240 31 0 
151 173 22 0 
152 257 21 0 
153 522 8 0 
153 247 40 0 
154 506 8 0 
154 451 21 0 
154 420 26 0 
154 236 33 0 
154 173 14 0 
154 166 9 0 
155 479 18 0 
155 463 30 0 
155 364 37 0 
155 315 4 0 
156 578 37 0 
156 403 18 0 
156 388 24 0 
156 202 13 0 
157 546 22 0 
157 430 36 0 
157 186 22 0 
158 460 26 0 
158 241 20 0 
158 203 7 0 
159 483 30 0 
159 362 14 0 
159 354 31 0 
159 224 12 0 
160 559 19 0 
160 375 40 0 
160 280 21 0 
161 339 31 0 
162 385 21 0 
162 176 34 0 
163 596 26 0 
163 208 41 0 
164 542 37 0 
164 345 22 0 
165 583 26 0 
165 335 37 0 
166 552 24 0 
166 237 33 0 
166 190 11 0 
167 382 25 0 
167 304 23 0 
168 542 33 0 
168 336 19 0 
168 298 16 0 
169 525 44 0 
169 384 25 0 
169 313 41 0 
169 287 39 0 
169 242 34 0 
169 202 23 0 
170 548 27 0 
170 499 11 0 
170 449 10 0 
170 348 22 0 
170 243 18 0 
170 202 15 0 
171 493 18 0 
171 291 26 0 
172 452 29 0 
172 386 15 0 
172 223 16 0 
173 450 14 0 
173 372 13 0 
174 503 41 0 
174 495 56 0 
174 248 43 0 
175 512 13 0 
175 488 11 0 
175 277 25 0 
175 241 24 0 
176 480 6 0 
176 296 25 0 
176 281 25 0 
176 276 30 0 
176 216 37 0 
177 516 40 0 
177 509 15 0 
177 507 18 0 
177 399 39 0 
178 599 6 0 
179 424 16 0 
179 389 22 0 
180 202 18 0 
181 580 1 0 
182 443 16 0 
182 436 24 0 
183 492 51 0 
183 344 44 0 
183 194 1 0 
184 389 34 0 
184 332 31 0 
184 327 17 0 
184 278 28 0 
184 271 12 0 
184 228 22 0 
184 218 27 0 
185 307 31 0 
185 204 24 0 
186 523 40 0 
186 485 24 0 
187 493 21 0 
188 230 29 0 
189 594 6 0 
189 533 4 0 
189 260 19 0 
191 483 18 0 
191 350 39 0 
191 330 28 0 
191 281 33 0 
192 530 18 0 
192 506 35 0 
192 301 18 0 
193 523 49 0 
193 395 44 0 
193 232 52 0 
194 558 19 0 
194 284 9 0 
195 599 22 0 
195 430 21 0 
195 225 35 0 
196 432 24 0 
196 333 21 0 
196 219 24 0 
197 584 43 0 
197 410 34 0 
197 266 57 0 
197 261 9 0 
197 251 46 0 
198 289 46 0 
198 242 19 0 
199 340 16 0 
199 333 14 0 
199 222 41 0 
200 537 27 0 
200 511 38 0 
200 461 42 0 
200 314 38 0 
201 548 30 0 
201 482 34 0 
201 287 5 0 
202 357 13 0 
202 226 20 0 
203 526 15 0 
203 473 32 0 
203 384 29 0 
203 257 17 0 
203 242 15 0 
204 545 20 0 
204 432 29 0 
204 394 27 0 
204 383 41 0 
204 242 34 0 
205 480 46 0 
205 389 21 0 
205 271 38 0 
206 496 40 0 
206 459 17 0 
207 550 29 0 
208 568 38 0 
208 522 42 0 
208 420 33 0 
208 333 17 0 
208 250 10 0 
208 236 46 0 
209 572 26 0 
209 249 39 0 
209 242 25 0 
210 584 25 0 
210 509 39 0 
210 473 47 0 
210 376 47 0 
210 343 23 0 
211 583 21 0 
211 570 15 0 
211 389 25 0 
212 545 10 0 
212 352 30 0 
213 313 30 0 
213 223 21 0 
214 563 20 0 
214 281 28 0 
215 507 16 0 
216 540 5 0 
216 511 10 0 
216 445 30 0 
217 411 8 0 
217 393 15 0 
217 240 21 0 
218 484 9 0 
218 400 35 0 
218 392 26 0 
218 379 22 0 
218 361 48 0 
218 295 22 0 
218 267 34 0 
219 403 29 0 
220 433 35 0 
220 379 14 0 
221 551 5 0 
221 520 22 0 
221 510 5 0 
221 500 24 0 
221 469 33 0 
221 447 22 0 
221 376 16 0 
221 356 9 0 
221 293 29 0 
222 484 5 0 
223 466 16 0 
224 500 29 0 
224 359 35 0 
224 356 14 0 
224 337 23 0 
225 259 28 0 
226 437 22 0 
226 255 27 0 
227 560 11 0 
227 541 15 0 
227 457 35 0 
227 455 13 0 
228 545 9 0 
228 441 32 0 
229 248 7 0 
230 364 12 0 
230 326 16 0 
230 239 9 0 
231 250 19 0 
232 568 34 0 
232 530 34 0 
232 380 36 0 
233 581 11 0 
233 450 23 0 
233 303 20 0 
234 441 40 0 
234 429 48 0 
234 428 11 0 
235 557 7 0 
235 516 26 0 
235 514 28 0 
235 472 17 0 
235 413 14 0 
235 377 23 0 
235 282 22 0 
235 236 17 0 
236 583 20 0 
236 563 14 0 
236 465 17 0 
237 457 57 0 
238 593 18 0 
238 524 17 0 
238 387 38 0 
238 246 39 0 
240 561 30 0 
240 516 40 0 
240 513 8 0 
241 585 29 0 
241 582 43 0 
241 517 28 0 
241 516 37 0 
242 589 25 0 
242 563 12 0 
242 490 10 0 
242 344 36 0 
243 511 26 0 
243 340 28 0 
245 579 48 0 
245 574 45 0 
245 370 17 0 
245 362 35 0 
246 294 39 0 
246 292 16 0 
247 495 51 0 
248 530 35 0 
248 385 27 0 
248 338 21 0 
248 267 10 0 
248 256 9 0 
250 580 4 0 
250 536 33 0 
250 378 12 0 
250 373 20 0 
250 311 27 0 
251 529 28 0 
251 513 41 0 
251 468 5 0 
251 373 13 0 
252 589 23 0 
252 288 14 0 
253 428 19 0 
253 307 15 0 
254 586 13 0 
254 551 8 0 
254 464 19 0 
254 425 13 0 
255 543 31 0 
255 428 20 0 
255 386 20 0 
255 311 19 0 
257 415 9 0 
257 381 12 0 
258 552 4 0 
258 547 31 0 
259 532 23 0 
259 482 21 0 
259 467 7 0 
259 423 16 0 
259 277 5 0 
259 267 16 0 
260 497 8 0 
260 474 23 0 
260 419 14 0 
260 388 26 0 
261 547 15 0 
261 359 8 0 
261 345 49 0 
261 342 47 0 
262 528 48 0 
262 485 38 0 
262 434 15 0 
262 335 30 0 
263 514 27 0 
264 417 8 0 
264 398 15 0 
264 389 24 0 
264 386 36 0 
264 272 43 0 
265 522 16 0 
265 472 13 0 
265 451 36 0 
266 474 41 0 
266 338 31 0 
267 594 24 0 
267 516 30 0 
267 416 36 0 
267 334 23 0 
267 320 36 0 
268 536 44 0 
268 366 37 0 
269 490 40 0 
269 451 11 0 
270 563 27 0 
270 538 21 0 
270 480 18 0 
270 443 29 0 
272 464 39 0 
272 288 41 0 
273 315 26 0 
273 287 39 0 
274 486 21 0 
274 475 21 0 
275 590 20 0 
275 538 31 0 
275 409 38 0 
275 385 22 0 
275 365 30 0 
275 330 12 0 
276 424 33 0 
277 550 28 0 
277 457 30 0 
277 452 23 0 
277 441 12 0 
278 539 27 0 
278 425 38 0 
278 395 27 0 
278 391 36 0 
278 367 13 0 
278 351 33 0 
278 319 18 0 
279 452 38 0 
279 389 42 0 
279 352 27 0 
279 342 44 0 
280 563 26 0 
280 507 25 0 
280 395 38 0 
280 290 30 0 
281 531 17 0 
281 505 22 0 
282 539 26 0 
282 490 11 0 
282 457 57 0 
282 447 21 0 
283 590 23 0 
283 470 33 0 
283 288 36 0 
283 286 15 0 
284 577 37 0 
284 445 29 0 
285 599 26 0 
285 360 17 0 
285 342 7 0 
285 304 26 0 
286 578 30 0 
286 482 33 0 
286 471 35 0 
286 368 30 0 
286 330 34 0 
287 593 10 0 
287 419 16 0 
288 497 10 0 
289 427 4 0 
289 321 30 0 
290 592 36 0 
290 474 26 0 
290 370 18 0 
290 364 11 0 
290 317 19 0 
291 427 37 0 
291 292 39 0 
292 315 10 0 
293 539 15 0 
294 428 37 0 
294 369 23 0 
294 308 28 0 
295 488 14 0 
295 486 26 0 
295 395 28 0 
297 448 40 0 
297 424 32 0 
297 423 24 0 
297 403 36 0 
298 587 11 0 
298 570 34 0 
298 342 12 0 
298 335 8 0 
299 427 12 0 
300 545 24 0 
300 497 21 0 
300 489 31 0 
300 473 14 0 
300 462 45 0 
300 418 32 0 
301 592 42 0 
301 490 9 0 
301 480 30 0 
301 350 24 0 
302 577 35 0 
302 525 23 0 
302 473 30 0 
303 569 15 0 
303 518 27 0 
303 311 14 0 
304 452 32 0 
305 564 14 0 
306 505 37 0 
306 472 33 0 
307 452 22 0 
309 435 50 0 
310 571 8 0 
311 350 33 0 
312 466 24 0 
312 443 38 0 
313 397 28 0 
314 561 36 0 
314 511 35 0 
315 419 40 0 
317 542 44 0 
317 451 48 0 
318 553 39 0 
318 518 15 0 
319 494 34 0 
319 389 23 0 
320 563 29 0 
321 508 45 0 
321 506 39 0 
321 489 33 0 
322 447 20 0 
322 402 28 0 
323 400 9 0 
323 370 8 0 
324 523 25 0 
325 548 29 0 
327 354 9 0 
328 469 39 0 
328 341 23 0 
329 435 21 0 
329 345 21 0 
331 549 30 0 
331 402 17 0 
331 378 15 0 
333 500 24 0 
335 524 7 0 
335 509 3 0 
335 498 18 0 
336 479 5 0 
340 403 43 0 
340 393 31 0 
341 475 6 0 
343 442 13 0 
343 384 25 0 
344 405 35 0 
344 347 35 0 
345 592 44 0 
345 583 17 0 
346 429 33 0 
347 522 23 0 
347 510 23 0 
347 508 35 0 
348 504 27 0 
348 457 54 0 
348 379 22 0 
348 373 50 0 
349 597 24 0 
349 475 15 0 
350 386 6 0 
351 459 38 0 
352 419 44 0 
353 531 16 0 
353 475 29 0 
355 390 33 0 
355 363 15 0 
356 528 12 0 
356 403 28 0 
358 466 33 0 
358 390 32 0 
359 559 27 0 
359 491 31 0 
360 361 23 0 
361 447 34 0 
361 411 39 0 
362 477 30 0 
362 465 22 0 
363 593 16 0 
364 458 13 0 
364 437 9 0 
364 366 37 0 
365 529 34 0 
365 511 31 0 
365 457 27 0 
365 435 36 0 
365 417 26 0 
366 575 50 0 
366 544 6 0 
366 481 25 0 
367 567 14 0 
368 533 10 0 
369 591 11 0 
370 408 27 0 
371 573 6 0 
371 557 10 0 
371 463 4 0 
371 424 34 0 
372 578 25 0 
372 379 20 0 
373 556 25 0 
373 454 38 0 
374 574 25 0 
374 563 22 0 
374 525 20 0 
375 571 40 0 
375 567 15 0 
376 513 51 0 
376 507 32 0 
376 498 25 0 
376 465 38 0 
377 590 20 0 
377 441 28 0 
378 558 37 0 
379 574 39 0 
379 540 14 0 
379 485 7 0 
379 454 32 0 
381 443 39 0 
381 404 18 0 
381 399 33 0 
383 582 40 0 
383 444 25 0 
384 599 30 0 
384 521 19 0 
385 487 10 0 
386 540 39 0 
386 457 9 0 
387 436 34 0 
389 598 8 0 
389 571 33 0 
390 433 46 0 
391 557 18 0 
392 592 31 0 
393 421 25 0 
394 530 38 0 
396 478 34 0 
396 405 17 0 
397 465 19 0 
397 437 4 0 
397 422 19 0 
398 552 8 0 
399 596 29 0 
399 441 32 0 
399 426 32 0 
400 566 4 0 
401 597 27 0 
402 403 17 0 
404 599 8 0 
405 449 13 0 
405 447 24 0 
406 599 23 0 
406 551 19 0 
406 418 32 0 
406 415 16 0 
408 526 32 0 
409 585 19 0 
409 570 4 0 
409 517 26 0 
410 534 27 0 
410 461 29 0 
410 419 13 0 
411 497 25 0 
411 487 15 0 
413 491 41 0 
414 559 33 0 
415 524 4 0 
416 422 23 0 
417 546 24 0 
421 527 34 0 
421 497 35 0 
422 536 38 0 
422 518 25 0 
422 441 38 0 
423 591 28 0 
423 452 38 0 
424 454 39 0 
426 430 37 0 
427 542 14 0 
427 469 40 0 
427 428 25 0 
428 547 31 0 
429 444 23 0 
430 599 16 0 
430 545 42 0 
430 535 22 0 
430 467 28 0 
430 437 39 0 
431 474 23 0 
432 597 31 0 
436 466 6 0 
437 505 23 0 
437 445 36 0 
439 594 9 0 
439 488 34 0 
439 473 34 0 
440 503 37 0 
440 452 25 0 
441 454 10 0 
444 550 37 0 
444 470 12 0 
445 536 17 0 
445 518 51 0 
446 542 29 0 
448 533 18 0 
448 483 22 0 
450 583 28 0 
450 531 20 0 
450 488 33 0 
450 483 22 0 
451 545 30 0 
451 522 49 0 
451 482 27 0 
453 455 24 0 
454 584 37 0 
454 455 40 0 
456 582 48 0 
456 508 49 0 
456 488 13 0 
457 599 46 0 
457 510 21 0 
458 564 28 0 
458 501 23 0 
458 492 14 0 
459 512 18 0 
459 475 35 0 
459 469 49 0 
460 476 54 0 
462 530 42 0 
463 533 30 0 
463 465 13 0 
464 570 36 0 
464 526 35 0 
465 589 25 0 
465 528 27 0 
466 572 9 0 
471 557 23 0 
471 530 8 0 
471 501 12 0 
473 557 30 0 
473 497 30 0 
474 583 33 0 
474 508 14 0 
474 485 27 0 
475 560 21 0 
476 520 33 0 
476 516 42 0 
476 492 36 0 
477 576 43 0 
478 544 31 0 
479 538 32 0 
479 509 36 0 
481 504 21 0 
483 575 25 0 
486 593 34 0 
487 518 15 0 
489 553 10 0 
489 501 20 0 
490 587 4 0 
493 561 25 0 
503 509 42 0 
506 518 5 0 
507 565 20 0 
508 511 37 0 
510 588 35 0 
512 567 13 0 
515 593 42 0 
515 560 20 0 
516 547 28 0 
519 566 5 0 
519 552 32 0 
522 562 3 0 
526 542 39 0 
527 578 36 0 
528 543 30 0 
530 586 14 0 
533 595 25 0 
533 535 16 0 
535 597 24 0 
536 579 36 0 
536 566 33 0 
536 556 26 0 
537 555 46 0 
538 556 16 0 
540 549 19 0 
544 582 37 0 
551 580 13 0 
554 569 17 0 
561 585 34 0 
562 566 32 0 
566 583 35 0 
570 573 10 0 
588 598 36 0 
