#GRAPH (#nodes #edges id uu vv ww xx yy zz):
#600 2552 geo(0,{600,50,3,0.007,0.000,0.000}) 50 
#
VERTICES (index name u v w x y z):
0 0 31 48 
1 1 17 25 
2 2 47 47 
3 3 49 39 
4 4 4 37 
5 5 44 37 
6 6 27 22 
7 7 43 6 
8 8 23 24 
9 9 17 10 
10 10 26 34 
11 11 35 27 
12 12 32 22 
13 13 33 40 
14 14 42 45 
15 15 40 33 
16 16 41 34 
17 17 1 9 
18 18 9 44 
19 19 1 11 
20 20 45 31 
21 21 15 43 
22 22 49 24 
23 23 4 20 
24 24 40 41 
25 25 10 39 
26 26 27 9 
27 27 3 7 
28 28 33 24 
29 29 44 48 
30 30 26 33 
31 31 42 43 
32 32 25 15 
33 33 27 31 
34 34 49 15 
35 35 37 39 
36 36 42 49 
37 37 3 37 
38 38 30 16 
39 39 46 33 
40 40 29 49 
41 41 21 16 
42 42 10 32 
43 43 43 49 
44 44 12 12 
45 45 45 12 
46 46 5 8 
47 47 37 26 
48 48 16 27 
49 49 47 16 
50 50 24 48 
51 51 11 41 
52 52 22 24 
53 53 23 9 
54 54 41 2 
55 55 35 40 
56 56 9 24 
57 57 3 5 
58 58 17 11 
59 59 29 15 
60 60 46 16 
61 61 49 45 
62 62 38 43 
63 63 49 3 
64 64 40 48 
65 65 37 11 
66 66 27 15 
67 67 11 36 
68 68 22 3 
69 69 17 35 
70 70 26 14 
71 71 34 12 
72 72 33 31 
73 73 14 42 
74 74 1 49 
75 75 48 48 
76 76 47 32 
77 77 29 35 
78 78 4 12 
79 79 36 35 
80 80 42 5 
81 81 13 6 
82 82 23 5 
83 83 49 33 
84 84 41 36 
85 85 49 47 
86 86 32 33 
87 87 14 39 
88 88 38 40 
89 89 20 46 
90 90 15 1 
91 91 14 14 
92 92 4 28 
93 93 39 26 
94 94 33 17 
95 95 6 20 
96 96 27 44 
97 97 1 7 
98 98 28 9 
99 99 23 40 
100 100 20 33 
101 101 2 29 
102 102 31 34 
103 103 47 11 
104 104 11 31 
105 105 45 44 
106 106 18 0 
107 107 29 6 
108 108 7 44 
109 109 34 23 
110 110 3 10 
111 111 29 8 
112 112 38 46 
113 113 21 46 
114 114 30 44 
115 115 38 34 
116 116 45 38 
117 117 20 24 
118 118 39 15 
119 119 22 9 
120 120 48 5 
121 121 31 39 
122 122 16 22 
123 123 45 18 
124 124 16 40 
125 125 8 26 
126 126 8 37 
127 127 19 11 
128 128 39 41 
129 129 12 49 
130 130 40 45 
131 131 30 34 
132 132 27 17 
133 133 34 15 
134 134 2 47 
135 135 3 40 
136 136 35 41 
137 137 12 4 
138 138 43 37 
139 139 12 28 
140 140 9 30 
141 141 47 40 
142 142 35 22 
143 143 48 27 
144 144 13 19 
145 145 4 16 
146 146 9 8 
147 147 39 44 
148 148 38 10 
149 149 46 25 
150 150 32 41 
151 151 37 48 
152 152 45 48 
153 153 47 23 
154 154 9 18 
155 155 9 4 
156 156 48 40 
157 157 14 3 
158 158 28 19 
159 159 41 41 
160 160 31 49 
161 161 34 4 
162 162 44 39 
163 163 11 27 
164 164 39 18 
165 165 22 15 
166 166 44 6 
167 167 37 23 
168 168 45 34 
169 169 48 35 
170 170 47 35 
171 171 16 2 
172 172 4 29 
173 173 45 21 
174 174 43 16 
175 175 46 42 
176 176 6 44 
177 177 36 41 
178 178 11 10 
179 179 30 27 
180 180 21 17 
181 181 19 24 
182 182 40 35 
183 183 40 7 
184 184 13 23 
185 185 30 17 
186 186 37 36 
187 187 34 27 
188 188 44 15 
189 189 42 40 
190 190 12 20 
191 191 17 49 
192 192 28 11 
193 193 2 20 
194 194 48 28 
195 195 1 33 
196 196 5 1 
197 197 22 12 
198 198 12 48 
199 199 20 17 
200 200 45 46 
201 201 35 47 
202 202 6 0 
203 203 48 45 
204 204 28 26 
205 205 21 41 
206 206 38 15 
207 207 33 13 
208 208 13 4 
209 209 40 4 
210 210 9 28 
211 211 26 45 
212 212 9 35 
213 213 39 38 
214 214 31 22 
215 215 42 24 
216 216 30 40 
217 217 2 44 
218 218 48 13 
219 219 27 21 
220 220 41 30 
221 221 48 34 
222 222 9 29 
223 223 44 20 
224 224 23 16 
225 225 10 20 
226 226 16 21 
227 227 49 13 
228 228 32 29 
229 229 29 18 
230 230 48 32 
231 231 35 19 
232 232 42 41 
233 233 4 10 
234 234 3 24 
235 235 21 23 
236 236 23 27 
237 237 15 30 
238 238 20 22 
239 239 14 13 
240 240 17 7 
241 241 11 24 
242 242 4 21 
243 243 42 17 
244 244 24 2 
245 245 14 26 
246 246 31 26 
247 247 27 32 
248 248 20 9 
249 249 18 7 
250 250 8 27 
251 251 5 23 
252 252 29 28 
253 253 40 27 
254 254 21 8 
255 255 47 37 
256 256 14 2 
257 257 34 20 
258 258 42 19 
259 259 0 24 
260 260 26 37 
261 261 12 44 
262 262 3 47 
263 263 22 2 
264 264 8 30 
265 265 49 10 
266 266 16 36 
267 267 10 34 
268 268 26 32 
269 269 26 24 
270 270 28 18 
271 271 46 17 
272 272 43 29 
273 273 24 16 
274 274 6 18 
275 275 14 34 
276 276 8 49 
277 277 8 16 
278 278 11 8 
279 279 39 40 
280 280 26 40 
281 281 28 23 
282 282 8 2 
283 283 3 0 
284 284 43 22 
285 285 15 11 
286 286 5 49 
287 287 36 20 
288 288 25 21 
289 289 14 38 
290 290 35 8 
291 291 26 29 
292 292 25 26 
293 293 41 12 
294 294 0 16 
295 295 15 2 
296 296 20 30 
297 297 7 40 
298 298 42 23 
299 299 14 36 
300 300 5 26 
301 301 25 9 
302 302 25 6 
303 303 8 29 
304 304 7 0 
305 305 39 14 
306 306 24 10 
307 307 1 44 
308 308 45 11 
309 309 20 32 
310 310 24 33 
311 311 2 26 
312 312 29 34 
313 313 3 21 
314 314 42 20 
315 315 36 17 
316 316 22 0 
317 317 32 9 
318 318 40 38 
319 319 23 39 
320 320 33 36 
321 321 32 43 
322 322 33 49 
323 323 6 32 
324 324 7 14 
325 325 32 6 
326 326 49 12 
327 327 4 26 
328 328 18 38 
329 329 4 34 
330 330 36 1 
331 331 27 14 
332 332 19 19 
333 333 18 8 
334 334 32 8 
335 335 16 0 
336 336 4 47 
337 337 27 43 
338 338 11 6 
339 339 46 49 
340 340 41 49 
341 341 25 42 
342 342 38 36 
343 343 25 2 
344 344 21 13 
345 345 12 38 
346 346 44 3 
347 347 18 32 
348 348 8 34 
349 349 47 27 
350 350 21 21 
351 351 7 33 
352 352 32 46 
353 353 0 35 
354 354 12 36 
355 355 19 18 
356 356 22 44 
357 357 47 28 
358 358 31 28 
359 359 25 46 
360 360 24 21 
361 361 17 3 
362 362 35 26 
363 363 17 39 
364 364 49 38 
365 365 15 26 
366 366 27 49 
367 367 19 47 
368 368 47 12 
369 369 9 1 
370 370 22 30 
371 371 2 41 
372 372 25 12 
373 373 26 22 
374 374 17 14 
375 375 20 26 
376 376 39 11 
377 377 43 18 
378 378 4 9 
379 379 1 27 
380 380 7 10 
381 381 34 34 
382 382 27 12 
383 383 33 1 
384 384 2 43 
385 385 19 36 
386 386 15 15 
387 387 30 1 
388 388 30 46 
389 389 24 36 
390 390 21 32 
391 391 31 43 
392 392 10 28 
393 393 19 13 
394 394 21 19 
395 395 24 22 
396 396 20 13 
397 397 23 0 
398 398 44 27 
399 399 47 31 
400 400 25 33 
401 401 24 13 
402 402 31 14 
403 403 39 42 
404 404 9 7 
405 405 12 37 
406 406 18 4 
407 407 38 2 
408 408 2 42 
409 409 10 42 
410 410 24 38 
411 411 0 26 
412 412 46 37 
413 413 34 43 
414 414 36 26 
415 415 34 35 
416 416 18 10 
417 417 9 17 
418 418 10 48 
419 419 7 48 
420 420 25 16 
421 421 40 26 
422 422 29 37 
423 423 13 2 
424 424 18 9 
425 425 18 21 
426 426 36 30 
427 427 4 23 
428 428 44 8 
429 429 29 27 
430 430 23 45 
431 431 21 5 
432 432 14 40 
433 433 25 38 
434 434 49 28 
435 435 34 19 
436 436 35 9 
437 437 11 3 
438 438 45 9 
439 439 10 4 
440 440 36 46 
441 441 49 6 
442 442 38 6 
443 443 7 17 
444 444 2 34 
445 445 41 29 
446 446 23 38 
447 447 40 6 
448 448 7 31 
449 449 3 26 
450 450 29 1 
451 451 12 27 
452 452 48 31 
453 453 40 32 
454 454 38 21 
455 455 14 7 
456 456 4 43 
457 457 7 9 
458 458 32 12 
459 459 41 43 
460 460 9 38 
461 461 5 40 
462 462 23 49 
463 463 40 29 
464 464 18 40 
465 465 14 27 
466 466 29 47 
467 467 24 18 
468 468 21 25 
469 469 37 12 
470 470 7 1 
471 471 28 45 
472 472 4 19 
473 473 30 9 
474 474 37 14 
475 475 17 19 
476 476 36 31 
477 477 22 32 
478 478 35 32 
479 479 28 47 
480 480 48 0 
481 481 37 22 
482 482 16 39 
483 483 46 24 
484 484 0 10 
485 485 1 3 
486 486 31 46 
487 487 24 17 
488 488 27 16 
489 489 41 11 
490 490 7 2 
491 491 36 11 
492 492 22 8 
493 493 46 0 
494 494 47 33 
495 495 37 18 
496 496 16 44 
497 497 3 1 
498 498 13 48 
499 499 34 18 
500 500 27 5 
501 501 11 32 
502 502 16 8 
503 503 1 29 
504 504 7 35 
505 505 3 19 
506 506 48 7 
507 507 39 49 
508 508 46 6 
509 509 4 38 
510 510 1 4 
511 511 18 24 
512 512 19 10 
513 513 24 37 
514 514 38 13 
515 515 47 36 
516 516 46 30 
517 517 47 49 
518 518 0 45 
519 519 26 42 
520 520 6 13 
521 521 2 25 
522 522 48 29 
523 523 49 1 
524 524 45 29 
525 525 35 31 
526 526 29 42 
527 527 15 40 
528 528 9 3 
529 529 44 33 
530 530 16 5 
531 531 41 46 
532 532 25 24 
533 533 9 41 
534 534 12 5 
535 535 48 16 
536 536 18 1 
537 537 14 25 
538 538 29 12 
539 539 4 4 
540 540 3 41 
541 541 40 15 
542 542 40 5 
543 543 44 49 
544 544 38 35 
545 545 36 47 
546 546 31 41 
547 547 45 7 
548 548 24 29 
549 549 31 3 
550 550 16 20 
551 551 19 2 
552 552 35 48 
553 553 5 2 
554 554 0 25 
555 555 47 6 
556 556 6 6 
557 557 13 24 
558 558 48 37 
559 559 3 22 
560 560 32 24 
561 561 34 40 
562 562 18 34 
563 563 20 43 
564 564 11 35 
565 565 19 5 
566 566 39 37 
567 567 6 42 
568 568 8 10 
569 569 36 40 
570 570 27 40 
571 571 11 30 
572 572 18 47 
573 573 48 19 
574 574 19 21 
575 575 14 29 
576 576 12 8 
577 577 44 12 
578 578 12 41 
579 579 47 38 
580 580 34 44 
581 581 44 0 
582 582 20 27 
583 583 7 38 
584 584 41 7 
585 585 18 25 
586 586 14 15 
587 587 2 6 
588 588 7 18 
589 589 5 32 
590 590 41 1 
591 591 2 3 
592 592 15 44 
593 593 49 11 
594 594 16 45 
595 595 37 40 
596 596 1 25 
597 597 8 48 
598 598 22 39 
599 599 46 29 
#
EDGES (from-node to-node length a b):
0 571 27 0 
0 488 32 0 
0 435 29 0 
0 392 29 0 
0 305 35 0 
0 297 25 0 
0 248 41 0 
0 83 23 0 
0 32 34 0 
0 20 22 0 
1 59 16 0 
1 50 24 0 
2 539 61 0 
2 511 37 0 
2 484 60 0 
2 474 34 0 
2 313 51 0 
2 223 27 0 
2 90 56 0 
2 69 32 0 
3 520 50 0 
3 66 33 0 
4 532 25 0 
4 256 36 0 
4 202 37 0 
4 168 41 0 
5 486 16 0 
5 468 26 0 
5 233 48 0 
5 47 13 0 
6 232 24 0 
6 65 15 0 
6 47 11 0 
6 18 28 0 
7 599 23 0 
7 567 52 0 
7 441 6 0 
7 166 1 0 
7 130 39 0 
7 20 25 0 
8 332 6 0 
8 218 27 0 
8 119 15 0 
9 414 25 0 
9 399 37 0 
9 319 30 0 
10 597 23 0 
10 478 9 0 
10 438 31 0 
10 365 14 0 
10 328 9 0 
10 124 12 0 
11 593 21 0 
11 522 13 0 
11 262 38 0 
11 210 26 0 
11 64 22 0 
12 149 14 0 
12 34 18 0 
13 558 15 0 
13 385 15 0 
13 316 41 0 
13 147 7 0 
14 559 45 0 
14 531 1 0 
14 453 13 0 
14 389 20 0 
14 311 44 0 
14 297 35 0 
14 289 29 0 
14 269 26 0 
14 252 21 0 
15 595 8 0 
15 579 9 0 
15 494 7 0 
15 244 35 0 
15 153 12 0 
15 143 10 0 
16 502 36 0 
16 224 25 0 
17 590 41 0 
17 433 38 0 
17 265 48 0 
18 531 32 0 
18 519 17 0 
18 468 22 0 
18 188 45 0 
19 242 10 0 
19 227 48 0 
19 163 19 0 
20 512 33 0 
20 453 5 0 
20 369 47 0 
20 296 25 0 
20 206 17 0 
21 499 31 0 
21 337 12 0 
22 340 26 0 
22 242 45 0 
22 101 47 0 
22 57 50 0 
22 41 29 0 
22 39 9 0 
23 439 17 0 
23 394 17 0 
23 245 12 0 
23 219 23 0 
23 75 52 0 
24 540 37 0 
24 291 18 0 
25 297 3 0 
26 579 35 0 
26 509 37 0 
26 254 6 0 
26 178 16 0 
27 451 22 0 
27 405 31 0 
27 362 37 0 
27 307 37 0 
27 276 42 0 
27 248 17 0 
27 129 43 0 
28 431 22 0 
28 422 14 0 
28 327 29 0 
28 287 5 0 
28 69 19 0 
29 594 28 0 
29 569 11 0 
29 564 35 0 
29 544 14 0 
29 477 27 0 
29 391 14 0 
29 325 44 0 
29 324 50 0 
29 90 55 0 
29 45 36 0 
30 539 36 0 
30 526 9 0 
31 576 46 0 
31 487 32 0 
31 477 23 0 
31 462 20 0 
31 424 42 0 
31 363 25 0 
31 253 16 0 
31 231 25 0 
31 208 49 0 
31 206 28 0 
31 84 7 0 
31 77 15 0 
32 428 20 0 
32 328 24 0 
32 323 25 0 
32 268 17 0 
32 237 18 0 
32 231 11 0 
32 108 34 0 
32 90 17 0 
33 551 30 0 
33 506 32 0 
33 265 30 0 
33 248 23 0 
33 242 25 0 
34 580 33 0 
34 528 42 0 
34 451 39 0 
34 143 12 0 
35 564 26 0 
35 73 23 0 
35 46 45 0 
36 522 21 0 
36 115 16 0 
36 101 45 0 
37 329 3 0 
38 574 12 0 
38 551 18 0 
38 545 32 0 
38 368 17 0 
39 579 5 0 
39 471 22 0 
39 92 42 0 
40 587 51 0 
40 495 32 0 
40 449 35 0 
40 265 44 0 
40 158 30 0 
40 48 26 0 
40 46 48 0 
41 511 9 0 
41 503 24 0 
41 477 16 0 
41 119 7 0 
42 361 30 0 
43 589 42 0 
43 254 47 0 
43 99 22 0 
44 430 35 0 
44 352 39 0 
44 242 12 0 
44 188 32 0 
45 495 10 0 
45 436 10 0 
45 356 39 0 
46 527 34 0 
46 421 39 0 
46 223 41 0 
46 218 43 0 
46 76 48 0 
47 516 10 0 
47 213 12 0 
48 485 28 0 
48 428 34 0 
48 357 31 0 
48 115 23 0 
48 106 27 0 
49 234 45 0 
49 218 3 0 
50 496 9 0 
50 419 17 0 
50 299 16 0 
50 191 7 0 
50 126 19 0 
51 234 19 0 
51 178 31 0 
51 77 19 0 
52 565 19 0 
52 403 25 0 
53 489 18 0 
53 304 18 0 
53 284 24 0 
53 282 17 0 
53 255 37 0 
53 226 14 0 
54 199 26 0 
54 70 19 0 
55 369 47 0 
55 216 5 0 
56 400 18 0 
56 391 29 0 
56 203 44 0 
57 225 17 0 
57 191 46 0 
58 465 16 0 
58 424 2 0 
59 368 18 0 
59 360 8 0 
59 358 13 0 
59 238 11 0 
60 551 30 0 
60 490 41 0 
60 385 34 0 
60 174 3 0 
61 545 13 0 
61 412 9 0 
61 398 19 0 
61 220 17 0 
61 197 43 0 
61 165 40 0 
62 576 44 0 
62 302 39 0 
63 584 9 0 
63 550 37 0 
63 374 34 0 
63 349 24 0 
63 347 42 0 
63 173 18 0 
63 170 32 0 
65 461 43 0 
65 356 36 0 
65 338 26 0 
65 231 8 0 
65 111 9 0 
65 74 52 0 
66 542 16 0 
66 483 21 0 
66 452 26 0 
67 429 20 0 
67 311 13 0 
68 595 40 0 
68 566 38 0 
68 355 15 0 
69 481 24 0 
69 308 37 0 
69 203 33 0 
69 182 23 0 
70 562 22 0 
70 384 38 0 
70 333 10 0 
70 317 8 0 
71 568 26 0 
71 418 43 0 
71 338 24 0 
71 322 37 0 
71 217 45 0 
71 161 8 0 
71 135 42 0 
72 576 31 0 
72 420 17 0 
72 324 31 0 
72 246 5 0 
72 166 27 0 
72 134 35 0 
72 89 20 0 
73 423 40 0 
73 373 23 0 
74 462 22 0 
74 309 25 0 
74 269 35 0 
74 263 51 0 
74 244 52 0 
74 183 57 0 
74 182 41 0 
74 162 44 0 
75 498 35 0 
76 535 16 0 
76 332 31 0 
76 248 35 0 
77 81 33 0 
78 404 7 0 
78 246 30 0 
78 229 26 0 
78 221 49 0 
79 527 22 0 
79 305 21 0 
80 414 22 0 
80 117 29 0 
81 580 43 0 
81 578 35 0 
81 225 14 0 
81 193 18 0 
81 165 13 0 
81 107 16 0 
81 87 33 0 
82 559 26 0 
82 557 21 0 
82 451 25 0 
82 422 33 0 
82 286 48 0 
82 184 21 0 
82 174 23 0 
82 145 22 0 
82 138 38 0 
82 117 19 0 
83 470 53 0 
84 561 8 0 
84 266 25 0 
84 178 40 0 
84 114 14 0 
85 560 29 0 
85 303 45 0 
85 166 41 0 
86 537 20 0 
86 181 16 0 
86 135 30 0 
87 551 37 0 
87 233 31 0 
88 258 21 0 
88 224 28 0 
89 550 26 0 
89 445 27 0 
89 440 16 0 
89 429 21 0 
89 390 14 0 
89 359 5 0 
89 234 28 0 
90 371 42 0 
90 222 29 0 
90 143 42 0 
90 114 46 0 
90 103 34 0 
91 459 40 0 
92 336 19 0 
93 513 19 0 
93 353 40 0 
93 336 41 0 
93 275 26 0 
94 598 25 0 
94 234 31 0 
95 501 13 0 
95 498 29 0 
95 466 35 0 
96 327 29 0 
96 325 38 0 
96 271 33 0 
97 267 28 0 
97 228 38 0 
97 134 40 0 
97 108 37 0 
98 567 40 0 
98 554 32 0 
98 349 26 0 
98 122 18 0 
99 521 26 0 
100 528 32 0 
100 490 34 0 
100 416 23 0 
100 152 29 0 
100 114 15 0 
101 165 24 0 
102 588 29 0 
102 490 40 0 
102 412 15 0 
102 409 22 0 
103 554 49 0 
104 597 17 0 
104 470 30 0 
104 438 40 0 
104 367 18 0 
104 290 33 0 
104 281 19 0 
104 193 14 0 
104 154 13 0 
105 360 31 0 
105 219 29 0 
105 144 41 0 
106 561 43 0 
106 523 31 0 
106 471 46 0 
106 318 44 0 
106 299 36 0 
106 236 27 0 
106 208 6 0 
107 353 41 0 
107 312 28 0 
108 597 4 0 
108 491 44 0 
108 390 18 0 
109 472 30 0 
109 338 29 0 
110 394 20 0 
110 371 31 0 
110 289 30 0 
110 246 32 0 
110 151 51 0 
111 534 17 0 
111 502 13 0 
111 307 46 0 
112 524 18 0 
112 420 33 0 
112 211 12 0 
113 599 30 0 
113 590 49 0 
113 563 3 0 
113 554 30 0 
113 482 9 0 
113 460 14 0 
113 291 18 0 
113 207 35 0 
113 174 37 0 
113 148 40 0 
115 584 27 0 
115 348 30 0 
115 304 46 0 
116 388 17 0 
116 221 5 0 
116 133 25 0 
117 459 28 0 
117 393 11 0 
117 147 28 0 
118 586 25 0 
118 562 28 0 
118 517 35 0 
118 421 11 0 
118 406 24 0 
118 286 48 0 
119 452 34 0 
119 342 31 0 
119 330 16 0 
120 295 33 0 
121 381 6 0 
121 312 5 0 
121 231 20 0 
122 439 19 0 
122 408 24 0 
123 457 39 0 
123 338 36 0 
123 243 3 0 
123 179 17 0 
123 152 30 0 
124 365 14 0 
124 136 19 0 
125 269 18 0 
126 564 4 0 
126 560 27 0 
126 128 31 0 
127 524 32 0 
127 495 19 0 
128 521 40 0 
128 189 3 0 
129 548 23 0 
129 537 24 0 
129 492 42 0 
129 358 28 0 
129 311 25 0 
130 528 52 0 
130 467 31 0 
130 451 33 0 
130 384 38 0 
130 275 28 0 
130 173 25 0 
131 534 34 0 
131 263 33 0 
131 246 8 0 
131 181 15 0 
132 459 30 0 
133 417 25 0 
133 373 11 0 
134 568 37 0 
134 448 17 0 
134 326 59 0 
135 464 15 0 
135 395 28 0 
135 340 39 0 
135 264 11 0 
135 145 24 0 
136 289 21 0 
137 533 37 0 
137 396 12 0 
137 278 4 0 
138 381 9 0 
138 168 4 0 
139 184 5 0 
140 599 37 0 
140 560 24 0 
140 387 36 0 
140 259 11 0 
141 571 37 0 
141 443 46 0 
141 406 46 0 
141 336 44 0 
141 310 24 0 
141 244 44 0 
141 201 14 0 
142 580 22 0 
142 503 35 0 
144 518 29 0 
144 435 21 0 
145 583 22 0 
145 503 13 0 
145 185 26 0 
146 548 26 0 
146 248 11 0 
147 579 10 0 
147 562 23 0 
147 486 8 0 
147 205 18 0 
148 594 41 0 
149 583 41 0 
149 458 19 0 
150 535 30 0 
150 327 32 0 
150 263 40 0 
150 203 16 0 
150 156 16 0 
151 550 35 0 
151 503 41 0 
152 555 42 0 
152 484 59 0 
152 463 20 0 
152 446 24 0 
152 344 42 0 
152 289 33 0 
153 585 29 0 
153 297 43 0 
154 419 30 0 
155 514 30 0 
155 338 3 0 
155 280 40 0 
156 517 9 0 
156 477 27 0 
156 267 38 0 
156 266 32 0 
157 466 46 0 
158 599 21 0 
158 435 6 0 
158 311 27 0 
159 353 41 0 
159 208 46 0 
160 425 31 0 
161 428 11 0 
162 241 36 0 
162 205 23 0 
163 588 10 0 
163 492 22 0 
163 474 29 0 
163 404 20 0 
163 397 30 0 
163 176 18 0 
164 585 22 0 
164 562 26 0 
164 531 28 0 
164 515 20 0 
164 496 35 0 
164 373 14 0 
164 372 15 0 
164 358 13 0 
164 290 11 0 
164 181 21 0 
165 381 22 0 
165 367 32 0 
165 313 20 0 
166 505 43 0 
166 500 17 0 
166 446 38 0 
166 383 12 0 
166 354 44 0 
166 206 11 0 
167 432 29 0 
169 499 22 0 
169 260 22 0 
169 241 39 0 
170 532 25 0 
170 325 33 0 
170 313 46 0 
171 262 47 0 
172 349 43 0 
173 557 32 0 
173 470 43 0 
173 230 11 0 
174 450 21 0 
174 330 17 0 
174 282 38 0 
174 246 16 0 
174 201 32 0 
175 305 29 0 
175 199 36 0 
175 198 35 0 
176 351 11 0 
176 303 15 0 
176 218 52 0 
177 511 25 0 
177 323 31 0 
177 186 5 0 
177 181 24 0 
178 517 53 0 
178 497 12 0 
178 366 42 0 
178 342 37 0 
178 284 34 0 
178 189 43 0 
179 587 35 0 
179 557 17 0 
179 269 5 0 
179 214 5 0 
180 515 32 0 
180 458 12 0 
180 435 13 0 
181 470 26 0 
181 431 19 0 
181 364 33 0 
182 465 27 0 
182 283 51 0 
182 211 17 0 
183 495 11 0 
183 387 12 0 
183 371 51 0 
183 243 10 0 
184 563 21 0 
184 523 42 0 
184 360 11 0 
184 358 19 0 
184 307 24 0 
184 279 31 0 
185 351 28 0 
186 578 25 0 
186 576 38 0 
186 537 25 0 
186 523 37 0 
186 261 26 0 
187 360 12 0 
187 298 9 0 
187 240 26 0 
188 314 5 0 
189 377 22 0 
189 329 38 0 
189 295 47 0 
189 277 42 0 
189 223 20 0 
190 591 20 0 
190 549 25 0 
191 560 29 0 
191 488 34 0 
191 388 13 0 
192 449 29 0 
192 257 11 0 
193 472 2 0 
194 414 12 0 
194 406 38 0 
194 371 48 0 
194 361 40 0 
194 297 43 0 
194 205 30 0 
195 529 43 0 
195 465 14 0 
195 427 10 0 
195 298 42 0 
195 253 39 0 
196 552 56 0 
196 490 2 0 
196 489 37 0 
196 317 28 0 
197 597 39 0 
197 519 30 0 
197 256 13 0 
197 223 23 0 
198 337 16 0 
198 292 26 0 
199 514 18 0 
199 271 26 0 
200 591 61 0 
200 577 34 0 
200 363 29 0 
200 356 23 0 
200 331 37 0 
200 314 26 0 
201 571 29 0 
202 362 39 0 
203 393 43 0 
204 509 27 0 
204 240 22 0 
204 232 21 0 
205 534 37 0 
205 500 36 0 
205 367 6 0 
205 219 21 0 
206 453 17 0 
207 380 26 0 
207 266 29 0 
207 251 30 0 
208 576 4 0 
208 542 27 0 
208 295 3 0 
208 272 39 0 
208 212 31 0 
209 595 36 0 
209 438 7 0 
209 430 44 0 
210 539 25 0 
210 425 11 0 
210 422 22 0 
210 400 17 0 
210 232 35 0 
211 552 9 0 
211 332 27 0 
212 286 15 0 
212 273 24 0 
213 510 51 0 
213 509 35 0 
213 220 8 0 
214 421 10 0 
214 345 25 0 
215 389 22 0 
215 367 33 0 
215 351 36 0 
216 579 17 0 
216 550 24 0 
216 541 27 0 
216 529 16 0 
216 464 12 0 
216 307 29 0 
216 264 24 0 
218 582 31 0 
219 553 29 0 
219 504 24 0 
219 486 25 0 
219 339 34 0 
219 326 24 0 
219 301 12 0 
219 244 19 0 
220 464 25 0 
220 303 33 0 
221 357 6 0 
221 223 15 0 
222 331 23 0 
223 532 19 0 
223 433 26 0 
223 377 2 0 
224 403 31 0 
224 278 14 0 
225 595 34 0 
225 592 25 0 
225 553 19 0 
225 414 27 0 
225 232 38 0 
226 534 16 0 
226 485 23 0 
226 371 24 0 
227 387 22 0 
228 546 12 0 
228 455 28 0 
229 568 22 0 
229 531 30 0 
229 451 19 0 
229 333 15 0 
229 286 39 0 
230 481 15 0 
230 268 22 0 
231 563 28 0 
231 536 25 0 
231 418 38 0 
231 398 12 0 
231 340 31 0 
232 570 15 0 
232 404 47 0 
232 350 29 0 
232 268 18 0 
233 481 35 0 
234 492 25 0 
234 342 37 0 
235 565 18 0 
235 381 17 0 
236 303 15 0 
237 585 6 0 
238 425 2 0 
239 316 15 0 
240 565 3 0 
240 562 27 0 
240 538 13 0 
241 288 14 0 
242 354 17 0 
242 262 26 0 
243 389 26 0 
243 257 9 0 
244 563 41 0 
244 391 42 0 
244 283 21 0 
245 524 31 0 
245 493 41 0 
245 457 18 0 
245 407 34 0 
246 382 15 0 
247 591 38 0 
247 515 20 0 
247 503 26 0 
248 436 15 0 
249 486 41 0 
249 480 31 0 
249 255 42 0 
250 571 4 0 
250 379 7 0 
250 272 35 0 
251 540 18 0 
252 405 19 0 
252 395 8 0 
252 264 21 0 
253 326 17 0 
254 400 25 0 
254 399 35 0 
254 337 36 0 
255 578 35 0 
255 490 53 0 
255 450 40 0 
255 433 22 0 
255 329 43 0 
257 445 11 0 
257 380 29 0 
257 357 15 0 
258 449 40 0 
258 276 45 0 
259 463 40 0 
260 427 26 0 
260 425 18 0 
260 312 4 0 
261 442 46 0 
261 373 26 0 
261 329 13 0 
261 301 37 0 
262 575 21 0 
262 403 36 0 
262 272 44 0 
263 538 12 0 
263 388 45 0 
263 348 35 0 
263 300 29 0 
264 465 7 0 
264 441 48 0 
265 470 43 0 
265 271 8 0 
268 595 14 0 
268 495 18 0 
268 434 23 0 
268 433 6 0 
268 426 10 0 
268 422 6 0 
268 323 20 0 
269 546 18 0 
269 518 33 0 
269 409 24 0 
269 385 14 0 
270 511 12 0 
270 463 16 0 
271 357 11 0 
272 350 23 0 
274 309 20 0 
275 501 4 0 
275 297 9 0 
276 364 42 0 
277 373 19 0 
277 340 47 0 
278 363 32 0 
279 585 26 0 
279 425 28 0 
279 398 14 0 
279 352 9 0 
279 344 32 0 
280 386 27 0 
280 291 11 0 
281 442 20 0 
281 361 23 0 
281 299 19 0 
282 468 26 0 
284 575 30 0 
284 400 21 0 
284 289 33 0 
285 569 36 0 
285 510 16 0 
285 309 22 0 
286 540 8 0 
287 559 33 0 
287 491 9 0 
287 479 28 0 
287 371 40 0 
288 348 21 0 
289 540 11 0 
289 465 11 0 
289 327 16 0 
289 294 26 0 
290 331 10 0 
291 543 27 0 
291 378 30 0 
292 550 11 0 
292 371 27 0 
292 358 6 0 
292 304 32 0 
293 556 36 0 
293 334 10 0 
294 524 47 0 
294 490 16 0 
295 514 25 0 
296 581 38 0 
296 456 21 0 
297 573 46 0 
297 468 21 0 
297 453 34 0 
298 444 41 0 
299 402 28 0 
300 414 31 0 
301 484 25 0 
301 329 33 0 
302 579 39 0 
302 505 26 0 
302 418 45 0 
302 417 19 0 
304 467 25 0 
304 455 10 0 
304 329 34 0 
305 550 24 0 
305 529 20 0 
305 475 23 0 
306 588 19 0 
306 472 22 0 
306 427 24 0 
306 410 28 0 
307 535 55 0 
307 494 47 0 
307 453 41 0 
307 440 35 0 
309 515 27 0 
309 425 11 0 
310 566 16 0 
310 514 24 0 
311 407 43 0 
311 337 30 0 
312 593 30 0 
312 585 14 0 
312 404 34 0 
312 345 17 0 
312 328 12 0 
313 581 46 0 
313 521 4 0 
313 494 46 0 
314 316 28 0 
315 547 13 0 
315 533 36 0 
315 466 31 0 
316 384 47 0 
317 542 9 0 
319 482 7 0 
319 404 35 0 
320 541 22 0 
320 468 16 0 
320 375 16 0 
320 353 33 0 
321 538 31 0 
321 457 42 0 
321 415 8 0 
322 536 50 0 
322 505 42 0 
322 469 37 0 
322 417 40 0 
323 525 29 0 
323 480 53 0 
323 351 1 0 
324 539 10 0 
324 535 41 0 
324 450 26 0 
324 448 17 0 
324 426 33 0 
324 408 28 0 
324 373 21 0 
324 372 18 0 
324 371 27 0 
324 361 15 0 
324 338 9 0 
325 523 18 0 
325 411 38 0 
326 580 35 0 
326 552 39 0 
326 519 38 0 
326 494 21 0 
327 359 29 0 
327 331 26 0 
328 459 24 0 
328 426 20 0 
328 390 7 0 
329 595 34 0 
329 476 32 0 
329 466 28 0 
329 426 32 0 
330 536 18 0 
331 542 16 0 
333 457 11 0 
333 349 35 0 
334 454 14 0 
334 365 25 0 
335 469 24 0 
335 405 37 0 
336 455 41 0 
336 364 46 0 
337 404 40 0 
337 400 10 0 
337 380 39 0 
338 552 48 0 
338 550 15 0 
338 543 54 0 
338 541 30 0 
338 497 9 0 
338 466 45 0 
338 432 34 0 
339 490 61 0 
340 506 43 0 
340 357 22 0 
341 438 39 0 
342 557 28 0 
342 426 6 0 
342 415 4 0 
342 384 37 0 
343 538 11 0 
343 499 18 0 
343 493 21 0 
343 353 41 0 
344 478 24 0 
344 404 13 0 
345 578 3 0 
345 548 15 0 
345 481 30 0 
345 364 37 0 
346 491 11 0 
346 468 32 0 
346 428 5 0 
346 402 17 0 
347 578 11 0 
350 536 20 0 
350 480 34 0 
350 395 3 0 
351 593 47 0 
351 454 33 0 
352 562 18 0 
353 497 34 0 
355 551 16 0 
356 523 51 0 
356 488 28 0 
356 463 23 0 
357 458 22 0 
358 460 24 0 
358 423 32 0 
359 537 24 0 
360 475 7 0 
360 382 9 0 
361 522 40 0 
361 397 7 0 
361 376 23 0 
362 518 40 0 
362 478 6 0 
362 466 22 0 
363 526 12 0 
363 508 44 0 
363 506 45 0 
363 456 14 0 
364 539 56 0 
365 504 12 0 
367 425 26 0 
368 560 19 0 
369 489 34 0 
369 479 50 0 
370 447 30 0 
370 446 8 0 
371 578 10 0 
372 582 16 0 
372 444 32 0 
374 597 35 0 
374 430 32 0 
376 540 47 0 
377 416 26 0 
377 395 19 0 
378 456 34 0 
379 388 35 0 
380 582 21 0 
380 477 27 0 
381 520 35 0 
381 512 28 0 
381 420 20 0 
382 560 13 0 
382 524 25 0 
383 485 32 0 
384 536 45 0 
387 482 40 0 
390 501 10 0 
390 498 18 0 
392 524 35 0 
392 483 36 0 
392 438 40 0 
393 591 20 0 
393 561 31 0 
394 559 18 0 
396 471 33 0 
396 435 15 0 
398 486 23 0 
399 493 31 0 
400 544 13 0 
400 535 29 0 
401 456 36 0 
402 583 34 0 
402 579 29 0 
402 572 35 0 
403 558 10 0 
403 539 52 0 
403 442 36 0 
404 502 7 0 
404 492 13 0 
404 475 14 0 
405 416 28 0 
406 589 31 0 
406 576 7 0 
408 560 35 0 
408 480 62 0 
408 475 27 0 
408 427 19 0 
409 505 24 0 
409 448 11 0 
411 554 1 0 
411 416 24 0 
412 570 19 0 
412 428 29 0 
412 414 15 0 
413 588 37 0 
415 553 44 0 
415 416 30 0 
416 557 15 0 
416 428 26 0 
417 535 39 0 
418 490 46 0 
419 588 30 0 
419 584 53 0 
421 570 19 0 
421 477 19 0 
421 464 26 0 
422 551 36 0 
423 597 46 0 
423 470 6 0 
424 473 12 0 
425 594 24 0 
425 487 7 0 
426 591 43 0 
426 571 25 0 
427 548 21 0 
427 468 17 0 
431 545 45 0 
431 524 34 0 
431 448 30 0 
433 438 35 0 
434 514 19 0 
434 449 46 0 
435 502 21 0 
435 456 38 0 
436 509 42 0 
437 439 1 0 
438 592 46 0 
438 522 20 0 
438 496 45 0 
440 583 30 0 
441 571 45 0 
442 493 10 0 
442 469 6 0 
443 590 38 0 
443 558 46 0 
444 487 28 0 
445 596 40 0 
446 496 9 0 
448 527 12 0 
448 449 6 0 
449 476 33 0 
455 489 27 0 
456 464 14 0 
457 532 23 0 
457 482 31 0 
459 599 15 0 
459 592 26 0 
459 554 45 0 
460 596 15 0 
460 587 33 0 
460 564 4 0 
463 586 30 0 
464 592 5 0 
465 508 38 0 
466 588 36 0 
469 599 19 0 
471 559 34 0 
472 569 38 0 
472 486 38 0 
473 598 31 0 
474 511 21 0 
476 549 28 0 
476 500 28 0 
479 551 46 0 
479 497 52 0 
482 493 49 0 
483 496 36 0 
485 509 35 0 
485 500 26 0 
487 505 21 0 
488 518 40 0 
492 547 23 0 
493 553 41 0 
495 522 16 0 
496 567 10 0 
496 547 47 0 
499 582 17 0 
500 562 30 0 
503 512 26 0 
507 520 49 0 
508 511 33 0 
509 559 16 0 
512 582 17 0 
513 569 12 0 
515 534 47 0 
516 548 22 0 
518 565 44 0 
520 586 8 0 
526 536 42 0 
527 547 45 0 
530 533 37 0 
531 539 56 0 
543 583 39 0 
543 550 40 0 
545 595 7 0 
550 597 29 0 
553 556 4 0 
557 589 11 0 
557 575 5 0 
558 592 34 0 
559 586 13 0 
566 584 30 0 
573 576 38 0 
581 593 12 0 
