#GRAPH (#nodes #edges id uu vv ww xx yy zz):
#600 2600 geo(0,{600,50,3,0.007,0.000,0.000}) 50 
#
VERTICES (index name u v w x y z):
0 0 16 23 
1 1 25 40 
2 2 34 27 
3 3 6 41 
4 4 48 13 
5 5 45 21 
6 6 1 9 
7 7 28 38 
8 8 7 2 
9 9 42 18 
10 10 44 30 
11 11 6 19 
12 12 28 29 
13 13 21 19 
14 14 46 48 
15 15 17 5 
16 16 33 30 
17 17 25 11 
18 18 24 17 
19 19 11 9 
20 20 31 47 
21 21 39 13 
22 22 30 43 
23 23 1 7 
24 24 46 43 
25 25 17 30 
26 26 35 22 
27 27 21 31 
28 28 44 20 
29 29 17 47 
30 30 15 6 
31 31 2 38 
32 32 8 10 
33 33 44 6 
34 34 39 16 
35 35 45 7 
36 36 49 16 
37 37 24 14 
38 38 44 35 
39 39 27 3 
40 40 21 35 
41 41 12 0 
42 42 37 10 
43 43 5 35 
44 44 27 45 
45 45 11 15 
46 46 37 4 
47 47 3 23 
48 48 35 37 
49 49 41 21 
50 50 20 48 
51 51 27 31 
52 52 44 4 
53 53 9 34 
54 54 44 10 
55 55 36 26 
56 56 47 27 
57 57 27 46 
58 58 22 25 
59 59 44 16 
60 60 26 43 
61 61 0 28 
62 62 35 48 
63 63 16 36 
64 64 34 31 
65 65 11 37 
66 66 37 34 
67 67 34 41 
68 68 48 38 
69 69 27 6 
70 70 14 33 
71 71 16 28 
72 72 28 3 
73 73 31 17 
74 74 26 49 
75 75 36 12 
76 76 20 6 
77 77 30 37 
78 78 3 32 
79 79 30 47 
80 80 14 21 
81 81 3 31 
82 82 29 3 
83 83 48 32 
84 84 34 18 
85 85 28 2 
86 86 35 23 
87 87 15 35 
88 88 41 31 
89 89 45 43 
90 90 49 47 
91 91 38 38 
92 92 17 37 
93 93 7 3 
94 94 47 44 
95 95 27 43 
96 96 10 4 
97 97 47 40 
98 98 29 1 
99 99 26 2 
100 100 48 12 
101 101 6 29 
102 102 42 49 
103 103 2 6 
104 104 34 5 
105 105 22 30 
106 106 19 30 
107 107 10 29 
108 108 23 40 
109 109 6 27 
110 110 17 14 
111 111 41 7 
112 112 20 21 
113 113 2 22 
114 114 3 46 
115 115 5 37 
116 116 25 32 
117 117 8 28 
118 118 34 23 
119 119 21 48 
120 120 28 6 
121 121 26 5 
122 122 49 14 
123 123 11 26 
124 124 3 42 
125 125 9 0 
126 126 0 43 
127 127 23 33 
128 128 12 2 
129 129 32 41 
130 130 15 1 
131 131 48 46 
132 132 0 11 
133 133 43 42 
134 134 34 34 
135 135 47 17 
136 136 41 48 
137 137 10 11 
138 138 4 7 
139 139 35 0 
140 140 22 41 
141 141 40 26 
142 142 45 26 
143 143 30 0 
144 144 44 27 
145 145 44 26 
146 146 26 48 
147 147 43 37 
148 148 34 19 
149 149 2 30 
150 150 3 11 
151 151 36 10 
152 152 37 8 
153 153 9 47 
154 154 40 44 
155 155 11 10 
156 156 48 20 
157 157 0 36 
158 158 32 22 
159 159 43 40 
160 160 30 41 
161 161 4 23 
162 162 27 13 
163 163 25 49 
164 164 13 42 
165 165 34 26 
166 166 43 18 
167 167 39 22 
168 168 41 45 
169 169 1 10 
170 170 12 26 
171 171 16 1 
172 172 10 43 
173 173 28 28 
174 174 46 32 
175 175 42 42 
176 176 35 18 
177 177 27 28 
178 178 14 17 
179 179 25 18 
180 180 28 27 
181 181 22 48 
182 182 18 32 
183 183 23 15 
184 184 36 46 
185 185 16 14 
186 186 7 35 
187 187 37 40 
188 188 46 14 
189 189 22 23 
190 190 35 19 
191 191 28 30 
192 192 24 29 
193 193 35 33 
194 194 34 2 
195 195 20 16 
196 196 1 38 
197 197 46 24 
198 198 39 0 
199 199 12 44 
200 200 1 1 
201 201 42 10 
202 202 45 44 
203 203 20 47 
204 204 35 11 
205 205 16 46 
206 206 16 24 
207 207 2 1 
208 208 36 1 
209 209 42 47 
210 210 36 18 
211 211 10 13 
212 212 23 32 
213 213 7 25 
214 214 13 7 
215 215 2 17 
216 216 5 7 
217 217 28 20 
218 218 48 31 
219 219 31 36 
220 220 2 45 
221 221 15 4 
222 222 11 22 
223 223 46 46 
224 224 23 48 
225 225 27 17 
226 226 33 15 
227 227 16 39 
228 228 32 31 
229 229 13 36 
230 230 34 49 
231 231 42 35 
232 232 11 31 
233 233 23 27 
234 234 25 13 
235 235 22 14 
236 236 35 45 
237 237 16 48 
238 238 26 29 
239 239 13 4 
240 240 48 42 
241 241 22 9 
242 242 35 31 
243 243 33 35 
244 244 1 25 
245 245 24 23 
246 246 29 26 
247 247 12 39 
248 248 0 10 
249 249 34 43 
250 250 4 26 
251 251 10 9 
252 252 7 27 
253 253 10 28 
254 254 49 32 
255 255 18 20 
256 256 29 29 
257 257 8 46 
258 258 34 7 
259 259 9 8 
260 260 38 0 
261 261 30 28 
262 262 49 4 
263 263 29 43 
264 264 5 38 
265 265 38 48 
266 266 11 41 
267 267 7 5 
268 268 41 46 
269 269 49 2 
270 270 22 13 
271 271 39 25 
272 272 31 42 
273 273 13 29 
274 274 33 21 
275 275 21 38 
276 276 41 15 
277 277 10 48 
278 278 29 46 
279 279 20 3 
280 280 23 47 
281 281 34 45 
282 282 1 19 
283 283 21 9 
284 284 22 28 
285 285 33 45 
286 286 20 43 
287 287 34 21 
288 288 8 30 
289 289 15 12 
290 290 49 3 
291 291 12 15 
292 292 47 30 
293 293 45 13 
294 294 45 15 
295 295 34 0 
296 296 34 8 
297 297 15 33 
298 298 6 6 
299 299 18 6 
300 300 39 43 
301 301 37 35 
302 302 42 39 
303 303 7 22 
304 304 42 21 
305 305 26 36 
306 306 27 37 
307 307 11 2 
308 308 22 40 
309 309 32 35 
310 310 2 13 
311 311 13 31 
312 312 8 25 
313 313 35 1 
314 314 32 21 
315 315 39 5 
316 316 4 47 
317 317 25 37 
318 318 18 47 
319 319 32 47 
320 320 45 31 
321 321 24 20 
322 322 32 37 
323 323 33 9 
324 324 21 44 
325 325 49 15 
326 326 38 10 
327 327 47 8 
328 328 27 48 
329 329 47 1 
330 330 47 48 
331 331 35 41 
332 332 25 15 
333 333 2 33 
334 334 18 15 
335 335 46 38 
336 336 48 45 
337 337 40 49 
338 338 19 36 
339 339 7 29 
340 340 5 22 
341 341 3 39 
342 342 8 37 
343 343 9 28 
344 344 13 43 
345 345 27 47 
346 346 3 35 
347 347 29 38 
348 348 34 22 
349 349 28 37 
350 350 28 1 
351 351 29 49 
352 352 6 23 
353 353 41 3 
354 354 14 19 
355 355 44 2 
356 356 29 13 
357 357 25 44 
358 358 0 1 
359 359 7 10 
360 360 16 10 
361 361 27 0 
362 362 4 29 
363 363 47 24 
364 364 32 28 
365 365 7 43 
366 366 20 15 
367 367 12 10 
368 368 38 6 
369 369 31 15 
370 370 6 36 
371 371 22 36 
372 372 31 46 
373 373 20 17 
374 374 26 40 
375 375 39 33 
376 376 49 21 
377 377 9 18 
378 378 16 21 
379 379 48 35 
380 380 18 38 
381 381 15 29 
382 382 46 20 
383 383 19 6 
384 384 32 23 
385 385 3 7 
386 386 49 25 
387 387 0 8 
388 388 40 38 
389 389 5 18 
390 390 3 29 
391 391 49 6 
392 392 35 47 
393 393 22 7 
394 394 44 19 
395 395 12 27 
396 396 37 36 
397 397 7 7 
398 398 9 35 
399 399 10 14 
400 400 22 27 
401 401 19 20 
402 402 16 6 
403 403 41 26 
404 404 29 37 
405 405 5 42 
406 406 11 8 
407 407 7 6 
408 408 31 16 
409 409 19 46 
410 410 22 29 
411 411 3 1 
412 412 27 40 
413 413 40 11 
414 414 28 26 
415 415 45 17 
416 416 9 9 
417 417 49 24 
418 418 12 6 
419 419 38 35 
420 420 38 3 
421 421 3 21 
422 422 3 37 
423 423 11 13 
424 424 28 42 
425 425 1 6 
426 426 9 7 
427 427 30 21 
428 428 46 47 
429 429 32 0 
430 430 21 37 
431 431 6 0 
432 432 21 45 
433 433 2 36 
434 434 40 41 
435 435 0 23 
436 436 19 8 
437 437 45 32 
438 438 46 8 
439 439 41 8 
440 440 10 39 
441 441 26 1 
442 442 20 22 
443 443 2 7 
444 444 33 14 
445 445 4 45 
446 446 24 28 
447 447 44 47 
448 448 10 45 
449 449 6 43 
450 450 44 32 
451 451 20 45 
452 452 41 36 
453 453 28 35 
454 454 43 0 
455 455 40 28 
456 456 20 49 
457 457 24 22 
458 458 13 1 
459 459 23 38 
460 460 1 45 
461 461 12 3 
462 462 17 4 
463 463 15 23 
464 464 26 44 
465 465 28 19 
466 466 21 49 
467 467 24 3 
468 468 25 33 
469 469 44 7 
470 470 22 35 
471 471 22 44 
472 472 24 13 
473 473 43 20 
474 474 30 45 
475 475 1 22 
476 476 19 45 
477 477 24 41 
478 478 19 28 
479 479 8 38 
480 480 18 37 
481 481 36 28 
482 482 25 8 
483 483 12 12 
484 484 33 11 
485 485 42 17 
486 486 15 31 
487 487 48 10 
488 488 9 42 
489 489 4 24 
490 490 13 45 
491 491 11 43 
492 492 31 48 
493 493 22 21 
494 494 10 46 
495 495 6 48 
496 496 32 24 
497 497 46 11 
498 498 39 46 
499 499 31 1 
500 500 19 32 
501 501 3 14 
502 502 15 3 
503 503 2 40 
504 504 25 19 
505 505 32 44 
506 506 11 42 
507 507 0 40 
508 508 33 23 
509 509 14 23 
510 510 9 13 
511 511 23 44 
512 512 12 11 
513 513 22 33 
514 514 26 33 
515 515 33 43 
516 516 30 35 
517 517 33 41 
518 518 34 42 
519 519 15 36 
520 520 46 19 
521 521 33 38 
522 522 1 18 
523 523 7 21 
524 524 3 15 
525 525 26 28 
526 526 39 6 
527 527 10 6 
528 528 13 18 
529 529 30 48 
530 530 46 27 
531 531 29 35 
532 532 14 44 
533 533 30 17 
534 534 20 30 
535 535 39 19 
536 536 10 21 
537 537 25 47 
538 538 33 2 
539 539 12 23 
540 540 40 47 
541 541 48 29 
542 542 19 9 
543 543 7 15 
544 544 0 46 
545 545 48 6 
546 546 42 2 
547 547 10 34 
548 548 38 22 
549 549 48 2 
550 550 18 26 
551 551 0 25 
552 552 44 23 
553 553 6 11 
554 554 28 41 
555 555 8 2 
556 556 14 0 
557 557 7 19 
558 558 9 1 
559 559 33 12 
560 560 4 1 
561 561 49 0 
562 562 31 21 
563 563 24 1 
564 564 36 8 
565 565 7 26 
566 566 44 43 
567 567 17 48 
568 568 48 48 
569 569 13 19 
570 570 31 7 
571 571 11 47 
572 572 22 47 
573 573 20 34 
574 574 43 32 
575 575 38 45 
576 576 31 49 
577 577 25 7 
578 578 41 9 
579 579 4 20 
580 580 28 33 
581 581 29 14 
582 582 31 38 
583 583 6 47 
584 584 44 17 
585 585 0 27 
586 586 19 12 
587 587 48 9 
588 588 8 48 
589 589 48 4 
590 590 17 41 
591 591 13 49 
592 592 15 28 
593 593 8 9 
594 594 16 49 
595 595 49 9 
596 596 37 45 
597 597 13 17 
598 598 0 13 
599 599 13 11 
#
EDGES (from-node to-node length a b):
0 430 15 0 
0 332 12 0 
0 189 6 0 
0 59 29 0 
1 471 5 0 
1 410 11 0 
1 255 21 0 
1 130 40 0 
1 78 23 0 
2 128 33 0 
2 88 8 0 
3 533 34 0 
3 415 46 0 
3 293 48 0 
3 289 30 0 
3 159 37 0 
3 48 29 0 
4 540 35 0 
4 257 52 0 
4 225 21 0 
4 199 48 0 
4 142 13 0 
4 138 44 0 
4 109 44 0 
4 108 37 0 
4 24 30 0 
5 543 38 0 
5 61 46 0 
5 46 19 0 
5 33 15 0 
6 597 14 0 
6 543 8 0 
6 454 43 0 
6 381 24 0 
6 372 48 0 
6 317 37 0 
6 286 39 0 
6 80 18 0 
7 228 8 0 
8 356 25 0 
8 237 47 0 
8 140 42 0 
9 580 21 0 
9 500 27 0 
9 433 44 0 
9 347 24 0 
9 301 18 0 
9 282 41 0 
9 267 37 0 
9 102 31 0 
10 102 19 0 
10 29 32 0 
11 577 22 0 
11 523 2 0 
11 444 27 0 
11 419 36 0 
11 220 26 0 
12 442 11 0 
12 405 26 0 
12 98 28 0 
13 372 29 0 
13 85 18 0 
14 426 55 0 
14 273 38 0 
14 227 31 0 
15 543 14 0 
15 534 25 0 
15 252 24 0 
15 178 12 0 
15 104 17 0 
15 68 45 0 
15 60 39 0 
16 442 15 0 
16 286 18 0 
16 59 18 0 
17 570 7 0 
17 362 28 0 
17 314 12 0 
17 222 18 0 
18 487 25 0 
18 179 1 0 
18 56 25 0 
19 347 34 0 
19 47 16 0 
20 328 4 0 
21 588 47 0 
21 571 44 0 
21 542 20 0 
21 432 37 0 
21 203 39 0 
21 95 32 0 
22 352 31 0 
22 341 27 0 
22 115 26 0 
23 519 32 0 
23 506 36 0 
23 499 31 0 
23 142 48 0 
24 431 59 0 
24 417 19 0 
24 366 38 0 
24 227 30 0 
24 141 18 0 
25 382 31 0 
25 206 6 0 
25 150 24 0 
26 471 26 0 
26 376 14 0 
26 228 9 0 
26 141 6 0 
26 44 24 0 
27 420 33 0 
27 325 32 0 
27 77 11 0 
27 56 26 0 
28 353 17 0 
28 260 21 0 
28 244 43 0 
29 468 16 0 
29 461 44 0 
29 225 32 0 
29 214 40 0 
29 202 28 0 
29 156 41 0 
29 155 37 0 
30 560 12 0 
30 492 45 0 
30 182 26 0 
30 50 42 0 
31 389 20 0 
31 254 47 0 
31 217 32 0 
31 59 47 0 
32 574 41 0 
32 538 26 0 
32 491 33 0 
32 315 31 0 
32 35 37 0 
33 279 24 0 
33 191 29 0 
33 65 45 0 
34 574 16 0 
34 249 27 0 
34 227 33 0 
34 216 35 0 
34 127 23 0 
34 103 38 0 
35 414 25 0 
35 93 38 0 
36 532 45 0 
36 499 23 0 
36 469 10 0 
36 415 4 0 
36 97 24 0 
37 542 7 0 
37 280 33 0 
37 69 9 0 
38 473 15 0 
38 61 45 0 
38 53 35 0 
38 44 20 0 
39 334 15 0 
39 217 17 0 
39 50 46 0 
39 48 35 0 
40 510 25 0 
40 251 28 0 
41 557 20 0 
41 449 43 0 
41 345 49 0 
41 330 59 0 
41 201 32 0 
42 535 9 0 
42 466 42 0 
42 422 43 0 
42 301 25 0 
42 87 33 0 
43 561 56 0 
43 216 28 0 
43 108 19 0 
44 514 12 0 
44 479 20 0 
44 396 13 0 
44 393 38 0 
44 356 32 0 
44 339 26 0 
44 293 37 0 
44 179 27 0 
45 521 32 0 
45 491 28 0 
45 483 3 0 
45 290 40 0 
45 135 36 0 
46 377 31 0 
46 265 44 0 
46 139 4 0 
47 506 21 0 
48 136 13 0 
48 131 16 0 
49 292 11 0 
49 120 20 0 
49 99 24 0 
50 513 15 0 
50 486 18 0 
50 483 37 0 
50 381 20 0 
50 280 3 0 
50 229 14 0 
50 185 34 0 
51 225 14 0 
52 449 54 0 
52 167 19 0 
52 81 49 0 
53 328 23 0 
53 265 32 0 
54 567 47 0 
54 555 37 0 
54 408 14 0 
54 227 40 0 
54 157 51 0 
55 537 24 0 
55 367 29 0 
55 119 27 0 
56 588 44 0 
56 456 35 0 
56 341 46 0 
56 229 35 0 
57 536 30 0 
57 497 40 0 
57 458 47 0 
57 428 19 0 
57 182 17 0 
57 126 27 0 
57 123 26 0 
57 115 24 0 
58 471 19 0 
58 314 11 0 
58 199 21 0 
58 84 14 0 
59 391 11 0 
59 88 15 0 
60 551 32 0 
60 302 16 0 
60 298 42 0 
60 290 46 0 
60 247 15 0 
60 237 11 0 
60 185 31 0 
60 160 4 0 
60 122 37 0 
61 547 12 0 
61 334 22 0 
62 546 47 0 
62 370 31 0 
62 305 15 0 
62 199 23 0 
63 587 42 0 
63 556 36 0 
63 472 24 0 
63 435 21 0 
63 197 32 0 
64 463 21 0 
64 451 20 0 
64 81 31 0 
64 79 16 0 
65 542 29 0 
65 356 30 0 
65 305 15 0 
65 268 31 0 
65 259 29 0 
65 99 38 0 
66 429 34 0 
66 377 32 0 
66 224 20 0 
66 140 17 0 
67 599 37 0 
67 522 40 0 
67 385 46 0 
67 316 31 0 
67 223 13 0 
67 202 11 0 
68 541 9 0 
68 271 16 0 
69 270 9 0 
69 174 32 0 
70 448 13 0 
70 442 13 0 
70 354 14 0 
70 258 33 0 
70 92 5 0 
70 88 27 0 
70 75 30 0 
71 598 22 0 
71 433 16 0 
71 386 33 0 
71 352 11 0 
72 457 19 0 
72 298 22 0 
72 162 10 0 
72 89 43 0 
73 537 31 0 
73 387 32 0 
73 353 17 0 
73 277 37 0 
73 262 22 0 
73 240 30 0 
74 507 28 0 
75 526 7 0 
75 291 24 0 
75 274 9 0 
75 214 24 0 
76 322 33 0 
76 287 21 0 
76 129 37 0 
77 505 7 0 
77 164 18 0 
77 124 27 0 
78 565 7 0 
78 377 15 0 
78 313 45 0 
78 300 38 0 
78 191 25 0 
79 572 8 0 
79 428 16 0 
79 179 29 0 
80 525 14 0 
80 424 25 0 
80 413 28 0 
80 229 15 0 
80 176 21 0 
81 324 22 0 
81 111 45 0 
82 462 12 0 
82 161 32 0 
82 86 21 0 
83 434 12 0 
83 210 18 0 
83 181 31 0 
84 430 23 0 
84 241 15 0 
84 142 14 0 
85 535 20 0 
86 572 27 0 
86 421 32 0 
86 374 19 0 
87 509 12 0 
87 185 21 0 
87 116 10 0 
88 582 12 0 
88 437 4 0 
88 411 48 0 
88 408 18 0 
88 391 26 0 
88 367 36 0 
88 267 43 0 
88 235 25 0 
88 157 41 0 
88 137 37 0 
89 558 55 0 
90 387 63 0 
90 369 37 0 
90 356 39 0 
90 214 54 0 
91 540 9 0 
91 496 15 0 
91 494 29 0 
92 437 28 0 
92 418 31 0 
92 357 11 0 
92 254 32 0 
92 120 33 0 
93 573 34 0 
93 417 47 0 
93 197 44 0 
93 172 40 0 
94 332 36 0 
95 576 7 0 
95 572 6 0 
95 198 45 0 
95 185 31 0 
95 152 36 0 
96 575 50 0 
96 156 41 0 
96 145 40 0 
97 171 50 0 
97 162 34 0 
97 152 34 0 
97 128 52 0 
98 449 48 0 
98 318 47 0 
98 243 34 0 
98 143 1 0 
99 357 42 0 
99 235 13 0 
99 126 49 0 
100 495 55 0 
100 307 38 0 
101 414 22 0 
101 390 3 0 
101 335 41 0 
101 315 41 0 
101 275 17 0 
101 179 22 0 
101 135 43 0 
102 599 48 0 
102 478 31 0 
102 453 20 0 
102 434 8 0 
102 352 44 0 
102 118 27 0 
103 350 26 0 
103 318 44 0 
103 204 33 0 
104 574 28 0 
104 558 25 0 
104 466 46 0 
104 446 25 0 
104 391 15 0 
104 158 17 0 
105 522 24 0 
105 325 31 0 
105 204 23 0 
106 417 31 0 
106 391 38 0 
106 185 16 0 
106 116 6 0 
107 341 12 0 
107 289 18 0 
108 376 32 0 
108 230 14 0 
109 575 37 0 
109 195 18 0 
109 139 40 0 
110 404 26 0 
110 394 27 0 
110 363 32 0 
110 346 25 0 
111 382 14 0 
112 558 23 0 
112 438 29 0 
112 332 8 0 
112 319 29 0 
112 311 12 0 
113 575 43 0 
113 541 47 0 
113 117 8 0 
114 475 24 0 
114 395 21 0 
114 330 44 0 
114 236 32 0 
115 590 13 0 
115 560 36 0 
115 471 18 0 
115 455 36 0 
115 406 30 0 
115 273 11 0 
116 477 9 0 
116 416 28 0 
116 334 18 0 
116 303 21 0 
116 124 24 0 
117 444 29 0 
117 326 35 0 
117 280 24 0 
117 202 40 0 
118 483 25 0 
118 446 11 0 
118 171 28 0 
119 236 14 0 
119 128 47 0 
120 502 13 0 
120 288 31 0 
120 210 14 0 
121 540 44 0 
121 507 44 0 
121 484 9 0 
121 203 42 0 
121 149 35 0 
122 542 30 0 
123 460 21 0 
123 455 29 0 
123 238 15 0 
123 162 21 0 
123 147 34 0 
124 445 3 0 
124 348 37 0 
124 229 12 0 
125 320 48 0 
126 567 18 0 
126 521 33 0 
126 291 30 0 
127 380 7 0 
127 142 23 0 
128 497 35 0 
128 313 23 0 
129 563 41 0 
129 511 9 0 
129 501 40 0 
129 281 4 0 
130 355 29 0 
130 191 32 0 
131 592 38 0 
131 318 30 0 
131 151 38 0 
132 536 14 0 
132 300 50 0 
132 271 41 0 
132 259 9 0 
133 376 22 0 
133 344 30 0 
133 247 31 0 
133 177 21 0 
133 162 33 0 
134 326 24 0 
134 301 3 0 
134 222 26 0 
135 422 48 0 
136 559 37 0 
136 274 28 0 
137 215 10 0 
138 514 34 0 
138 491 37 0 
138 484 29 0 
138 351 49 0 
139 457 25 0 
139 408 16 0 
139 379 37 0 
139 322 37 0 
139 302 40 0 
139 256 30 0 
139 254 35 0 
140 396 16 0 
141 421 37 0 
142 440 37 0 
142 388 13 0 
143 570 7 0 
143 459 39 0 
143 234 14 0 
144 553 41 0 
144 437 5 0 
145 477 25 0 
145 400 22 0 
145 390 41 0 
145 179 21 0 
146 515 9 0 
147 502 44 0 
147 445 40 0 
147 292 8 0 
148 551 35 0 
148 547 28 0 
148 538 17 0 
148 480 24 0 
148 310 33 0 
148 207 37 0 
149 446 22 0 
149 417 47 0 
149 379 46 0 
150 584 41 0 
150 573 29 0 
150 496 32 0 
150 435 12 0 
150 391 46 0 
151 415 11 0 
152 358 38 0 
152 293 9 0 
153 450 38 0 
153 372 22 0 
153 256 27 0 
153 247 9 0 
153 218 42 0 
154 477 16 0 
154 343 35 0 
154 330 8 0 
155 560 11 0 
155 454 34 0 
155 420 28 0 
155 356 18 0 
155 196 30 0 
155 189 17 0 
155 160 36 0 
156 333 48 0 
157 247 12 0 
158 582 16 0 
158 565 25 0 
159 569 37 0 
159 514 18 0 
159 483 42 0 
159 363 16 0 
159 278 15 0 
159 202 4 0 
160 526 36 0 
160 512 35 0 
160 383 37 0 
160 296 33 0 
160 235 28 0 
160 202 15 0 
161 520 42 0 
161 511 28 0 
161 410 19 0 
161 193 33 0 
161 165 30 0 
162 577 6 0 
162 560 26 0 
162 326 11 0 
163 555 50 0 
163 491 15 0 
163 361 49 0 
163 238 20 0 
164 323 39 0 
164 170 16 0 
165 524 33 0 
165 350 26 0 
165 328 23 0 
165 319 21 0 
166 547 37 0 
166 541 12 0 
166 501 40 0 
166 353 15 0 
166 323 13 0 
166 314 11 0 
166 242 15 0 
166 205 39 0 
167 578 13 0 
167 562 8 0 
167 416 33 0 
167 310 38 0 
167 263 23 0 
168 545 40 0 
168 338 24 0 
168 216 52 0 
168 181 19 0 
169 269 49 0 
169 219 40 0 
170 564 30 0 
170 442 9 0 
171 384 27 0 
171 351 50 0 
172 277 5 0 
173 599 23 0 
173 596 19 0 
173 520 20 0 
173 243 9 0 
174 451 29 0 
174 194 32 0 
175 553 48 0 
175 532 28 0 
175 293 29 0 
175 251 46 0 
176 571 38 0 
176 473 8 0 
176 452 19 0 
177 492 20 0 
177 490 22 0 
178 586 7 0 
178 378 4 0 
178 356 16 0 
178 210 22 0 
179 577 11 0 
179 214 16 0 
180 399 22 0 
181 581 35 0 
181 575 16 0 
181 436 40 0 
181 331 15 0 
181 312 27 0 
181 301 20 0 
181 284 20 0 
181 277 12 0 
181 250 28 0 
182 275 7 0 
183 465 6 0 
183 375 24 0 
183 241 6 0 
183 193 22 0 
183 189 8 0 
184 473 27 0 
184 444 32 0 
184 381 27 0 
184 358 58 0 
185 307 13 0 
185 249 34 0 
186 543 20 0 
186 456 19 0 
187 419 5 0 
188 588 51 0 
188 249 31 0 
189 334 9 0 
190 532 33 0 
190 361 21 0 
191 582 9 0 
191 472 17 0 
191 453 5 0 
192 518 16 0 
192 443 31 0 
192 369 16 0 
192 284 2 0 
193 403 9 0 
193 321 17 0 
194 439 9 0 
194 319 45 0 
194 219 34 0 
194 208 2 0 
195 349 22 0 
196 523 18 0 
196 389 20 0 
196 336 48 0 
196 301 36 0 
197 476 34 0 
197 295 27 0 
197 281 24 0 
198 527 30 0 
198 459 41 0 
199 335 35 0 
199 205 4 0 
200 544 45 0 
200 208 35 0 
201 575 35 0 
201 505 35 0 
201 494 48 0 
201 485 7 0 
202 487 34 0 
202 343 39 0 
202 298 54 0 
202 221 50 0 
202 207 61 0 
203 567 3 0 
203 500 15 0 
203 481 25 0 
203 304 34 0 
204 432 37 0 
204 381 27 0 
204 314 10 0 
204 304 12 0 
205 399 33 0 
205 366 31 0 
205 308 8 0 
205 255 26 0 
206 320 30 0 
206 267 21 0 
207 310 12 0 
208 562 21 0 
208 520 21 0 
208 325 19 0 
208 272 41 0 
209 572 20 0 
209 290 45 0 
210 389 31 0 
211 235 12 0 
212 560 36 0 
212 278 15 0 
213 586 18 0 
213 479 13 0 
213 441 31 0 
213 392 36 0 
214 587 35 0 
214 466 43 0 
214 426 4 0 
214 292 41 0 
215 421 4 0 
215 298 12 0 
216 427 29 0 
216 414 30 0 
216 322 40 0 
216 294 41 0 
219 599 31 0 
219 394 21 0 
220 526 54 0 
220 438 57 0 
221 579 19 0 
221 551 26 0 
221 512 8 0 
221 423 10 0 
221 229 32 0 
222 315 33 0 
223 586 43 0 
223 437 14 0 
223 358 64 0 
223 236 11 0 
224 539 27 0 
224 515 11 0 
224 481 24 0 
224 461 46 0 
224 457 26 0 
224 369 34 0 
225 513 17 0 
226 530 18 0 
226 452 22 0 
226 369 2 0 
227 533 26 0 
227 307 37 0 
228 462 31 0 
228 446 9 0 
229 552 34 0 
229 461 33 0 
230 404 13 0 
230 396 13 0 
230 284 24 0 
231 321 23 0 
231 234 28 0 
232 576 27 0 
232 532 13 0 
233 592 8 0 
233 550 5 0 
233 411 33 0 
234 414 13 0 
234 333 30 0 
235 517 29 0 
235 341 31 0 
237 279 45 0 
237 243 21 0 
238 370 21 0 
238 285 17 0 
238 256 3 0 
239 467 11 0 
239 461 1 0 
239 409 42 0 
240 595 33 0 
240 593 52 0 
240 247 36 0 
241 581 9 0 
241 563 8 0 
241 376 30 0 
242 590 21 0 
242 328 19 0 
242 317 12 0 
242 309 5 0 
242 295 31 0 
243 576 14 0 
243 491 23 0 
243 489 31 0 
243 328 14 0 
243 291 29 0 
243 275 12 0 
244 529 37 0 
244 383 26 0 
245 532 23 0 
245 431 29 0 
245 295 25 0 
246 460 34 0 
246 389 25 0 
246 306 11 0 
247 549 52 0 
247 421 20 0 
247 305 14 0 
248 254 54 0 
249 556 47 0 
249 324 13 0 
250 490 21 0 
250 393 26 0 
251 587 38 0 
252 310 15 0 
253 492 29 0 
253 407 22 0 
253 324 19 0 
254 563 40 0 
255 577 15 0 
255 489 15 0 
255 357 25 0 
257 560 45 0 
257 393 41 0 
257 351 21 0 
258 459 33 0 
258 458 22 0 
258 389 31 0 
259 543 7 0 
259 470 30 0 
260 571 54 0 
260 312 39 0 
261 570 21 0 
261 469 25 0 
261 379 19 0 
263 596 8 0 
263 574 18 0 
263 449 23 0 
263 415 31 0 
264 405 4 0 
265 424 12 0 
266 548 33 0 
266 545 51 0 
266 536 20 0 
266 338 9 0 
267 542 13 0 
267 524 11 0 
267 427 28 0 
267 373 18 0 
267 324 41 0 
268 572 19 0 
269 550 39 0 
269 370 55 0 
269 321 31 0 
270 435 24 0 
270 361 14 0 
270 294 23 0 
271 480 24 0 
271 474 22 0 
272 586 32 0 
272 402 39 0 
272 282 38 0 
272 279 41 0 
273 528 11 0 
273 467 28 0 
274 311 22 0 
275 358 43 0 
275 299 32 0 
275 292 27 0 
276 441 21 0 
276 367 29 0 
277 431 48 0 
277 423 35 0 
277 312 23 0 
278 598 44 0 
278 469 42 0 
280 594 7 0 
280 556 48 0 
280 385 45 0 
280 383 41 0 
280 356 35 0 
281 392 2 0 
281 330 13 0 
282 416 13 0 
282 320 46 0 
283 599 8 0 
283 509 16 0 
283 492 40 0 
284 456 21 0 
285 584 30 0 
285 441 45 0 
285 339 31 0 
286 401 23 0 
286 314 25 0 
287 563 22 0 
287 544 42 0 
287 479 31 0 
287 425 36 0 
288 556 31 0 
289 454 30 0 
289 387 16 0 
290 546 7 0 
290 339 49 0 
291 555 14 0 
291 302 38 0 
292 596 18 0 
292 498 18 0 
292 404 19 0 
292 373 30 0 
292 325 15 0 
292 312 39 0 
293 584 4 0 
293 462 29 0 
293 423 34 0 
293 420 12 0 
294 387 46 0 
294 351 38 0 
295 586 19 0 
295 459 40 0 
295 391 16 0 
295 362 42 0 
296 556 22 0 
296 403 19 0 
297 594 16 0 
298 569 15 0 
298 522 13 0 
298 429 27 0 
299 597 12 0 
299 574 36 0 
299 542 3 0 
299 538 16 0 
299 511 38 0 
299 319 43 0 
300 426 47 0 
300 382 24 0 
301 521 5 0 
301 320 9 0 
302 560 54 0 
304 473 1 0 
305 456 14 0 
305 422 23 0 
305 386 25 0 
306 492 12 0 
306 343 20 0 
307 569 17 0 
308 322 10 0 
309 558 41 0 
309 542 29 0 
309 538 33 0 
309 341 29 0 
310 563 25 0 
310 530 46 0 
310 485 40 0 
310 394 42 0 
311 398 6 0 
312 589 45 0 
312 356 24 0 
313 511 45 0 
315 485 12 0 
315 466 48 0 
315 340 38 0 
316 580 28 0 
316 574 42 0 
316 518 30 0 
316 334 35 0 
317 548 20 0 
319 598 47 0 
319 531 12 0 
319 426 46 0 
320 589 27 0 
320 523 39 0 
320 431 50 0 
321 574 22 0 
321 558 24 0 
321 543 18 0 
321 535 15 0 
322 542 31 0 
322 513 11 0 
322 475 34 0 
323 543 27 0 
325 553 43 0 
325 511 39 0 
325 417 9 0 
326 463 26 0 
326 395 31 0 
327 589 4 0 
327 395 40 0 
327 381 38 0 
328 575 11 0 
328 488 19 0 
328 385 48 0 
329 595 8 0 
329 497 10 0 
329 364 31 0 
329 339 49 0 
331 345 10 0 
332 547 24 0 
333 546 51 0 
333 528 19 0 
333 408 34 0 
334 556 16 0 
334 495 35 0 
334 465 11 0 
335 530 11 0 
335 520 19 0 
335 376 17 0 
336 488 39 0 
336 427 30 0 
336 344 35 0 
337 589 46 0 
337 445 36 0 
337 404 16 0 
337 394 30 0 
337 339 39 0 
338 474 14 0 
339 564 36 0 
339 530 39 0 
340 591 28 0 
340 453 26 0 
341 496 33 0 
341 420 50 0 
341 405 4 0 
341 374 23 0 
342 548 34 0 
342 500 12 0 
344 484 38 0 
344 462 39 0 
344 374 13 0 
345 591 14 0 
345 459 10 0 
345 415 35 0 
346 594 19 0 
346 565 10 0 
346 463 17 0 
346 413 44 0 
346 411 34 0 
347 507 29 0 
348 594 32 0 
348 502 27 0 
348 374 20 0 
349 587 34 0 
349 580 4 0 
349 536 24 0 
349 382 25 0 
349 379 20 0 
350 536 27 0 
350 474 44 0 
351 595 45 0 
351 565 32 0 
351 530 28 0 
351 428 17 0 
351 369 34 0 
353 539 35 0 
354 562 17 0 
355 540 45 0 
355 530 25 0 
356 560 28 0 
356 362 30 0 
357 432 4 0 
358 565 26 0 
358 379 59 0 
359 498 48 0 
359 423 5 0 
359 384 28 0 
360 466 39 0 
360 423 6 0 
360 375 33 0 
361 487 23 0 
362 411 28 0 
363 483 37 0 
364 576 21 0 
365 576 25 0 
365 486 14 0 
365 433 9 0 
366 544 37 0 
366 508 15 0 
367 372 41 0 
368 477 38 0 
368 451 43 0 
370 576 28 0 
371 515 13 0 
372 400 21 0 
373 495 34 0 
374 577 33 0 
374 562 20 0 
374 408 25 0 
375 563 35 0 
375 558 44 0 
376 387 51 0 
377 491 25 0 
378 532 23 0 
378 438 33 0 
378 408 16 0 
379 596 15 0 
379 594 35 0 
379 560 56 0 
379 545 29 0 
379 485 19 0 
381 459 12 0 
383 592 22 0 
383 393 3 0 
385 553 5 0 
385 504 25 0 
386 443 50 0 
388 515 9 0 
388 452 2 0 
388 397 45 0 
389 580 27 0 
389 405 24 0 
390 519 14 0 
390 442 18 0 
391 507 60 0 
392 515 4 0 
393 481 25 0 
393 457 15 0 
394 538 20 0 
395 424 22 0 
396 570 30 0 
396 477 14 0 
396 466 21 0 
396 448 28 0 
397 564 29 0 
397 550 22 0 
398 514 17 0 
399 570 22 0 
399 461 11 0 
400 527 24 0 
401 587 31 0 
401 576 31 0 
401 448 27 0 
401 440 21 0 
403 474 22 0 
403 409 30 0 
405 461 40 0 
405 423 30 0 
406 555 7 0 
407 593 3 0 
407 439 34 0 
408 534 18 0 
408 531 19 0 
408 524 28 0 
410 558 31 0 
410 497 30 0 
410 489 19 0 
411 584 44 0 
411 494 46 0 
411 454 40 0 
412 462 37 0 
413 589 11 0 
414 427 5 0 
415 534 28 0 
416 544 38 0 
416 482 16 0 
416 440 30 0 
419 559 24 0 
419 557 35 0 
419 503 36 0 
419 481 7 0 
420 581 14 0 
420 506 47 0 
421 483 13 0 
421 455 38 0 
423 489 13 0 
424 506 17 0 
424 446 15 0 
425 540 57 0 
427 495 36 0 
428 531 21 0 
429 551 41 0 
429 511 45 0 
431 581 27 0 
432 463 23 0 
433 549 57 0 
433 539 16 0 
433 531 27 0 
435 519 20 0 
435 469 47 0 
435 466 33 0 
435 464 33 0 
438 527 36 0 
438 488 50 0 
440 545 50 0 
443 580 37 0 
444 463 20 0 
445 477 20 0 
447 565 43 0 
448 585 21 0 
450 501 45 0 
451 508 26 0 
453 541 21 0 
454 528 35 0 
455 475 39 0 
457 551 24 0 
457 459 16 0 
458 515 47 0 
459 566 22 0 
459 522 30 0 
460 493 32 0 
461 550 24 0 
462 574 38 0 
463 554 22 0 
465 505 25 0 
466 543 37 0 
466 492 10 0 
467 544 49 0 
468 499 33 0 
469 596 39 0 
471 582 11 0 
471 491 11 0 
472 507 36 0 
473 567 38 0 
474 579 36 0 
477 582 8 0 
479 587 49 0 
480 506 9 0 
481 494 32 0 
483 485 30 0 
485 546 15 0 
487 541 19 0 
488 599 31 0 
490 553 35 0 
492 594 15 0 
492 578 40 0 
493 552 22 0 
493 546 28 0 
494 524 32 0 
494 505 22 0 
496 545 24 0 
497 578 5 0 
497 546 10 0 
500 591 18 0 
502 530 39 0 
503 595 56 0 
503 594 17 0 
503 577 40 0 
503 531 27 0 
503 514 25 0 
505 549 45 0 
506 592 15 0 
508 556 30 0 
509 559 22 0 
509 552 30 0 
510 587 39 0 
510 564 27 0 
511 563 43 0 
511 545 45 0 
514 568 27 0 
516 546 35 0 
519 573 5 0 
521 538 36 0 
524 559 30 0 
529 596 8 0 
530 532 36 0 
535 553 34 0 
542 545 29 0 
553 585 17 0 
557 577 22 0 
557 572 32 0 
565 580 22 0 
568 590 32 0 
571 592 19 0 
581 583 40 0 
584 598 44 0 
585 593 20 0 
