#GRAPH (#nodes #edges id uu vv ww xx yy zz):
#800 4108 geo(0,{800,100,3,0.006,0.000,0.000}) 100 
#
VERTICES (index name u v w x y z):
0 0 17 38 
1 1 39 23 
2 2 97 76 
3 3 2 92 
4 4 5 32 
5 5 90 85 
6 6 13 4 
7 7 8 7 
8 8 34 11 
9 9 78 5 
10 10 82 75 
11 11 19 71 
12 12 55 2 
13 13 3 81 
14 14 4 4 
15 15 36 47 
16 16 83 90 
17 17 5 65 
18 18 12 28 
19 19 29 3 
20 20 72 12 
21 21 65 73 
22 22 44 72 
23 23 60 82 
24 24 16 40 
25 25 19 32 
26 26 0 19 
27 27 38 46 
28 28 44 17 
29 29 10 41 
30 30 1 24 
31 31 99 26 
32 32 73 75 
33 33 27 96 
34 34 0 28 
35 35 74 37 
36 36 72 34 
37 37 84 86 
38 38 23 33 
39 39 0 47 
40 40 79 43 
41 41 91 3 
42 42 6 64 
43 43 56 41 
44 44 76 76 
45 45 28 67 
46 46 40 77 
47 47 60 37 
48 48 42 3 
49 49 89 24 
50 50 25 89 
51 51 17 56 
52 52 71 8 
53 53 90 1 
54 54 46 20 
55 55 39 90 
56 56 14 77 
57 57 85 45 
58 58 88 52 
59 59 43 83 
60 60 70 62 
61 61 32 20 
62 62 47 19 
63 63 65 8 
64 64 69 11 
65 65 90 99 
66 66 21 66 
67 67 5 74 
68 68 57 67 
69 69 24 92 
70 70 93 64 
71 71 30 5 
72 72 90 94 
73 73 28 68 
74 74 81 58 
75 75 30 0 
76 76 69 72 
77 77 96 55 
78 78 30 89 
79 79 90 5 
80 80 86 72 
81 81 27 14 
82 82 71 92 
83 83 59 19 
84 84 86 82 
85 85 87 72 
86 86 96 50 
87 87 55 42 
88 88 82 65 
89 89 28 18 
90 90 59 76 
91 91 14 66 
92 92 70 66 
93 93 74 80 
94 94 49 29 
95 95 14 17 
96 96 65 16 
97 97 28 30 
98 98 77 45 
99 99 43 71 
100 100 88 81 
101 101 37 49 
102 102 38 80 
103 103 96 81 
104 104 35 36 
105 105 18 29 
106 106 95 76 
107 107 8 40 
108 108 2 8 
109 109 64 11 
110 110 35 85 
111 111 62 67 
112 112 6 95 
113 113 79 80 
114 114 68 50 
115 115 52 36 
116 116 37 60 
117 117 94 14 
118 118 45 46 
119 119 70 67 
120 120 50 8 
121 121 71 18 
122 122 88 97 
123 123 9 85 
124 124 32 23 
125 125 22 46 
126 126 69 46 
127 127 14 40 
128 128 46 15 
129 129 73 15 
130 130 81 79 
131 131 65 30 
132 132 18 81 
133 133 6 44 
134 134 77 68 
135 135 7 91 
136 136 98 54 
137 137 71 45 
138 138 2 90 
139 139 67 97 
140 140 51 23 
141 141 55 29 
142 142 48 4 
143 143 71 36 
144 144 11 62 
145 145 18 64 
146 146 11 34 
147 147 49 21 
148 148 13 16 
149 149 53 91 
150 150 46 21 
151 151 45 66 
152 152 40 69 
153 153 89 64 
154 154 65 32 
155 155 75 18 
156 156 14 64 
157 157 55 79 
158 158 37 34 
159 159 40 22 
160 160 92 55 
161 161 13 45 
162 162 99 36 
163 163 40 66 
164 164 31 53 
165 165 57 53 
166 166 29 82 
167 167 13 28 
168 168 49 57 
169 169 60 50 
170 170 90 79 
171 171 38 44 
172 172 89 51 
173 173 31 32 
174 174 69 19 
175 175 51 80 
176 176 57 92 
177 177 41 82 
178 178 64 82 
179 179 36 25 
180 180 21 75 
181 181 57 57 
182 182 30 82 
183 183 96 59 
184 184 94 27 
185 185 30 68 
186 186 40 19 
187 187 59 61 
188 188 50 64 
189 189 57 11 
190 190 78 63 
191 191 48 14 
192 192 7 8 
193 193 37 47 
194 194 36 80 
195 195 16 44 
196 196 33 58 
197 197 52 20 
198 198 30 73 
199 199 96 0 
200 200 79 29 
201 201 88 83 
202 202 85 55 
203 203 19 66 
204 204 60 75 
205 205 19 65 
206 206 2 32 
207 207 13 92 
208 208 65 67 
209 209 23 55 
210 210 72 18 
211 211 64 54 
212 212 26 92 
213 213 94 22 
214 214 55 34 
215 215 11 46 
216 216 22 9 
217 217 6 4 
218 218 73 73 
219 219 44 3 
220 220 11 11 
221 221 7 41 
222 222 35 76 
223 223 63 76 
224 224 90 48 
225 225 25 85 
226 226 54 64 
227 227 53 59 
228 228 37 17 
229 229 22 14 
230 230 69 55 
231 231 1 31 
232 232 89 48 
233 233 46 36 
234 234 78 87 
235 235 49 81 
236 236 27 81 
237 237 68 69 
238 238 43 3 
239 239 19 24 
240 240 61 19 
241 241 34 12 
242 242 13 77 
243 243 86 71 
244 244 54 26 
245 245 91 84 
246 246 40 42 
247 247 87 3 
248 248 11 71 
249 249 59 71 
250 250 73 18 
251 251 61 36 
252 252 33 93 
253 253 23 1 
254 254 72 94 
255 255 95 66 
256 256 28 50 
257 257 99 41 
258 258 39 79 
259 259 10 37 
260 260 38 35 
261 261 85 17 
262 262 44 31 
263 263 19 17 
264 264 59 27 
265 265 26 69 
266 266 90 75 
267 267 60 35 
268 268 51 87 
269 269 49 53 
270 270 45 47 
271 271 25 60 
272 272 43 92 
273 273 44 51 
274 274 25 24 
275 275 22 26 
276 276 44 40 
277 277 98 40 
278 278 77 7 
279 279 52 78 
280 280 74 47 
281 281 55 22 
282 282 98 72 
283 283 84 51 
284 284 60 36 
285 285 27 51 
286 286 5 45 
287 287 42 82 
288 288 5 50 
289 289 69 34 
290 290 77 50 
291 291 24 93 
292 292 73 44 
293 293 87 73 
294 294 16 4 
295 295 66 96 
296 296 81 51 
297 297 52 59 
298 298 32 41 
299 299 41 3 
300 300 12 94 
301 301 62 85 
302 302 88 57 
303 303 96 94 
304 304 88 35 
305 305 67 47 
306 306 21 97 
307 307 57 22 
308 308 7 99 
309 309 39 94 
310 310 31 55 
311 311 40 97 
312 312 90 45 
313 313 36 52 
314 314 87 29 
315 315 31 58 
316 316 54 34 
317 317 35 51 
318 318 17 27 
319 319 19 33 
320 320 63 99 
321 321 81 38 
322 322 20 53 
323 323 96 78 
324 324 9 8 
325 325 57 90 
326 326 43 24 
327 327 67 11 
328 328 28 43 
329 329 15 21 
330 330 76 94 
331 331 25 2 
332 332 58 17 
333 333 71 76 
334 334 81 5 
335 335 37 68 
336 336 30 26 
337 337 63 8 
338 338 59 66 
339 339 26 80 
340 340 76 21 
341 341 93 99 
342 342 93 13 
343 343 89 71 
344 344 27 72 
345 345 69 70 
346 346 64 0 
347 347 85 39 
348 348 17 61 
349 349 79 71 
350 350 44 22 
351 351 19 10 
352 352 17 63 
353 353 7 36 
354 354 84 18 
355 355 69 31 
356 356 55 11 
357 357 82 95 
358 358 63 67 
359 359 48 24 
360 360 82 20 
361 361 59 15 
362 362 31 77 
363 363 26 71 
364 364 16 69 
365 365 70 20 
366 366 81 75 
367 367 0 85 
368 368 21 46 
369 369 22 23 
370 370 73 48 
371 371 16 93 
372 372 54 86 
373 373 16 66 
374 374 22 8 
375 375 42 7 
376 376 10 42 
377 377 38 39 
378 378 85 51 
379 379 28 91 
380 380 77 18 
381 381 40 89 
382 382 55 82 
383 383 66 83 
384 384 2 98 
385 385 78 25 
386 386 97 58 
387 387 51 37 
388 388 74 87 
389 389 78 36 
390 390 16 19 
391 391 48 47 
392 392 12 73 
393 393 98 43 
394 394 17 65 
395 395 86 56 
396 396 32 34 
397 397 41 44 
398 398 99 38 
399 399 55 45 
400 400 21 23 
401 401 56 56 
402 402 25 5 
403 403 75 79 
404 404 77 57 
405 405 37 65 
406 406 37 18 
407 407 61 20 
408 408 9 27 
409 409 25 78 
410 410 9 52 
411 411 52 65 
412 412 69 2 
413 413 10 90 
414 414 66 79 
415 415 62 55 
416 416 47 61 
417 417 54 54 
418 418 59 87 
419 419 20 74 
420 420 41 65 
421 421 38 13 
422 422 31 81 
423 423 48 72 
424 424 77 88 
425 425 18 85 
426 426 5 41 
427 427 97 69 
428 428 26 37 
429 429 89 4 
430 430 31 30 
431 431 93 12 
432 432 15 94 
433 433 8 67 
434 434 51 44 
435 435 89 17 
436 436 20 18 
437 437 88 80 
438 438 6 83 
439 439 23 3 
440 440 81 64 
441 441 94 51 
442 442 84 11 
443 443 90 44 
444 444 12 35 
445 445 55 70 
446 446 9 35 
447 447 25 36 
448 448 5 15 
449 449 57 81 
450 450 44 27 
451 451 15 63 
452 452 98 98 
453 453 9 95 
454 454 59 36 
455 455 19 58 
456 456 42 24 
457 457 80 50 
458 458 65 54 
459 459 40 2 
460 460 56 64 
461 461 72 15 
462 462 76 50 
463 463 21 55 
464 464 87 7 
465 465 80 99 
466 466 29 93 
467 467 90 3 
468 468 64 84 
469 469 62 56 
470 470 98 74 
471 471 67 34 
472 472 53 26 
473 473 4 55 
474 474 71 81 
475 475 46 84 
476 476 6 55 
477 477 75 55 
478 478 2 30 
479 479 13 78 
480 480 48 10 
481 481 89 76 
482 482 61 64 
483 483 77 78 
484 484 30 29 
485 485 66 54 
486 486 64 44 
487 487 90 21 
488 488 9 2 
489 489 6 89 
490 490 73 85 
491 491 98 20 
492 492 50 99 
493 493 2 91 
494 494 39 11 
495 495 46 72 
496 496 9 30 
497 497 48 93 
498 498 20 7 
499 499 59 94 
500 500 51 81 
501 501 4 90 
502 502 16 23 
503 503 5 24 
504 504 37 10 
505 505 91 47 
506 506 12 53 
507 507 86 38 
508 508 95 16 
509 509 74 74 
510 510 62 46 
511 511 15 58 
512 512 4 38 
513 513 25 4 
514 514 16 83 
515 515 98 99 
516 516 66 40 
517 517 39 14 
518 518 14 95 
519 519 72 58 
520 520 41 8 
521 521 90 66 
522 522 96 56 
523 523 64 65 
524 524 58 21 
525 525 59 16 
526 526 97 77 
527 527 91 72 
528 528 99 53 
529 529 24 52 
530 530 74 42 
531 531 63 38 
532 532 24 28 
533 533 14 31 
534 534 35 99 
535 535 48 43 
536 536 97 22 
537 537 90 32 
538 538 84 9 
539 539 72 52 
540 540 48 85 
541 541 84 97 
542 542 98 39 
543 543 38 48 
544 544 48 79 
545 545 85 18 
546 546 90 30 
547 547 94 58 
548 548 24 89 
549 549 18 67 
550 550 21 81 
551 551 46 43 
552 552 5 91 
553 553 46 53 
554 554 10 62 
555 555 51 58 
556 556 81 78 
557 557 66 14 
558 558 35 6 
559 559 41 17 
560 560 51 40 
561 561 95 64 
562 562 6 73 
563 563 74 11 
564 564 50 56 
565 565 55 71 
566 566 42 12 
567 567 91 91 
568 568 40 85 
569 569 72 14 
570 570 83 2 
571 571 8 53 
572 572 75 43 
573 573 64 38 
574 574 5 85 
575 575 59 23 
576 576 21 61 
577 577 50 22 
578 578 4 72 
579 579 53 34 
580 580 96 3 
581 581 24 80 
582 582 14 56 
583 583 32 33 
584 584 50 13 
585 585 70 48 
586 586 97 85 
587 587 93 31 
588 588 35 74 
589 589 34 49 
590 590 87 67 
591 591 31 40 
592 592 45 44 
593 593 14 99 
594 594 10 64 
595 595 13 10 
596 596 18 26 
597 597 27 58 
598 598 84 91 
599 599 81 42 
600 600 56 77 
601 601 57 76 
602 602 31 91 
603 603 5 12 
604 604 87 76 
605 605 81 0 
606 606 73 47 
607 607 49 79 
608 608 6 7 
609 609 97 32 
610 610 39 78 
611 611 28 56 
612 612 66 27 
613 613 63 25 
614 614 3 53 
615 615 46 60 
616 616 93 15 
617 617 14 60 
618 618 21 44 
619 619 36 43 
620 620 29 63 
621 621 43 32 
622 622 60 13 
623 623 9 26 
624 624 60 55 
625 625 79 27 
626 626 13 48 
627 627 9 73 
628 628 35 19 
629 629 19 1 
630 630 8 71 
631 631 70 95 
632 632 69 81 
633 633 50 53 
634 634 13 7 
635 635 97 33 
636 636 67 77 
637 637 60 2 
638 638 29 8 
639 639 16 84 
640 640 41 60 
641 641 72 4 
642 642 52 16 
643 643 6 86 
644 644 22 95 
645 645 82 32 
646 646 79 40 
647 647 19 82 
648 648 72 54 
649 649 96 39 
650 650 42 27 
651 651 88 25 
652 652 38 32 
653 653 86 4 
654 654 49 19 
655 655 97 49 
656 656 38 26 
657 657 10 52 
658 658 64 37 
659 659 44 9 
660 660 8 54 
661 661 17 70 
662 662 78 82 
663 663 38 83 
664 664 65 95 
665 665 41 57 
666 666 47 38 
667 667 24 86 
668 668 81 93 
669 669 39 4 
670 670 55 81 
671 671 51 33 
672 672 76 7 
673 673 83 99 
674 674 35 25 
675 675 95 59 
676 676 82 11 
677 677 64 32 
678 678 14 27 
679 679 33 84 
680 680 89 77 
681 681 69 98 
682 682 53 37 
683 683 19 75 
684 684 97 28 
685 685 53 42 
686 686 87 61 
687 687 72 85 
688 688 91 86 
689 689 63 4 
690 690 99 50 
691 691 15 20 
692 692 50 47 
693 693 96 49 
694 694 55 35 
695 695 55 36 
696 696 32 50 
697 697 60 76 
698 698 78 64 
699 699 38 64 
700 700 80 41 
701 701 74 17 
702 702 61 56 
703 703 23 62 
704 704 50 45 
705 705 82 78 
706 706 21 51 
707 707 65 84 
708 708 21 48 
709 709 29 19 
710 710 45 54 
711 711 85 13 
712 712 50 40 
713 713 51 86 
714 714 9 0 
715 715 77 36 
716 716 2 59 
717 717 56 18 
718 718 33 17 
719 719 46 26 
720 720 15 82 
721 721 98 41 
722 722 14 48 
723 723 47 65 
724 724 82 23 
725 725 2 18 
726 726 72 55 
727 727 36 42 
728 728 18 84 
729 729 72 91 
730 730 56 42 
731 731 17 50 
732 732 14 45 
733 733 50 80 
734 734 42 57 
735 735 35 86 
736 736 2 35 
737 737 54 16 
738 738 26 8 
739 739 75 46 
740 740 6 78 
741 741 67 19 
742 742 37 16 
743 743 5 64 
744 744 17 13 
745 745 9 59 
746 746 96 46 
747 747 52 87 
748 748 12 63 
749 749 73 60 
750 750 35 93 
751 751 97 66 
752 752 34 23 
753 753 64 66 
754 754 92 84 
755 755 85 16 
756 756 7 92 
757 757 49 6 
758 758 17 0 
759 759 37 75 
760 760 36 84 
761 761 40 70 
762 762 36 9 
763 763 21 54 
764 764 69 61 
765 765 26 52 
766 766 92 36 
767 767 6 88 
768 768 1 1 
769 769 44 62 
770 770 8 75 
771 771 44 95 
772 772 62 39 
773 773 71 55 
774 774 28 28 
775 775 40 40 
776 776 38 45 
777 777 84 63 
778 778 35 50 
779 779 49 93 
780 780 45 45 
781 781 62 95 
782 782 83 62 
783 783 97 57 
784 784 75 45 
785 785 7 32 
786 786 23 81 
787 787 22 90 
788 788 57 82 
789 789 42 54 
790 790 88 14 
791 791 65 99 
792 792 39 88 
793 793 54 60 
794 794 25 40 
795 795 16 52 
796 796 67 29 
797 797 45 76 
798 798 88 42 
799 799 65 12 
#
EDGES (from-node to-node length a b):
0 648 57 0 
0 498 31 0 
0 435 75 0 
1 537 52 0 
1 445 50 0 
1 421 10 0 
1 376 35 0 
2 772 51 0 
2 681 36 0 
2 668 23 0 
2 585 39 0 
2 420 57 0 
2 372 44 0 
2 58 26 0 
3 303 94 0 
3 158 68 0 
4 739 71 0 
4 485 65 0 
5 711 72 0 
5 610 51 0 
5 476 89 0 
5 470 14 0 
5 384 89 0 
5 189 81 0 
5 96 73 0 
5 43 56 0 
6 662 102 0 
7 540 88 0 
7 406 31 0 
7 353 29 0 
8 732 39 0 
8 667 76 0 
8 534 88 0 
8 452 108 0 
8 279 69 0 
8 250 40 0 
8 153 76 0 
8 112 89 0 
9 681 93 0 
9 649 38 0 
9 217 72 0 
9 216 56 0 
9 124 49 0 
9 95 65 0 
10 221 82 0 
10 178 19 0 
10 62 66 0 
11 400 48 0 
11 332 67 0 
11 260 41 0 
11 240 67 0 
12 728 90 0 
12 567 96 0 
12 528 67 0 
12 426 63 0 
12 349 73 0 
12 306 101 0 
13 698 77 0 
13 436 65 0 
13 236 24 0 
14 745 55 0 
14 31 98 0 
15 632 47 0 
15 610 31 0 
15 414 44 0 
15 165 22 0 
15 144 29 0 
15 143 37 0 
15 137 35 0 
16 729 11 0 
16 658 56 0 
16 402 103 0 
16 320 22 0 
16 127 85 0 
17 598 83 0 
17 580 110 0 
17 240 72 0 
17 219 73 0 
17 201 85 0 
18 490 83 0 
18 429 81 0 
18 398 88 0 
18 321 70 0 
18 298 24 0 
19 740 78 0 
19 477 69 0 
19 95 21 0 
20 780 43 0 
20 518 101 0 
20 209 65 0 
20 36 22 0 
21 522 35 0 
21 477 21 0 
21 403 12 0 
21 346 73 0 
21 322 49 0 
21 76 4 0 
22 757 66 0 
22 157 13 0 
22 152 5 0 
22 123 37 0 
23 740 54 0 
23 560 43 0 
23 471 49 0 
23 415 27 0 
23 345 15 0 
23 173 58 0 
23 119 18 0 
23 115 47 0 
23 48 81 0 
24 535 32 0 
24 208 56 0 
24 170 84 0 
25 798 70 0 
25 554 31 0 
25 544 55 0 
25 230 55 0 
25 227 43 0 
25 64 54 0 
26 781 98 0 
26 774 29 0 
26 767 69 0 
26 574 66 0 
26 302 96 0 
26 231 12 0 
26 194 71 0 
27 739 37 0 
27 712 13 0 
27 702 25 0 
27 684 62 0 
27 653 64 0 
27 587 57 0 
27 481 59 0 
27 344 28 0 
27 160 55 0 
27 47 24 0 
27 39 38 0 
28 611 42 0 
28 607 62 0 
28 503 40 0 
28 421 7 0 
28 371 81 0 
28 161 42 0 
29 716 20 0 
29 285 20 0 
29 87 45 0 
30 791 99 0 
30 783 102 0 
30 636 85 0 
31 757 54 0 
31 751 40 0 
31 715 24 0 
31 673 75 0 
31 346 44 0 
31 328 73 0 
31 280 33 0 
31 111 55 0 
31 75 74 0 
32 792 36 0 
32 548 51 0 
32 350 60 0 
32 190 13 0 
32 152 34 0 
33 767 22 0 
33 603 87 0 
33 558 90 0 
33 216 87 0 
34 511 34 0 
34 415 68 0 
34 318 17 0 
34 155 76 0 
34 96 66 0 
34 79 93 0 
35 734 38 0 
35 651 18 0 
36 651 18 0 
36 612 9 0 
36 408 63 0 
36 382 51 0 
36 231 71 0 
36 160 29 0 
36 144 67 0 
37 712 57 0 
37 642 77 0 
37 585 40 0 
37 386 31 0 
37 279 33 0 
37 275 86 0 
38 769 36 0 
38 768 39 0 
38 676 63 0 
38 607 53 0 
38 589 19 0 
38 574 55 0 
38 497 65 0 
38 432 62 0 
38 373 34 0 
38 74 63 0 
39 764 70 0 
39 489 42 0 
40 478 78 0 
40 212 72 0 
41 718 60 0 
41 690 48 0 
41 653 5 0 
41 492 104 0 
41 256 79 0 
41 72 91 0 
42 721 95 0 
42 571 11 0 
42 292 70 0 
42 165 52 0 
43 782 34 0 
43 626 44 0 
43 571 49 0 
43 359 19 0 
43 179 26 0 
43 177 44 0 
44 650 60 0 
44 442 65 0 
44 258 37 0 
44 199 79 0 
44 79 72 0 
45 641 77 0 
45 594 18 0 
45 539 46 0 
45 531 45 0 
45 390 49 0 
45 181 31 0 
46 714 83 0 
46 425 23 0 
46 385 64 0 
46 321 57 0 
46 219 74 0 
46 135 36 0 
46 128 62 0 
46 73 15 0 
47 797 42 0 
47 790 36 0 
47 614 59 0 
47 397 20 0 
47 213 37 0 
48 797 73 0 
48 756 96 0 
48 690 74 0 
48 610 75 0 
48 551 40 0 
48 516 44 0 
48 310 53 0 
49 703 76 0 
49 350 45 0 
49 320 79 0 
49 166 83 0 
49 68 54 0 
50 506 38 0 
50 451 28 0 
50 450 65 0 
50 331 87 0 
50 292 66 0 
50 260 56 0 
50 135 18 0 
51 737 54 0 
51 659 54 0 
51 490 63 0 
51 423 35 0 
51 409 23 0 
51 307 52 0 
51 205 9 0 
52 685 38 0 
52 579 32 0 
52 470 71 0 
52 67 93 0 
53 372 92 0 
53 202 54 0 
53 162 36 0 
53 87 54 0 
54 608 42 0 
54 581 64 0 
54 564 36 0 
54 359 4 0 
54 346 27 0 
54 303 89 0 
54 210 26 0 
54 202 52 0 
55 663 7 0 
55 486 52 0 
55 474 33 0 
55 469 41 0 
55 403 38 0 
55 393 75 0 
55 325 18 0 
56 694 59 0 
57 738 70 0 
57 638 67 0 
57 349 27 0 
57 317 50 0 
57 108 91 0 
58 779 57 0 
58 739 14 0 
58 643 89 0 
58 534 71 0 
58 520 64 0 
58 470 24 0 
58 204 36 0 
58 139 50 0 
58 95 82 0 
59 751 57 0 
59 704 39 0 
59 333 29 0 
59 318 62 0 
59 218 32 0 
60 691 69 0 
60 618 52 0 
60 594 60 0 
60 499 34 0 
60 449 23 0 
60 346 62 0 
61 424 82 0 
61 223 64 0 
61 217 31 0 
61 207 74 0 
61 81 8 0 
62 785 42 0 
62 511 50 0 
62 366 66 0 
62 132 68 0 
63 731 64 0 
63 662 75 0 
63 500 74 0 
63 306 99 0 
64 422 80 0 
64 300 101 0 
64 272 85 0 
64 136 52 0 
64 130 69 0 
65 762 105 0 
65 539 50 0 
65 420 60 0 
65 258 55 0 
65 171 76 0 
66 764 48 0 
66 395 66 0 
66 98 60 0 
67 747 49 0 
67 710 45 0 
67 700 82 0 
67 436 58 0 
67 387 59 0 
67 172 87 0 
68 752 50 0 
68 692 21 0 
68 558 65 0 
68 520 61 0 
68 491 62 0 
68 341 48 0 
68 238 66 0 
69 689 96 0 
69 680 67 0 
69 562 26 0 
69 511 35 0 
69 479 18 0 
69 451 30 0 
69 316 65 0 
69 269 46 0 
69 185 25 0 
69 155 90 0 
70 621 59 0 
70 338 34 0 
70 313 58 0 
70 197 60 0 
71 661 66 0 
71 540 82 0 
71 393 78 0 
71 382 81 0 
72 757 97 0 
72 581 67 0 
72 295 24 0 
72 248 82 0 
72 140 81 0 
73 755 77 0 
73 622 64 0 
73 559 53 0 
73 529 16 0 
73 401 30 0 
73 334 82 0 
73 233 37 0 
73 200 64 0 
73 182 14 0 
74 470 23 0 
74 226 28 0 
74 206 83 0 
75 764 72 0 
75 669 10 0 
75 553 55 0 
75 499 98 0 
76 649 43 0 
76 482 11 0 
76 351 80 0 
76 246 42 0 
77 675 4 0 
77 272 65 0 
77 244 51 0 
78 454 60 0 
78 415 47 0 
78 356 82 0 
78 146 58 0 
78 143 67 0 
79 707 83 0 
79 665 71 0 
79 630 105 0 
79 462 47 0 
79 161 87 0 
79 140 43 0 
79 124 61 0 
79 110 97 0 
80 737 64 0 
80 682 48 0 
80 481 5 0 
80 316 50 0 
80 208 22 0 
80 93 14 0 
80 83 59 0 
81 227 52 0 
82 744 96 0 
82 742 83 0 
82 701 75 0 
82 618 69 0 
82 565 26 0 
82 564 42 0 
82 528 48 0 
82 451 63 0 
82 380 74 0 
82 173 72 0 
82 150 75 0 
83 472 9 0 
83 420 49 0 
84 667 62 0 
84 660 83 0 
84 300 75 0 
84 233 61 0 
85 404 18 0 
85 187 30 0 
86 743 92 0 
86 742 68 0 
86 383 45 0 
87 789 18 0 
87 785 49 0 
87 762 38 0 
87 669 41 0 
87 520 37 0 
87 309 54 0 
87 289 16 0 
87 220 54 0 
88 553 38 0 
88 493 84 0 
88 304 31 0 
88 227 30 0 
89 785 25 0 
89 646 56 0 
89 601 65 0 
89 184 67 0 
89 150 18 0 
90 250 60 0 
90 123 51 0 
91 735 29 0 
91 712 44 0 
91 646 70 0 
91 635 89 0 
91 603 55 0 
91 402 62 0 
91 178 52 0 
91 117 95 0 
92 793 17 0 
92 571 63 0 
92 388 21 0 
92 347 31 0 
92 262 44 0 
92 208 5 0 
92 200 38 0 
93 690 39 0 
93 446 79 0 
93 232 35 0 
94 685 14 0 
94 502 34 0 
95 617 43 0 
95 438 66 0 
95 431 79 0 
95 341 114 0 
96 732 59 0 
96 731 59 0 
96 701 9 0 
96 687 69 0 
96 495 59 0 
96 380 12 0 
96 185 63 0 
96 133 65 0 
97 727 14 0 
98 520 52 0 
98 348 62 0 
98 256 49 0 
99 628 53 0 
99 595 68 0 
99 448 68 0 
99 396 39 0 
99 366 38 0 
99 211 27 0 
99 120 63 0 
100 455 73 0 
100 203 71 0 
101 794 15 0 
101 719 25 0 
101 620 16 0 
101 604 57 0 
101 560 17 0 
101 187 25 0 
102 741 68 0 
102 717 65 0 
102 677 55 0 
102 662 40 0 
102 211 37 0 
102 194 2 0 
103 363 71 0 
103 136 27 0 
104 396 4 0 
104 356 32 0 
104 265 34 0 
105 771 71 0 
105 761 47 0 
105 637 50 0 
105 416 43 0 
105 389 60 0 
105 350 27 0 
105 259 11 0 
105 232 73 0 
105 109 49 0 
106 428 79 0 
107 380 72 0 
107 298 24 0 
107 275 20 0 
107 171 30 0 
107 157 61 0 
108 771 97 0 
108 468 98 0 
108 405 67 0 
109 728 86 0 
109 689 7 0 
109 641 11 0 
109 628 30 0 
109 211 43 0 
109 200 23 0 
109 184 34 0 
110 769 25 0 
110 676 88 0 
110 541 50 0 
110 349 46 0 
111 376 58 0 
111 335 25 0 
111 319 55 0 
112 526 93 0 
112 523 65 0 
113 694 51 0 
113 549 62 0 
113 533 81 0 
114 697 27 0 
114 479 62 0 
114 464 47 0 
114 382 35 0 
114 363 47 0 
114 354 36 0 
114 145 52 0 
115 527 53 0 
115 443 39 0 
115 383 49 0 
115 166 51 0 
116 752 37 0 
116 268 30 0 
117 543 66 0 
117 524 37 0 
117 506 91 0 
118 690 54 0 
119 713 27 0 
119 581 48 0 
119 501 70 0 
119 488 89 0 
119 289 33 0 
119 192 86 0 
120 526 83 0 
120 312 54 0 
120 216 28 0 
121 787 87 0 
121 567 76 0 
121 260 37 0 
121 243 55 0 
121 205 70 0 
121 171 42 0 
122 767 82 0 
122 539 48 0 
122 361 87 0 
123 678 58 0 
123 617 25 0 
123 596 60 0 
123 369 63 0 
123 331 85 0 
123 315 35 0 
123 244 74 0 
123 188 46 0 
124 459 22 0 
124 433 50 0 
124 406 7 0 
124 369 10 0 
124 304 57 0 
125 659 43 0 
125 315 15 0 
125 309 51 0 
126 769 30 0 
127 559 35 0 
127 357 87 0 
128 693 60 0 
128 619 30 0 
128 538 38 0 
128 451 57 0 
128 386 67 0 
128 289 30 0 
128 190 58 0 
128 185 55 0 
129 735 81 0 
129 677 19 0 
129 448 68 0 
129 427 59 0 
129 413 98 0 
129 381 81 0 
129 354 11 0 
130 747 30 0 
130 708 68 0 
130 686 19 0 
130 343 11 0 
130 306 63 0 
130 293 8 0 
130 132 63 0 
131 698 36 0 
132 683 6 0 
132 498 74 0 
133 554 18 0 
133 513 44 0 
133 423 50 0 
133 388 80 0 
133 309 60 0 
134 755 53 0 
134 636 13 0 
134 602 51 0 
134 591 54 0 
134 544 31 0 
134 531 33 0 
134 397 43 0 
134 371 66 0 
135 768 90 0 
135 598 77 0 
135 436 74 0 
136 555 47 0 
136 387 50 0 
136 345 33 0 
136 202 13 0 
137 776 33 0 
137 658 11 0 
137 235 42 0 
137 140 30 0 
138 694 76 0 
138 583 64 0 
138 527 91 0 
138 237 69 0 
139 665 48 0 
139 518 53 0 
139 457 49 0 
139 215 76 0 
140 753 45 0 
140 741 16 0 
140 738 29 0 
140 456 9 0 
140 421 16 0 
140 266 65 0 
140 261 35 0 
141 172 40 0 
142 787 90 0 
142 492 95 0 
142 330 94 0 
142 314 46 0 
142 309 90 0 
142 236 80 0 
142 220 38 0 
143 656 34 0 
143 434 22 0 
143 352 60 0 
144 599 73 0 
144 404 66 0 
144 362 25 0 
145 696 20 0 
145 487 84 0 
145 447 29 0 
145 367 28 0 
145 346 79 0 
145 341 83 0 
145 304 76 0 
146 588 47 0 
146 416 45 0 
146 304 77 0 
146 166 51 0 
147 649 50 0 
147 639 71 0 
147 625 31 0 
147 615 39 0 
147 599 38 0 
147 560 19 0 
147 474 64 0 
147 159 9 0 
148 361 46 0 
148 168 55 0 
148 150 33 0 
149 374 89 0 
149 299 89 0 
150 696 32 0 
150 683 60 0 
151 744 60 0 
151 296 39 0 
151 175 15 0 
152 774 43 0 
152 423 9 0 
152 309 25 0 
153 712 46 0 
153 698 11 0 
153 241 76 0 
154 551 22 0 
154 368 46 0 
154 185 50 0 
155 747 73 0 
155 285 58 0 
155 252 86 0 
156 773 58 0 
156 708 17 0 
156 634 57 0 
156 599 71 0 
156 474 59 0 
156 271 12 0 
157 717 61 0 
157 701 65 0 
157 247 82 0 
158 705 63 0 
158 327 38 0 
158 206 35 0 
159 731 36 0 
159 569 33 0 
159 548 69 0 
159 447 21 0 
159 411 45 0 
159 301 67 0 
159 197 12 0 
160 753 30 0 
160 499 51 0 
160 347 17 0 
160 346 62 0 
160 328 65 0 
161 649 83 0 
161 527 83 0 
161 498 39 0 
161 432 49 0 
161 233 34 0 
162 606 28 0 
162 601 58 0 
162 506 89 0 
162 479 96 0 
162 452 62 0 
163 758 70 0 
163 237 28 0 
164 632 47 0 
164 555 21 0 
164 195 17 0 
165 784 20 0 
165 713 34 0 
165 685 12 0 
165 638 53 0 
165 614 54 0 
165 587 42 0 
165 579 19 0 
165 559 39 0 
165 489 62 0 
165 477 18 0 
165 415 5 0 
166 782 58 0 
166 667 6 0 
166 650 57 0 
166 524 68 0 
167 700 68 0 
167 602 66 0 
167 401 51 0 
167 285 27 0 
167 175 64 0 
168 741 42 0 
168 376 42 0 
168 170 47 0 
169 606 13 0 
169 576 41 0 
170 650 71 0 
170 418 32 0 
172 749 18 0 
172 538 42 0 
172 270 44 0 
172 199 51 0 
173 683 45 0 
173 571 31 0 
173 344 40 0 
174 381 76 0 
174 323 65 0 
174 305 28 0 
175 314 62 0 
176 776 51 0 
176 517 80 0 
176 515 42 0 
176 384 55 0 
176 355 62 0 
176 233 57 0 
177 783 61 0 
177 586 56 0 
177 487 78 0 
177 436 67 0 
177 233 46 0 
178 768 103 0 
178 676 73 0 
178 559 69 0 
178 531 44 0 
178 409 39 0 
178 282 35 0 
179 673 88 0 
180 736 44 0 
180 477 58 0 
181 441 37 0 
181 289 26 0 
181 250 42 0 
182 716 36 0 
182 416 27 0 
182 387 50 0 
182 288 41 0 
182 246 41 0 
183 511 81 0 
183 274 79 0 
183 243 16 0 
184 613 31 0 
184 503 89 0 
185 683 13 0 
185 533 40 0 
185 531 45 0 
185 346 76 0 
185 234 52 0 
185 228 51 0 
186 208 54 0 
187 716 57 0 
187 714 79 0 
187 568 31 0 
187 523 6 0 
187 467 66 0 
187 380 47 0 
188 416 4 0 
189 733 69 0 
189 656 24 0 
189 644 91 0 
189 407 10 0 
189 388 78 0 
190 660 71 0 
190 632 20 0 
190 511 63 0 
190 493 81 0 
191 706 46 0 
191 647 74 0 
191 512 50 0 
191 351 29 0 
192 694 55 0 
192 633 62 0 
192 463 49 0 
192 332 52 0 
192 287 82 0 
192 199 89 0 
193 789 9 0 
193 643 50 0 
193 500 37 0 
194 611 25 0 
194 526 61 0 
194 360 76 0 
194 308 35 0 
195 656 28 0 
195 575 48 0 
195 310 19 0 
195 304 73 0 
196 659 50 0 
196 526 67 0 
196 512 35 0 
196 255 63 0 
197 677 17 0 
197 590 59 0 
197 369 30 0 
197 310 41 0 
198 664 41 0 
198 624 35 0 
198 542 76 0 
198 491 86 0 
198 394 15 0 
198 310 18 0 
199 485 62 0 
199 397 70 0 
199 343 71 0 
199 260 68 0 
200 512 76 0 
200 411 45 0 
200 244 25 0 
201 655 35 0 
201 599 42 0 
201 534 55 0 
201 494 87 0 
202 659 62 0 
202 628 62 0 
202 343 16 0 
202 313 49 0 
202 293 18 0 
203 617 8 0 
203 252 30 0 
203 224 73 0 
203 215 22 0 
204 792 25 0 
204 554 52 0 
204 393 50 0 
205 625 71 0 
205 460 37 0 
205 446 32 0 
206 465 103 0 
207 776 53 0 
207 729 59 0 
207 568 28 0 
209 798 66 0 
209 453 42 0 
209 410 14 0 
209 359 40 0 
210 763 62 0 
210 667 83 0 
210 541 80 0 
210 458 37 0 
210 227 45 0 
211 391 17 0 
211 371 62 0 
212 663 15 0 
212 600 34 0 
212 519 57 0 
212 518 12 0 
214 607 45 0 
214 381 57 0 
214 366 49 0 
214 271 40 0 
215 771 59 0 
215 745 13 0 
215 738 41 0 
215 435 83 0 
215 408 19 0 
215 322 11 0 
215 287 48 0 
215 281 50 0 
216 370 64 0 
216 221 35 0 
217 607 86 0 
218 762 74 0 
218 612 47 0 
218 589 46 0 
218 519 15 0 
218 496 77 0 
218 463 55 0 
219 579 32 0 
219 569 30 0 
219 475 81 0 
219 222 74 0 
220 629 13 0 
221 760 52 0 
221 570 85 0 
221 512 4 0 
221 356 57 0 
222 763 26 0 
222 624 33 0 
222 288 40 0 
223 654 59 0 
223 640 27 0 
223 631 20 0 
223 629 87 0 
223 574 59 0 
223 485 22 0 
223 442 68 0 
223 375 72 0 
224 772 29 0 
225 572 65 0 
225 227 38 0 
226 756 55 0 
226 529 32 0 
226 280 26 0 
227 734 11 0 
227 730 17 0 
227 615 7 0 
227 612 35 0 
227 380 48 0 
227 370 23 0 
227 322 34 0 
227 284 24 0 
228 630 61 0 
228 591 24 0 
228 546 55 0 
228 388 79 0 
229 384 86 0 
229 363 57 0 
229 248 58 0 
230 765 43 0 
230 757 53 0 
231 777 89 0 
231 742 39 0 
231 707 83 0 
231 527 99 0 
231 509 85 0 
231 248 41 0 
232 553 43 0 
232 547 11 0 
232 445 40 0 
232 344 66 0 
233 782 45 0 
233 574 64 0 
233 526 65 0 
233 305 24 0 
233 251 15 0 
234 525 73 0 
234 496 89 0 
234 445 29 0 
234 357 9 0 
234 351 97 0 
235 746 59 0 
235 510 37 0 
235 494 71 0 
235 488 89 0 
235 404 37 0 
235 386 53 0 
235 334 82 0 
235 268 6 0 
236 794 41 0 
236 719 58 0 
236 453 23 0 
236 435 89 0 
236 313 30 0 
237 778 38 0 
237 753 5 0 
237 704 30 0 
237 269 25 0 
238 422 79 0 
238 394 67 0 
238 346 21 0 
239 488 24 0 
239 337 47 0 
239 282 92 0 
240 499 75 0 
240 486 25 0 
240 383 64 0 
241 749 62 0 
241 589 37 0 
241 567 97 0 
241 451 54 0 
242 546 90 0 
242 483 64 0 
242 465 71 0 
242 381 30 0 
242 376 35 0 
243 592 49 0 
243 473 84 0 
243 267 44 0 
244 725 53 0 
244 631 71 0 
244 540 59 0 
244 351 38 0 
245 703 71 0 
245 328 75 0 
246 541 70 0 
246 283 45 0 
247 557 24 0 
247 555 66 0 
247 458 56 0 
247 447 70 0 
247 395 53 0 
248 709 55 0 
248 319 39 0 
249 602 34 0 
249 506 50 0 
249 454 35 0 
249 283 32 0 
249 282 39 0 
250 339 78 0 
251 752 30 0 
251 390 48 0 
252 626 49 0 
253 797 78 0 
253 763 53 0 
253 695 47 0 
254 657 75 0 
254 597 58 0 
254 537 65 0 
254 465 9 0 
254 435 79 0 
254 407 75 0 
256 503 35 0 
256 309 45 0 
256 303 81 0 
256 283 56 0 
257 769 59 0 
257 493 109 0 
257 438 102 0 
257 411 53 0 
257 407 43 0 
257 292 26 0 
258 763 31 0 
258 724 71 0 
258 572 51 0 
258 501 37 0 
258 468 25 0 
258 418 22 0 
258 366 42 0 
258 354 76 0 
258 325 21 0 
258 266 51 0 
259 785 6 0 
259 666 37 0 
259 294 34 0 
259 264 50 0 
260 661 41 0 
260 642 24 0 
260 437 67 0 
260 383 56 0 
261 392 92 0 
262 725 44 0 
262 426 40 0 
262 290 38 0 
262 273 20 0 
263 554 46 0 
263 376 27 0 
263 372 77 0 
264 773 30 0 
264 698 42 0 
264 590 49 0 
264 266 57 0 
265 577 53 0 
265 545 78 0 
265 468 41 0 
265 370 51 0 
265 324 63 0 
266 583 72 0 
267 506 51 0 
268 486 45 0 
268 461 75 0 
268 431 86 0 
268 400 71 0 
269 754 53 0 
269 665 9 0 
269 650 27 0 
269 624 11 0 
269 619 16 0 
269 521 43 0 
269 501 58 0 
270 769 15 0 
270 706 24 0 
270 443 45 0 
271 402 55 0 
272 782 50 0 
272 706 47 0 
272 697 23 0 
272 622 81 0 
272 501 39 0 
274 782 69 0 
274 648 56 0 
275 695 34 0 
275 644 69 0 
275 603 22 0 
275 497 72 0 
275 481 84 0 
275 320 84 0 
275 307 35 0 
276 748 39 0 
276 683 43 0 
276 541 70 0 
276 318 30 0 
277 599 17 0 
277 582 86 0 
277 431 28 0 
278 760 87 0 
278 630 94 0 
278 527 66 0 
278 503 74 0 
278 420 68 0 
279 715 49 0 
279 521 40 0 
279 310 31 0 
281 768 58 0 
281 670 59 0 
281 401 34 0 
282 663 61 0 
282 633 52 0 
283 676 40 0 
283 631 46 0 
283 557 41 0 
283 290 7 0 
284 682 7 0 
284 355 10 0 
285 640 17 0 
285 548 38 0 
285 451 17 0 
285 294 48 0 
286 786 40 0 
286 761 43 0 
286 728 41 0 
286 557 68 0 
286 534 62 0 
287 576 30 0 
287 498 78 0 
287 409 17 0 
288 558 53 0 
288 397 36 0 
289 641 30 0 
289 574 82 0 
289 460 33 0 
290 692 27 0 
290 553 31 0 
291 671 66 0 
292 642 35 0 
292 319 55 0 
294 522 95 0 
294 450 36 0 
294 383 93 0 
294 329 17 0 
295 623 90 0 
295 378 49 0 
296 315 50 0 
297 791 42 0 
297 346 60 0 
298 715 45 0 
298 650 17 0 
298 545 58 0 
298 397 9 0 
299 760 81 0 
299 602 89 0 
299 402 16 0 
300 623 68 0 
301 743 61 0 
301 722 61 0 
301 587 62 0 
301 569 72 0 
302 756 88 0 
302 568 56 0 
302 504 69 0 
302 480 62 0 
303 558 107 0 
303 475 51 0 
303 381 56 0 
304 774 60 0 
304 710 47 0 
304 433 86 0 
304 429 31 0 
304 320 69 0 
305 568 47 0 
305 525 32 0 
305 479 62 0 
305 421 45 0 
306 318 70 0 
307 793 38 0 
307 751 59 0 
307 669 25 0 
307 526 68 0 
307 423 51 0 
308 712 73 0 
308 651 110 0 
308 444 64 0 
309 740 37 0 
309 721 79 0 
309 553 42 0 
309 405 29 0 
309 400 73 0 
310 701 57 0 
310 564 19 0 
310 510 32 0 
311 701 87 0 
311 450 70 0 
311 433 44 0 
311 406 79 0 
312 444 79 0 
313 623 37 0 
313 375 45 0 
313 338 27 0 
314 564 46 0 
314 420 58 0 
314 363 74 0 
315 673 66 0 
315 341 74 0 
315 337 59 0 
316 695 2 0 
316 674 21 0 
316 625 26 0 
316 469 23 0 
317 756 50 0 
317 678 32 0 
317 617 23 0 
317 551 14 0 
317 481 60 0 
317 438 43 0 
317 412 60 0 
318 648 61 0 
318 605 69 0 
318 505 77 0 
318 470 94 0 
319 458 51 0 
319 413 58 0 
319 354 67 0 
320 788 18 0 
320 660 71 0 
320 507 65 0 
320 465 17 0 
321 677 18 0 
321 437 43 0 
322 772 44 0 
322 456 36 0 
322 433 18 0 
323 345 28 0 
324 741 59 0 
324 674 31 0 
325 674 69 0 
325 445 20 0 
326 603 40 0 
326 446 36 0 
326 376 38 0 
327 776 45 0 
327 658 26 0 
327 650 30 0 
327 486 33 0 
328 557 48 0 
328 450 23 0 
329 757 37 0 
329 724 67 0 
330 779 27 0 
330 478 98 0 
330 385 69 0 
331 723 67 0 
332 773 40 0 
332 651 31 0 
332 610 64 0 
332 522 54 0 
332 423 56 0 
332 395 48 0 
333 693 37 0 
333 671 47 0 
333 416 28 0 
333 340 55 0 
334 625 22 0 
334 594 92 0 
334 477 50 0 
334 453 115 0 
335 763 21 0 
335 746 63 0 
335 439 66 0 
335 436 53 0 
335 408 50 0 
335 406 50 0 
335 354 69 0 
336 634 25 0 
336 568 60 0 
336 402 22 0 
336 387 24 0 
337 785 61 0 
337 722 63 0 
337 693 53 0 
337 548 90 0 
337 522 58 0 
338 447 45 0 
338 407 46 0 
339 658 57 0 
340 789 47 0 
341 512 108 0 
341 473 99 0 
341 424 19 0 
341 360 80 0 
342 734 67 0 
342 706 81 0 
342 603 88 0 
343 769 46 0 
343 514 74 0 
343 459 85 0 
343 428 72 0 
344 734 21 0 
344 633 30 0 
344 571 27 0 
344 477 51 0 
344 433 20 0 
345 684 50 0 
345 364 53 0 
346 720 96 0 
346 465 100 0 
347 687 48 0 
347 383 48 0 
347 372 56 0 
349 728 62 0 
349 709 72 0 
349 386 22 0 
350 771 73 0 
350 618 32 0 
350 590 62 0 
350 535 21 0 
350 526 76 0 
351 669 21 0 
351 625 62 0 
352 665 25 0 
352 594 7 0 
352 433 10 0 
353 731 17 0 
353 657 16 0 
353 591 24 0 
353 425 50 0 
354 528 38 0 
354 361 25 0 
355 761 49 0 
355 435 24 0 
355 423 46 0 
356 366 69 0 
357 545 77 0 
358 742 57 0 
358 531 29 0 
359 695 14 0 
359 660 50 0 
359 552 80 0 
359 551 19 0 
359 497 69 0 
359 408 39 0 
361 652 27 0 
361 569 13 0 
361 397 34 0 
362 717 64 0 
362 419 11 0 
363 626 26 0 
364 728 15 0 
364 586 83 0 
364 441 80 0 
365 692 34 0 
365 672 14 0 
365 667 80 0 
365 662 63 0 
365 520 31 0 
365 419 74 0 
366 790 61 0 
366 694 48 0 
366 506 72 0 
366 454 45 0 
367 793 60 0 
367 711 111 0 
367 576 32 0 
367 564 58 0 
368 536 80 0 
369 579 33 0 
369 420 46 0 
370 705 31 0 
370 665 33 0 
370 628 48 0 
370 545 32 0 
371 701 96 0 
371 403 61 0 
372 753 22 0 
372 492 14 0 
372 419 36 0 
373 745 10 0 
373 668 70 0 
373 554 7 0 
374 695 43 0 
374 562 67 0 
374 501 84 0 
374 396 28 0 
375 790 47 0 
375 656 19 0 
375 491 57 0 
375 438 84 0 
376 447 16 0 
376 422 44 0 
377 688 71 0 
377 640 21 0 
377 444 26 0 
379 643 23 0 
379 582 38 0 
379 538 99 0 
379 430 61 0 
380 726 37 0 
381 552 35 0 
381 462 53 0 
382 787 34 0 
382 784 42 0 
382 522 49 0 
383 742 73 0 
383 728 48 0 
383 707 1 0 
383 642 68 0 
383 628 71 0 
383 572 41 0 
384 639 20 0 
384 419 30 0 
385 738 55 0 
385 548 84 0 
386 750 71 0 
386 684 30 0 
386 443 16 0 
387 747 50 0 
387 497 56 0 
388 716 77 0 
388 473 77 0 
389 688 52 0 
389 521 32 0 
389 460 36 0 
390 767 70 0 
390 750 76 0 
390 724 66 0 
391 739 27 0 
391 574 57 0 
392 714 73 0 
392 563 88 0 
393 771 75 0 
393 642 53 0 
394 786 17 0 
394 779 43 0 
394 646 67 0 
395 479 76 0 
395 465 43 0 
396 651 57 0 
397 777 47 0 
397 722 27 0 
397 532 23 0 
397 503 41 0 
398 791 70 0 
398 652 61 0 
398 604 40 0 
399 485 14 0 
399 444 44 0 
400 527 85 0 
400 453 73 0 
400 447 14 0 
401 583 33 0 
402 674 22 0 
402 423 71 0 
404 742 57 0 
404 698 7 0 
404 532 60 0 
404 421 59 0 
405 560 29 0 
405 510 31 0 
405 453 41 0 
406 597 41 0 
406 463 40 0 
406 415 45 0 
407 797 58 0 
407 689 16 0 
407 567 77 0 
407 553 36 0 
407 473 67 0 
408 798 80 0 
408 696 33 0 
408 414 77 0 
410 551 38 0 
411 650 39 0 
411 597 26 0 
412 596 56 0 
412 438 103 0 
413 426 49 0 
414 706 53 0 
414 501 63 0 
415 687 32 0 
415 679 41 0 
415 634 69 0 
415 528 37 0 
415 489 66 0 
415 455 43 0 
417 709 43 0 
417 707 32 0 
417 646 29 0 
417 581 40 0 
417 530 23 0 
417 445 16 0 
418 629 95 0 
418 626 60 0 
418 556 24 0 
418 519 32 0 
418 429 88 0 
420 773 32 0 
420 757 60 0 
420 558 59 0 
421 491 60 0 
422 746 74 0 
422 605 95 0 
422 562 26 0 
423 797 5 0 
423 645 52 0 
423 451 34 0 
424 792 38 0 
424 777 26 0 
424 667 53 0 
424 496 89 0 
424 494 86 0 
425 757 85 0 
425 704 51 0 
426 475 59 0 
427 797 52 0 
427 731 82 0 
427 509 24 0 
428 799 46 0 
428 783 74 0 
428 435 66 0 
429 742 53 0 
429 602 105 0 
429 578 109 0 
429 455 88 0 
430 684 66 0 
430 534 69 0 
432 755 105 0 
432 569 98 0 
432 509 62 0 
432 436 76 0 
433 798 84 0 
433 710 39 0 
433 637 83 0 
433 597 21 0 
434 713 42 0 
435 712 45 0 
435 673 82 0 
436 671 34 0 
436 670 72 0 
436 486 51 0 
436 460 58 0 
437 601 31 0 
438 779 44 0 
438 750 31 0 
439 697 82 0 
440 590 7 0 
441 734 52 0 
441 641 52 0 
441 623 89 0 
441 619 59 0 
441 585 24 0 
442 751 57 0 
442 691 70 0 
442 639 100 0 
443 716 89 0 
443 553 45 0 
443 550 78 0 
443 475 59 0 
443 473 87 0 
445 663 21 0 
445 640 17 0 
446 797 55 0 
446 768 35 0 
446 745 24 0 
446 628 31 0 
446 541 97 0 
447 746 72 0 
447 661 35 0 
447 650 19 0 
448 712 51 0 
448 702 69 0 
448 640 58 0 
448 589 45 0 
448 464 82 0 
449 778 38 0 
449 738 79 0 
449 713 8 0 
449 683 38 0 
449 590 33 0 
449 452 44 0 
450 738 26 0 
450 645 38 0 
450 566 15 0 
450 485 35 0 
452 554 95 0 
452 485 54 0 
453 481 82 0 
455 764 50 0 
455 756 36 0 
455 524 54 0 
456 755 44 0 
456 546 48 0 
457 603 84 0 
457 577 41 0 
457 548 68 0 
458 798 26 0 
458 771 46 0 
458 741 35 0 
458 585 8 0 
459 600 77 0 
460 610 22 0 
461 688 73 0 
461 593 102 0 
461 587 26 0 
461 501 101 0 
461 466 89 0 
462 747 44 0 
462 599 9 0 
464 599 36 0 
464 585 44 0 
464 554 95 0 
464 476 94 0 
465 798 58 0 
465 725 112 0 
465 604 24 0 
466 762 84 0 
466 669 90 0 
467 775 62 0 
467 602 106 0 
467 573 44 0 
467 501 122 0 
468 617 55 0 
469 685 17 0 
469 526 41 0 
471 637 33 0 
471 572 12 0 
471 510 13 0 
472 776 24 0 
472 566 18 0 
472 529 39 0 
473 699 35 0 
473 676 90 0 
473 491 100 0 
475 752 62 0 
476 796 66 0 
476 665 35 0 
476 493 36 0 
477 604 24 0 
477 505 18 0 
478 659 47 0 
479 598 72 0 
479 541 73 0 
480 690 65 0 
481 685 50 0 
481 644 70 0 
481 640 51 0 
481 518 77 0 
481 488 109 0 
482 657 52 0 
482 494 57 0 
483 732 71 0 
483 652 60 0 
483 590 15 0 
483 562 71 0 
484 692 27 0 
484 681 79 0 
485 574 68 0 
486 664 51 0 
487 734 60 0 
487 624 45 0 
488 748 61 0 
489 598 78 0 
490 784 40 0 
490 666 54 0 
490 654 70 0 
491 680 58 0 
491 524 40 0 
492 690 69 0 
493 738 86 0 
493 560 71 0 
494 755 46 0 
494 670 72 0 
495 726 31 0 
496 676 75 0 
496 643 56 0 
496 558 35 0 
498 710 53 0 
498 528 91 0 
499 777 40 0 
500 741 64 0 
501 751 96 0 
501 639 13 0 
502 674 19 0 
502 672 62 0 
502 549 44 0 
503 665 49 0 
503 519 75 0 
504 783 76 0 
504 758 22 0 
505 748 81 0 
505 631 52 0 
506 779 54 0 
506 671 44 0 
506 599 70 0 
506 558 52 0 
506 525 60 0 
506 514 30 0 
507 787 82 0 
507 573 22 0 
508 777 48 0 
509 653 71 0 
509 560 41 0 
510 650 28 0 
511 751 82 0 
512 584 52 0 
513 651 66 0 
513 537 71 0 
514 796 74 0 
514 717 76 0 
515 517 103 0 
517 601 65 0 
518 683 21 0 
519 655 27 0 
519 585 10 0 
520 580 55 0 
521 797 46 0 
521 762 79 0 
521 729 31 0 
521 706 71 0 
521 554 80 0 
522 668 40 0 
522 643 95 0 
523 697 12 0 
525 756 92 0 
525 611 51 0 
525 605 27 0 
525 570 28 0 
525 542 45 0 
527 631 31 0 
527 628 77 0 
527 556 12 0 
528 548 83 0 
529 754 75 0 
529 643 38 0 
529 613 47 0 
530 673 58 0 
530 657 65 0 
530 547 26 0 
531 766 29 0 
531 540 49 0 
532 779 70 0 
532 695 32 0 
532 625 55 0 
533 794 14 0 
534 730 61 0 
534 661 34 0 
534 545 95 0 
535 778 15 0 
535 724 39 0 
535 710 11 0 
536 736 96 0 
536 701 24 0 
537 714 87 0 
537 668 62 0 
538 745 90 0 
538 662 73 0 
538 638 55 0 
538 583 57 0 
540 776 41 0 
540 676 81 0 
540 651 72 0 
540 573 50 0 
540 545 77 0 
541 639 69 0 
541 575 78 0 
541 550 65 0 
542 670 60 0 
542 643 103 0 
543 548 43 0 
544 774 55 0 
544 748 39 0 
545 760 82 0 
545 588 75 0 
545 570 16 0 
546 678 76 0 
546 629 77 0 
548 692 49 0 
550 779 30 0 
550 714 82 0 
550 656 58 0 
550 651 87 0 
551 679 43 0 
551 676 48 0 
551 595 47 0 
552 746 102 0 
552 649 105 0 
554 599 74 0 
555 702 10 0 
556 737 68 0 
556 656 67 0 
556 558 85 0 
558 715 52 0 
558 706 47 0 
558 643 85 0 
558 578 73 0 
560 669 38 0 
561 573 40 0 
562 763 24 0 
562 732 29 0 
562 723 42 0 
563 778 55 0 
563 675 52 0 
564 756 56 0 
564 720 44 0 
564 653 63 0 
566 709 15 0 
567 615 55 0 
568 668 42 0 
569 738 46 0 
569 658 24 0 
572 672 36 0 
572 669 53 0 
573 795 50 0 
573 757 35 0 
573 671 14 0 
573 588 46 0 
574 743 21 0 
574 729 67 0 
574 718 74 0 
574 682 68 0 
575 788 59 0 
575 758 48 0 
576 690 79 0 
576 661 10 0 
577 787 74 0 
577 727 24 0 
577 666 16 0 
577 580 50 0 
582 789 28 0 
582 779 51 0 
582 748 7 0 
582 639 28 0 
584 743 68 0 
584 643 85 0 
584 589 39 0 
585 758 72 0 
585 719 33 0 
586 699 63 0 
586 595 113 0 
587 686 31 0 
588 766 69 0 
588 600 21 0 
589 669 45 0 
590 690 21 0 
592 666 6 0 
595 705 97 0 
596 763 28 0 
596 637 48 0 
597 623 37 0 
598 683 67 0 
601 775 40 0 
601 629 84 0 
603 767 76 0 
604 771 47 0 
604 665 50 0 
604 653 72 0 
604 618 73 0 
606 730 18 0 
606 691 64 0 
609 678 83 0 
611 628 38 0 
612 702 29 0 
613 738 41 0 
614 689 77 0 
616 623 85 0 
618 746 75 0 
618 673 83 0 
618 655 76 0 
619 771 53 0 
619 727 1 0 
619 716 38 0 
619 685 17 0 
619 679 41 0 
619 677 30 0 
621 760 52 0 
622 738 34 0 
624 701 40 0 
627 747 45 0 
627 745 14 0 
627 732 28 0 
627 718 61 0 
628 684 63 0 
628 651 53 0 
629 736 38 0 
630 649 94 0 
631 789 50 0 
632 723 27 0 
634 767 81 0 
635 666 50 0 
638 703 54 0 
638 676 53 0 
639 743 23 0 
640 780 16 0 
642 703 54 0 
643 644 18 0 
644 690 89 0 
646 689 39 0 
647 684 95 0 
649 700 16 0 
649 659 60 0 
654 774 23 0 
656 769 36 0 
656 658 28 0 
657 798 79 0 
658 767 77 0 
659 758 28 0 
661 723 30 0 
661 688 76 0 
663 791 31 0 
664 672 89 0 
666 775 7 0 
666 683 46 0 
668 671 67 0 
670 708 47 0 
670 682 44 0 
675 773 24 0 
676 753 58 0 
676 709 54 0 
678 689 54 0 
679 747 19 0 
679 680 56 0 
682 783 48 0 
691 701 59 0 
692 719 21 0 
696 779 46 0 
696 745 25 0 
700 737 36 0 
701 794 54 0 
701 783 46 0 
701 748 77 0 
702 772 17 0 
702 770 56 0 
702 717 38 0 
705 708 68 0 
709 739 53 0 
709 727 24 0 
711 781 85 0 
712 755 42 0 
715 759 56 0 
716 725 41 0 
719 755 40 0 
720 786 8 0 
721 775 58 0 
722 724 72 0 
724 732 71 0 
725 738 26 0 
728 778 38 0 
733 797 6 0 
733 766 61 0 
737 773 43 0 
737 757 11 0 
741 755 18 0 
746 788 53 0 
754 780 61 0 
756 788 51 0 
759 782 48 0 
761 768 79 0 
761 762 61 0 
765 770 29 0 
769 777 40 0 
772 789 25 0 
776 786 39 0 
777 789 43 0 
787 797 27 0 
