#GRAPH (#nodes #edges id uu vv ww xx yy zz):
#800 3906 geo(0,{800,100,3,0.006,0.000,0.000}) 100 
#
VERTICES (index name u v w x y z):
0 0 84 79 
1 1 57 42 
2 2 54 9 
3 3 34 54 
4 4 43 32 
5 5 34 46 
6 6 26 64 
7 7 77 55 
8 8 29 45 
9 9 95 52 
10 10 60 16 
11 11 99 91 
12 12 47 25 
13 13 42 21 
14 14 23 60 
15 15 48 6 
16 16 27 12 
17 17 43 92 
18 18 97 75 
19 19 34 79 
20 20 88 99 
21 21 2 50 
22 22 42 98 
23 23 98 5 
24 24 18 80 
25 25 99 31 
26 26 45 97 
27 27 51 68 
28 28 19 5 
29 29 40 35 
30 30 66 59 
31 31 32 95 
32 32 29 81 
33 33 8 11 
34 34 26 59 
35 35 29 12 
36 36 13 33 
37 37 39 88 
38 38 7 68 
39 39 22 64 
40 40 60 52 
41 41 50 19 
42 42 91 23 
43 43 22 48 
44 44 3 1 
45 45 86 73 
46 46 36 4 
47 47 61 57 
48 48 27 45 
49 49 88 91 
50 50 25 48 
51 51 81 4 
52 52 49 10 
53 53 85 88 
54 54 27 34 
55 55 74 91 
56 56 0 21 
57 57 61 72 
58 58 87 78 
59 59 66 79 
60 60 20 57 
61 61 62 99 
62 62 73 98 
63 63 24 14 
64 64 31 37 
65 65 94 57 
66 66 70 65 
67 67 94 28 
68 68 53 19 
69 69 74 42 
70 70 72 2 
71 71 77 98 
72 72 61 51 
73 73 16 35 
74 74 54 81 
75 75 24 95 
76 76 78 99 
77 77 80 56 
78 78 11 66 
79 79 69 63 
80 80 61 82 
81 81 4 57 
82 82 50 32 
83 83 12 9 
84 84 39 75 
85 85 57 1 
86 86 50 80 
87 87 33 32 
88 88 15 37 
89 89 11 17 
90 90 37 15 
91 91 35 86 
92 92 49 51 
93 93 32 70 
94 94 32 90 
95 95 27 91 
96 96 82 86 
97 97 15 86 
98 98 28 86 
99 99 46 88 
100 100 90 13 
101 101 18 48 
102 102 23 28 
103 103 12 78 
104 104 78 52 
105 105 93 7 
106 106 23 77 
107 107 7 11 
108 108 11 28 
109 109 50 84 
110 110 63 0 
111 111 27 39 
112 112 93 51 
113 113 65 6 
114 114 6 44 
115 115 31 0 
116 116 21 76 
117 117 63 4 
118 118 91 40 
119 119 56 98 
120 120 71 76 
121 121 7 66 
122 122 69 12 
123 123 30 48 
124 124 30 6 
125 125 84 44 
126 126 22 37 
127 127 49 15 
128 128 18 53 
129 129 23 87 
130 130 94 39 
131 131 48 70 
132 132 46 78 
133 133 74 12 
134 134 1 77 
135 135 39 92 
136 136 45 50 
137 137 41 71 
138 138 43 8 
139 139 50 91 
140 140 95 65 
141 141 73 84 
142 142 34 21 
143 143 78 56 
144 144 6 15 
145 145 81 11 
146 146 76 78 
147 147 20 67 
148 148 43 40 
149 149 5 19 
150 150 37 2 
151 151 56 0 
152 152 81 22 
153 153 58 10 
154 154 70 29 
155 155 95 8 
156 156 30 10 
157 157 78 1 
158 158 32 93 
159 159 86 32 
160 160 43 64 
161 161 99 41 
162 162 19 40 
163 163 24 10 
164 164 80 67 
165 165 80 53 
166 166 34 89 
167 167 6 63 
168 168 57 84 
169 169 61 47 
170 170 38 53 
171 171 40 42 
172 172 17 85 
173 173 78 98 
174 174 21 53 
175 175 74 31 
176 176 39 76 
177 177 28 45 
178 178 5 6 
179 179 59 10 
180 180 27 50 
181 181 8 79 
182 182 70 38 
183 183 23 33 
184 184 96 20 
185 185 47 23 
186 186 35 2 
187 187 68 88 
188 188 5 22 
189 189 75 91 
190 190 21 82 
191 191 22 5 
192 192 38 93 
193 193 27 69 
194 194 7 57 
195 195 85 45 
196 196 62 6 
197 197 2 57 
198 198 6 32 
199 199 12 55 
200 200 7 77 
201 201 14 28 
202 202 67 42 
203 203 36 75 
204 204 77 87 
205 205 74 65 
206 206 30 49 
207 207 78 60 
208 208 70 3 
209 209 93 11 
210 210 56 11 
211 211 6 59 
212 212 38 17 
213 213 36 67 
214 214 41 89 
215 215 77 18 
216 216 40 32 
217 217 50 4 
218 218 8 74 
219 219 87 83 
220 220 81 44 
221 221 25 59 
222 222 82 12 
223 223 75 85 
224 224 30 78 
225 225 87 16 
226 226 9 79 
227 227 59 87 
228 228 30 91 
229 229 41 65 
230 230 22 96 
231 231 18 55 
232 232 60 83 
233 233 92 48 
234 234 75 73 
235 235 70 77 
236 236 76 24 
237 237 92 23 
238 238 85 18 
239 239 18 88 
240 240 86 60 
241 241 7 43 
242 242 68 29 
243 243 69 27 
244 244 29 76 
245 245 32 23 
246 246 55 87 
247 247 68 53 
248 248 11 37 
249 249 67 33 
250 250 74 88 
251 251 89 50 
252 252 79 24 
253 253 60 98 
254 254 21 48 
255 255 49 61 
256 256 3 22 
257 257 72 33 
258 258 19 48 
259 259 63 28 
260 260 33 36 
261 261 40 49 
262 262 86 87 
263 263 44 80 
264 264 47 42 
265 265 32 58 
266 266 97 20 
267 267 7 65 
268 268 28 18 
269 269 30 65 
270 270 99 8 
271 271 52 34 
272 272 6 65 
273 273 56 84 
274 274 54 6 
275 275 33 50 
276 276 39 27 
277 277 21 98 
278 278 29 69 
279 279 32 37 
280 280 13 51 
281 281 78 9 
282 282 23 43 
283 283 15 29 
284 284 65 90 
285 285 79 84 
286 286 99 5 
287 287 4 17 
288 288 42 47 
289 289 67 91 
290 290 69 58 
291 291 51 18 
292 292 22 59 
293 293 11 41 
294 294 21 38 
295 295 13 23 
296 296 11 89 
297 297 6 94 
298 298 19 16 
299 299 52 6 
300 300 74 85 
301 301 52 89 
302 302 62 80 
303 303 91 62 
304 304 84 38 
305 305 9 66 
306 306 44 38 
307 307 5 55 
308 308 54 58 
309 309 2 58 
310 310 15 45 
311 311 99 0 
312 312 91 19 
313 313 80 13 
314 314 92 1 
315 315 59 25 
316 316 91 31 
317 317 37 63 
318 318 25 13 
319 319 7 40 
320 320 0 50 
321 321 24 70 
322 322 99 26 
323 323 90 16 
324 324 42 45 
325 325 9 42 
326 326 32 76 
327 327 69 24 
328 328 72 66 
329 329 95 86 
330 330 31 38 
331 331 11 30 
332 332 7 61 
333 333 65 99 
334 334 87 35 
335 335 33 43 
336 336 95 61 
337 337 85 25 
338 338 32 24 
339 339 37 50 
340 340 13 86 
341 341 94 76 
342 342 49 1 
343 343 51 54 
344 344 79 48 
345 345 49 93 
346 346 7 23 
347 347 40 54 
348 348 90 22 
349 349 81 25 
350 350 98 49 
351 351 21 97 
352 352 8 42 
353 353 16 78 
354 354 94 48 
355 355 16 4 
356 356 89 43 
357 357 42 10 
358 358 54 32 
359 359 48 94 
360 360 8 50 
361 361 37 74 
362 362 28 41 
363 363 43 45 
364 364 85 15 
365 365 26 54 
366 366 82 69 
367 367 56 68 
368 368 25 52 
369 369 92 21 
370 370 32 27 
371 371 30 13 
372 372 1 63 
373 373 62 37 
374 374 50 18 
375 375 80 40 
376 376 93 96 
377 377 58 93 
378 378 48 32 
379 379 60 15 
380 380 70 9 
381 381 0 57 
382 382 96 6 
383 383 7 76 
384 384 31 70 
385 385 73 22 
386 386 22 98 
387 387 29 85 
388 388 15 53 
389 389 49 89 
390 390 55 63 
391 391 82 49 
392 392 56 33 
393 393 96 59 
394 394 8 83 
395 395 84 14 
396 396 27 84 
397 397 59 26 
398 398 72 58 
399 399 21 52 
400 400 99 79 
401 401 26 24 
402 402 93 57 
403 403 28 28 
404 404 90 17 
405 405 75 27 
406 406 75 74 
407 407 24 59 
408 408 24 84 
409 409 40 33 
410 410 83 86 
411 411 32 65 
412 412 86 71 
413 413 92 4 
414 414 47 84 
415 415 3 31 
416 416 57 63 
417 417 18 86 
418 418 91 11 
419 419 85 64 
420 420 17 11 
421 421 71 69 
422 422 92 66 
423 423 32 2 
424 424 30 66 
425 425 51 93 
426 426 69 61 
427 427 70 79 
428 428 51 11 
429 429 34 64 
430 430 49 14 
431 431 60 42 
432 432 9 14 
433 433 16 13 
434 434 38 56 
435 435 95 50 
436 436 49 86 
437 437 41 99 
438 438 23 38 
439 439 9 95 
440 440 73 82 
441 441 23 64 
442 442 5 81 
443 443 18 61 
444 444 6 11 
445 445 21 16 
446 446 89 38 
447 447 84 97 
448 448 93 33 
449 449 90 48 
450 450 62 45 
451 451 31 13 
452 452 61 52 
453 453 24 21 
454 454 28 71 
455 455 49 73 
456 456 29 83 
457 457 60 86 
458 458 12 2 
459 459 87 22 
460 460 51 31 
461 461 0 48 
462 462 73 79 
463 463 5 61 
464 464 85 97 
465 465 99 28 
466 466 10 9 
467 467 83 66 
468 468 54 74 
469 469 78 7 
470 470 75 42 
471 471 10 55 
472 472 56 95 
473 473 29 80 
474 474 95 34 
475 475 1 60 
476 476 44 93 
477 477 20 62 
478 478 29 92 
479 479 59 94 
480 480 31 46 
481 481 22 34 
482 482 41 27 
483 483 40 5 
484 484 44 85 
485 485 61 24 
486 486 36 30 
487 487 65 46 
488 488 48 98 
489 489 32 40 
490 490 55 32 
491 491 10 34 
492 492 40 51 
493 493 51 95 
494 494 90 81 
495 495 46 7 
496 496 58 2 
497 497 61 27 
498 498 95 18 
499 499 83 75 
500 500 31 55 
501 501 77 12 
502 502 82 1 
503 503 87 65 
504 504 88 59 
505 505 58 88 
506 506 25 29 
507 507 22 89 
508 508 72 43 
509 509 53 88 
510 510 29 32 
511 511 5 82 
512 512 90 68 
513 513 52 87 
514 514 63 2 
515 515 4 79 
516 516 64 3 
517 517 96 21 
518 518 17 2 
519 519 24 81 
520 520 10 98 
521 521 22 0 
522 522 24 60 
523 523 28 27 
524 524 34 16 
525 525 78 26 
526 526 31 94 
527 527 94 53 
528 528 76 0 
529 529 36 89 
530 530 17 38 
531 531 27 18 
532 532 33 45 
533 533 61 46 
534 534 62 88 
535 535 89 69 
536 536 13 34 
537 537 46 18 
538 538 27 47 
539 539 57 62 
540 540 13 40 
541 541 64 56 
542 542 55 99 
543 543 95 2 
544 544 16 76 
545 545 27 32 
546 546 54 84 
547 547 75 95 
548 548 3 91 
549 549 11 90 
550 550 45 47 
551 551 37 12 
552 552 63 56 
553 553 48 97 
554 554 74 15 
555 555 34 48 
556 556 54 78 
557 557 1 54 
558 558 23 35 
559 559 2 81 
560 560 27 80 
561 561 76 13 
562 562 0 6 
563 563 41 64 
564 564 45 63 
565 565 85 79 
566 566 15 42 
567 567 7 0 
568 568 57 21 
569 569 92 37 
570 570 0 74 
571 571 44 29 
572 572 93 0 
573 573 82 88 
574 574 25 63 
575 575 2 42 
576 576 25 11 
577 577 49 19 
578 578 33 64 
579 579 99 34 
580 580 55 58 
581 581 50 42 
582 582 32 46 
583 583 71 85 
584 584 89 16 
585 585 76 37 
586 586 36 53 
587 587 20 45 
588 588 76 75 
589 589 97 21 
590 590 20 72 
591 591 12 38 
592 592 33 21 
593 593 20 16 
594 594 94 92 
595 595 91 12 
596 596 40 59 
597 597 4 39 
598 598 25 95 
599 599 86 44 
600 600 36 70 
601 601 66 12 
602 602 59 43 
603 603 78 69 
604 604 67 84 
605 605 49 24 
606 606 91 56 
607 607 83 80 
608 608 21 33 
609 609 79 98 
610 610 21 13 
611 611 35 5 
612 612 6 38 
613 613 2 24 
614 614 38 8 
615 615 81 68 
616 616 93 66 
617 617 1 79 
618 618 97 41 
619 619 86 92 
620 620 12 75 
621 621 48 46 
622 622 65 24 
623 623 81 19 
624 624 79 46 
625 625 51 96 
626 626 55 68 
627 627 94 77 
628 628 76 54 
629 629 71 33 
630 630 41 40 
631 631 35 76 
632 632 4 19 
633 633 92 93 
634 634 95 16 
635 635 78 47 
636 636 76 44 
637 637 48 58 
638 638 67 88 
639 639 7 60 
640 640 23 49 
641 641 49 96 
642 642 75 92 
643 643 97 55 
644 644 14 54 
645 645 36 12 
646 646 82 67 
647 647 9 74 
648 648 5 35 
649 649 98 11 
650 650 94 95 
651 651 46 46 
652 652 23 42 
653 653 33 37 
654 654 71 86 
655 655 0 95 
656 656 43 33 
657 657 59 67 
658 658 83 38 
659 659 18 13 
660 660 96 54 
661 661 30 34 
662 662 45 83 
663 663 34 34 
664 664 66 56 
665 665 90 52 
666 666 96 36 
667 667 73 30 
668 668 62 86 
669 669 92 11 
670 670 8 41 
671 671 54 15 
672 672 97 33 
673 673 50 41 
674 674 10 14 
675 675 91 83 
676 676 70 99 
677 677 18 19 
678 678 53 13 
679 679 23 93 
680 680 78 11 
681 681 63 51 
682 682 46 95 
683 683 58 15 
684 684 70 76 
685 685 24 64 
686 686 25 32 
687 687 20 11 
688 688 73 8 
689 689 46 8 
690 690 98 81 
691 691 15 36 
692 692 2 55 
693 693 15 77 
694 694 90 86 
695 695 55 40 
696 696 65 81 
697 697 4 98 
698 698 19 78 
699 699 62 13 
700 700 49 37 
701 701 36 34 
702 702 69 30 
703 703 2 83 
704 704 85 67 
705 705 94 87 
706 706 75 22 
707 707 69 59 
708 708 1 84 
709 709 32 61 
710 710 4 84 
711 711 78 5 
712 712 14 40 
713 713 76 67 
714 714 47 10 
715 715 38 47 
716 716 45 56 
717 717 18 38 
718 718 8 77 
719 719 66 64 
720 720 72 3 
721 721 37 26 
722 722 78 35 
723 723 94 98 
724 724 80 79 
725 725 61 36 
726 726 43 68 
727 727 91 94 
728 728 85 77 
729 729 20 39 
730 730 68 62 
731 731 92 78 
732 732 68 32 
733 733 21 61 
734 734 67 51 
735 735 13 48 
736 736 91 49 
737 737 39 23 
738 738 64 12 
739 739 34 43 
740 740 38 0 
741 741 8 49 
742 742 2 93 
743 743 22 12 
744 744 59 83 
745 745 56 87 
746 746 17 0 
747 747 64 30 
748 748 3 83 
749 749 45 53 
750 750 13 50 
751 751 18 18 
752 752 30 7 
753 753 23 21 
754 754 42 60 
755 755 92 54 
756 756 18 91 
757 757 66 5 
758 758 37 64 
759 759 62 27 
760 760 76 26 
761 761 91 38 
762 762 55 89 
763 763 41 98 
764 764 86 7 
765 765 2 46 
766 766 98 91 
767 767 94 42 
768 768 55 12 
769 769 6 23 
770 770 90 67 
771 771 89 87 
772 772 50 44 
773 773 17 39 
774 774 25 57 
775 775 30 14 
776 776 74 6 
777 777 79 88 
778 778 45 95 
779 779 54 66 
780 780 94 90 
781 781 87 47 
782 782 22 92 
783 783 94 69 
784 784 37 73 
785 785 83 73 
786 786 53 79 
787 787 71 37 
788 788 57 39 
789 789 74 73 
790 790 53 91 
791 791 71 25 
792 792 71 58 
793 793 6 49 
794 794 85 38 
795 795 62 68 
796 796 24 65 
797 797 69 85 
798 798 73 73 
799 799 77 57 
#
EDGES (from-node to-node length a b):
0 683 69 0 
0 415 94 0 
0 328 18 0 
0 307 83 0 
0 87 69 0 
0 32 55 0 
0 1 46 0 
1 663 24 0 
1 661 28 0 
1 644 45 0 
1 293 46 0 
1 181 61 0 
1 124 45 0 
2 613 54 0 
2 363 38 0 
2 273 75 0 
3 459 62 0 
3 440 48 0 
3 271 27 0 
3 223 51 0 
3 181 36 0 
4 784 41 0 
4 772 14 0 
4 554 35 0 
4 434 25 0 
4 394 62 0 
4 7 41 0 
5 386 53 0 
5 230 51 0 
6 623 71 0 
6 592 44 0 
6 513 35 0 
7 761 22 0 
7 389 44 0 
7 315 35 0 
7 255 29 0 
7 141 29 0 
8 679 48 0 
8 197 30 0 
9 725 38 0 
9 490 45 0 
9 412 21 0 
9 184 32 0 
9 140 13 0 
9 13 61 0 
10 729 46 0 
10 470 30 0 
10 346 53 0 
10 227 71 0 
10 162 48 0 
10 149 55 0 
10 25 42 0 
11 739 81 0 
11 633 7 0 
11 615 29 0 
11 276 88 0 
11 109 49 0 
11 62 27 0 
12 737 8 0 
12 340 70 0 
12 203 51 0 
12 198 42 0 
13 661 18 0 
13 606 60 0 
13 582 27 0 
13 542 79 0 
13 527 61 0 
13 451 14 0 
13 448 52 0 
13 196 25 0 
14 698 18 0 
14 487 44 0 
14 427 51 0 
14 362 20 0 
14 213 15 0 
14 175 59 0 
15 695 35 0 
15 112 64 0 
15 100 43 0 
16 159 62 0 
16 85 32 0 
17 796 33 0 
17 583 29 0 
17 496 91 0 
17 253 18 0 
18 526 69 0 
18 356 33 0 
18 350 26 0 
18 218 89 0 
18 210 76 0 
18 134 96 0 
18 56 111 0 
19 701 45 0 
19 663 45 0 
19 292 23 0 
19 259 59 0 
20 715 72 0 
20 591 97 0 
20 367 45 0 
20 321 70 0 
20 204 16 0 
21 692 5 0 
21 677 35 0 
21 672 97 0 
21 583 77 0 
21 469 87 0 
21 434 36 0 
21 188 28 0 
21 134 27 0 
21 114 7 0 
22 701 64 0 
23 688 25 0 
23 559 122 0 
23 437 110 0 
23 430 50 0 
23 416 71 0 
24 565 67 0 
24 476 29 0 
24 284 48 0 
24 281 93 0 
24 219 69 0 
24 136 40 0 
24 134 17 0 
24 107 70 0 
24 87 50 0 
24 64 45 0 
25 761 11 0 
25 553 83 0 
25 437 89 0 
25 429 73 0 
25 326 81 0 
25 243 30 0 
25 220 22 0 
25 191 81 0 
25 67 6 0 
26 758 34 0 
26 184 92 0 
26 49 43 0 
27 672 58 0 
27 379 54 0 
27 340 42 0 
27 315 44 0 
27 211 46 0 
27 46 66 0 
28 727 114 0 
28 671 36 0 
28 416 69 0 
28 346 22 0 
28 241 40 0 
28 157 59 0 
28 101 43 0 
29 564 28 0 
29 496 38 0 
29 275 17 0 
29 133 41 0 
30 700 28 0 
30 621 22 0 
30 550 24 0 
30 60 46 0 
31 602 59 0 
31 324 51 0 
31 285 48 0 
31 218 32 0 
31 104 63 0 
32 650 66 0 
32 588 47 0 
32 550 38 0 
32 392 55 0 
32 369 87 0 
33 786 82 0 
33 617 68 0 
33 604 94 0 
33 353 67 0 
33 283 19 0 
33 241 32 0 
33 130 90 0 
34 589 81 0 
34 579 77 0 
34 466 52 0 
34 235 48 0 
34 114 25 0 
34 98 27 0 
35 689 17 0 
35 159 60 0 
35 93 58 0 
35 76 100 0 
36 561 66 0 
36 511 50 0 
37 687 79 0 
37 554 81 0 
37 357 78 0 
37 284 26 0 
37 238 84 0 
38 794 84 0 
38 528 97 0 
38 358 59 0 
38 351 32 0 
38 350 93 0 
38 143 72 0 
39 615 59 0 
39 593 48 0 
39 478 29 0 
39 78 11 0 
40 739 28 0 
40 715 23 0 
40 364 45 0 
41 730 47 0 
41 507 75 0 
41 458 42 0 
41 200 72 0 
41 150 21 0 
42 661 62 0 
42 597 88 0 
42 577 42 0 
42 519 89 0 
42 479 78 0 
42 456 86 0 
42 334 13 0 
42 316 8 0 
43 421 53 0 
43 385 57 0 
43 228 44 0 
44 466 11 0 
44 298 22 0 
44 174 55 0 
44 60 59 0 
45 688 66 0 
45 302 25 0 
45 168 31 0 
45 165 21 0 
46 505 87 0 
46 458 24 0 
46 161 73 0 
46 123 44 0 
46 96 94 0 
46 73 37 0 
47 484 33 0 
47 426 9 0 
48 765 25 0 
48 686 13 0 
48 546 47 0 
48 456 38 0 
48 208 60 0 
48 172 41 0 
49 430 86 0 
49 320 97 0 
49 313 78 0 
50 756 44 0 
50 122 57 0 
51 679 106 0 
51 502 3 0 
51 380 12 0 
51 73 72 0 
51 58 74 0 
52 666 54 0 
52 87 27 0 
53 706 67 0 
53 436 36 0 
54 652 9 0 
54 544 43 0 
54 425 64 0 
54 334 60 0 
55 748 71 0 
55 340 61 0 
55 317 46 0 
55 195 47 0 
56 639 40 0 
56 577 49 0 
56 204 101 0 
57 766 42 0 
57 720 70 0 
57 657 5 0 
57 157 73 0 
58 623 59 0 
58 244 58 0 
59 610 80 0 
59 349 56 0 
59 134 65 0 
60 462 57 0 
61 766 37 0 
61 724 27 0 
61 543 102 0 
62 786 28 0 
62 593 98 0 
62 506 84 0 
62 245 85 0 
62 93 50 0 
63 693 64 0 
63 691 24 0 
63 573 94 0 
63 448 72 0 
64 756 56 0 
64 746 40 0 
64 443 27 0 
64 351 61 0 
64 262 74 0 
64 157 59 0 
64 145 56 0 
65 723 41 0 
65 500 63 0 
65 416 37 0 
65 309 92 0 
65 168 46 0 
66 794 31 0 
66 752 70 0 
66 535 19 0 
66 399 51 0 
66 356 29 0 
66 326 40 0 
66 112 27 0 
67 785 46 0 
67 662 74 0 
67 378 46 0 
67 137 68 0 
68 754 42 0 
68 663 24 0 
68 511 79 0 
68 475 66 0 
68 367 49 0 
68 188 48 0 
68 153 10 0 
69 768 36 0 
69 763 65 0 
69 604 43 0 
70 518 55 0 
70 504 59 0 
70 462 77 0 
70 458 60 0 
70 315 26 0 
70 260 52 0 
70 229 70 0 
71 568 80 0 
71 530 85 0 
71 191 108 0 
71 157 97 0 
72 780 51 0 
72 674 63 0 
72 659 57 0 
72 632 65 0 
72 232 32 0 
72 122 40 0 
73 792 60 0 
73 598 61 0 
73 237 77 0 
73 187 74 0 
74 798 21 0 
74 507 33 0 
74 467 33 0 
74 179 71 0 
74 139 11 0 
74 113 76 0 
75 392 70 0 
75 186 94 0 
76 667 69 0 
76 643 48 0 
76 633 15 0 
76 567 122 0 
76 505 23 0 
76 371 98 0 
76 227 22 0 
76 98 52 0 
77 729 62 0 
77 158 61 0 
77 116 62 0 
78 777 71 0 
78 697 33 0 
78 651 40 0 
78 241 23 0 
79 558 54 0 
79 248 64 0 
79 181 63 0 
79 153 54 0 
79 86 25 0 
80 572 88 0 
80 283 70 0 
81 790 60 0 
81 639 4 0 
81 546 57 0 
81 492 36 0 
81 415 26 0 
81 185 55 0 
82 534 57 0 
82 194 50 0 
83 324 47 0 
83 185 38 0 
84 747 51 0 
84 603 39 0 
84 554 69 0 
84 375 54 0 
84 374 58 0 
84 305 31 0 
84 157 84 0 
85 677 43 0 
85 658 45 0 
85 414 84 0 
85 369 40 0 
85 259 28 0 
85 98 90 0 
85 97 95 0 
85 87 39 0 
87 487 35 0 
87 372 45 0 
87 300 67 0 
87 261 18 0 
87 91 54 0 
88 721 25 0 
88 481 8 0 
88 450 48 0 
88 410 84 0 
88 404 78 0 
88 340 49 0 
88 299 48 0 
88 211 24 0 
89 650 114 0 
89 644 37 0 
89 533 58 0 
89 418 80 0 
89 282 29 0 
89 228 76 0 
89 145 70 0 
89 131 65 0 
90 642 86 0 
90 499 76 0 
91 790 19 0 
91 549 24 0 
91 214 7 0 
92 503 40 0 
92 276 26 0 
92 263 29 0 
93 683 61 0 
93 278 3 0 
94 756 14 0 
94 690 67 0 
94 567 93 0 
94 492 40 0 
94 425 19 0 
94 279 53 0 
95 551 80 0 
95 366 59 0 
95 260 55 0 
96 797 13 0 
96 718 75 0 
96 498 69 0 
96 314 86 0 
96 300 8 0 
97 494 75 0 
97 341 80 0 
97 304 84 0 
97 140 83 0 
98 653 49 0 
98 543 107 0 
98 162 47 0 
99 758 26 0 
99 511 41 0 
99 301 6 0 
99 176 14 0 
100 742 119 0 
100 500 72 0 
100 121 98 0 
101 658 66 0 
101 416 42 0 
102 597 22 0 
102 330 13 0 
103 771 78 0 
103 510 49 0 
103 444 67 0 
103 167 16 0 
104 576 67 0 
104 476 53 0 
104 452 17 0 
104 423 68 0 
104 359 52 0 
104 127 47 0 
105 671 40 0 
105 470 39 0 
105 451 62 0 
105 347 71 0 
105 296 116 0 
105 177 75 0 
106 505 37 0 
106 198 48 0 
107 722 75 0 
107 720 65 0 
107 552 72 0 
107 236 70 0 
107 168 88 0 
108 609 98 0 
108 520 70 0 
108 458 26 0 
108 328 72 0 
108 290 65 0 
108 266 86 0 
108 150 37 0 
109 731 42 0 
109 634 82 0 
109 628 40 0 
109 501 77 0 
109 427 21 0 
109 211 51 0 
110 444 58 0 
110 162 59 0 
110 148 45 0 
111 631 38 0 
111 184 72 0 
112 774 68 0 
112 461 93 0 
112 379 49 0 
112 194 86 0 
113 423 33 0 
113 252 23 0 
114 410 88 0 
114 273 64 0 
114 173 90 0 
114 123 24 0 
115 681 60 0 
115 237 65 0 
116 774 19 0 
116 564 27 0 
116 292 17 0 
116 289 48 0 
116 277 22 0 
117 695 37 0 
117 301 86 0 
118 720 42 0 
118 688 37 0 
118 596 54 0 
118 534 56 0 
118 446 3 0 
118 192 75 0 
119 606 55 0 
119 462 25 0 
119 345 9 0 
120 402 29 0 
120 256 87 0 
120 205 11 0 
120 189 16 0 
121 469 92 0 
121 237 95 0 
121 143 72 0 
122 793 73 0 
122 536 60 0 
122 442 94 0 
123 797 54 0 
123 616 66 0 
123 453 28 0 
123 375 51 0 
123 359 49 0 
123 233 62 0 
125 718 83 0 
125 571 43 0 
125 348 23 0 
126 738 49 0 
126 486 16 0 
126 477 25 0 
127 720 26 0 
127 609 88 0 
127 539 48 0 
127 511 80 0 
127 405 29 0 
127 359 79 0 
127 355 35 0 
127 246 72 0 
127 221 50 0 
127 139 76 0 
128 462 61 0 
128 320 18 0 
129 683 80 0 
129 526 11 0 
129 327 78 0 
129 323 98 0 
129 274 87 0 
129 159 84 0 
130 502 40 0 
130 460 44 0 
130 352 86 0 
131 779 7 0 
131 693 34 0 
131 397 45 0 
131 324 26 0 
131 318 61 0 
132 679 27 0 
132 490 47 0 
132 463 44 0 
133 767 36 0 
133 653 48 0 
134 775 69 0 
134 595 111 0 
134 586 42 0 
134 310 35 0 
134 159 96 0 
134 136 52 0 
135 703 38 0 
135 383 36 0 
135 149 81 0 
136 577 31 0 
136 529 40 0 
136 445 42 0 
136 359 44 0 
136 297 59 0 
136 270 68 0 
137 796 18 0 
137 182 44 0 
138 735 50 0 
138 577 13 0 
138 523 24 0 
138 336 74 0 
138 237 51 0 
138 235 74 0 
139 466 91 0 
139 165 48 0 
140 715 60 0 
140 555 63 0 
140 437 64 0 
140 256 102 0 
140 249 43 0 
140 228 70 0 
141 788 48 0 
141 756 55 0 
141 730 23 0 
141 672 56 0 
141 601 72 0 
142 704 69 0 
142 681 42 0 
142 264 25 0 
143 784 44 0 
143 714 55 0 
143 385 34 0 
143 334 23 0 
143 326 50 0 
143 262 32 0 
144 765 31 0 
145 710 106 0 
145 355 65 0 
145 192 93 0 
145 175 21 0 
146 583 9 0 
146 534 17 0 
146 366 11 0 
146 187 13 0 
147 603 58 0 
147 590 5 0 
147 473 16 0 
147 238 81 0 
148 675 64 0 
148 543 64 0 
148 502 55 0 
148 394 55 0 
148 390 26 0 
148 340 55 0 
148 302 44 0 
148 213 28 0 
149 786 77 0 
149 666 93 0 
149 411 53 0 
149 373 60 0 
150 766 108 0 
150 277 97 0 
150 215 43 0 
150 178 32 0 
151 733 70 0 
151 727 100 0 
151 604 85 0 
151 554 23 0 
151 164 71 0 
152 704 45 0 
152 296 97 0 
153 763 90 0 
153 675 80 0 
153 499 70 0 
153 301 79 0 
154 502 30 0 
154 260 38 0 
155 658 32 0 
155 580 64 0 
155 516 31 0 
155 479 93 0 
155 417 110 0 
155 333 96 0 
155 268 68 0 
155 174 87 0 
156 475 58 0 
156 404 60 0 
156 343 49 0 
156 293 36 0 
157 741 85 0 
157 636 43 0 
158 757 94 0 
158 702 73 0 
158 558 59 0 
158 537 76 0 
158 530 57 0 
158 189 43 0 
158 177 48 0 
159 630 46 0 
159 573 56 0 
159 437 81 0 
159 418 22 0 
159 279 54 0 
160 603 35 0 
160 362 27 0 
161 693 91 0 
161 640 76 0 
161 532 66 0 
161 351 96 0 
161 301 67 0 
162 243 52 0 
163 637 54 0 
163 568 35 0 
163 468 71 0 
163 353 68 0 
163 183 23 0 
164 766 30 0 
164 405 40 0 
164 264 41 0 
165 402 14 0 
166 243 71 0 
167 540 24 0 
167 465 99 0 
167 403 41 0 
167 389 50 0 
168 781 48 0 
168 430 70 0 
169 711 45 0 
169 671 33 0 
169 622 23 0 
169 528 49 0 
169 512 36 0 
169 465 42 0 
170 769 44 0 
170 647 36 0 
170 438 21 0 
170 432 49 0 
170 349 51 0 
170 253 50 0 
170 189 53 0 
171 755 53 0 
171 493 54 0 
171 328 40 0 
171 275 11 0 
171 247 30 0 
172 531 68 0 
172 417 1 0 
172 281 97 0 
173 585 61 0 
173 489 74 0 
173 324 64 0 
174 210 55 0 
175 787 7 0 
175 741 68 0 
175 604 53 0 
175 454 61 0 
175 427 48 0 
176 285 41 0 
176 283 53 0 
178 384 69 0 
178 357 37 0 
178 225 83 0 
180 703 41 0 
180 647 30 0 
180 491 23 0 
180 471 18 0 
180 321 20 0 
180 231 10 0 
180 198 28 0 
181 628 72 0 
181 606 86 0 
181 571 62 0 
181 500 33 0 
181 429 30 0 
181 305 13 0 
182 712 56 0 
182 627 46 0 
182 591 58 0 
182 540 57 0 
182 322 31 0 
182 310 55 0 
183 760 53 0 
183 743 21 0 
183 693 45 0 
183 562 35 0 
183 485 39 0 
183 342 41 0 
183 324 22 0 
183 287 25 0 
184 639 98 0 
184 531 69 0 
184 349 16 0 
185 431 23 0 
185 344 41 0 
186 792 67 0 
186 520 99 0 
186 378 33 0 
187 744 10 0 
187 732 56 0 
187 662 24 0 
187 612 80 0 
187 491 79 0 
187 384 41 0 
187 356 50 0 
188 633 112 0 
188 564 57 0 
188 472 89 0 
188 320 28 0 
188 286 96 0 
189 770 28 0 
189 479 16 0 
189 384 49 0 
190 342 86 0 
191 710 81 0 
191 655 93 0 
191 595 69 0 
191 300 95 0 
192 795 35 0 
192 574 33 0 
192 560 17 0 
192 492 42 0 
192 426 45 0 
192 342 93 0 
192 265 36 0 
193 537 54 0 
193 225 80 0 
194 778 54 0 
194 766 97 0 
194 725 58 0 
194 474 91 0 
194 448 89 0 
194 316 88 0 
194 276 44 0 
195 745 51 0 
195 680 35 0 
195 304 7 0 
195 220 4 0 
196 723 97 0 
197 787 72 0 
197 752 57 0 
197 691 25 0 
197 212 54 0 
198 762 75 0 
198 586 37 0 
198 505 76 0 
198 316 85 0 
199 526 43 0 
199 339 25 0 
199 335 24 0 
199 334 78 0 
200 435 92 0 
200 245 60 0 
200 226 3 0 
201 743 18 0 
201 627 94 0 
201 429 41 0 
202 795 26 0 
202 375 13 0 
203 512 54 0 
203 234 39 0 
204 600 44 0 
204 490 59 0 
205 365 49 0 
205 351 62 0 
206 545 17 0 
206 494 68 0 
206 358 29 0 
206 220 51 0 
207 754 36 0 
207 703 79 0 
207 546 34 0 
207 441 55 0 
208 793 79 0 
208 717 63 0 
208 691 64 0 
208 643 59 0 
208 528 7 0 
208 498 29 0 
208 237 30 0 
209 720 22 0 
209 636 37 0 
209 523 67 0 
209 464 86 0 
209 378 50 0 
209 295 81 0 
210 476 83 0 
210 418 35 0 
210 341 75 0 
210 255 50 0 
211 791 73 0 
211 248 23 0 
211 241 16 0 
212 730 54 0 
212 661 19 0 
213 722 53 0 
213 431 35 0 
213 250 43 0 
214 671 75 0 
214 287 81 0 
215 571 35 0 
215 539 48 0 
215 410 68 0 
216 671 22 0 
216 662 51 0 
216 319 34 0 
217 647 81 0 
217 397 24 0 
217 382 46 0 
218 761 90 0 
218 691 39 0 
218 640 29 0 
218 310 30 0 
219 671 76 0 
219 429 56 0 
219 302 25 0 
220 797 43 0 
220 549 84 0 
220 493 59 0 
220 440 39 0 
220 357 52 0 
221 675 70 0 
221 665 65 0 
221 528 78 0 
221 282 16 0 
222 791 17 0 
222 420 65 0 
222 290 48 0 
223 718 67 0 
223 547 10 0 
224 619 58 0 
224 593 63 0 
224 307 34 0 
225 749 56 0 
226 787 75 0 
226 554 91 0 
226 461 32 0 
226 320 30 0 
226 313 97 0 
227 257 56 0 
228 766 68 0 
228 723 64 0 
228 712 53 0 
228 680 93 0 
229 793 38 0 
229 684 31 0 
229 458 69 0 
229 370 39 0 
229 281 67 0 
230 673 62 0 
230 506 67 0 
230 297 16 0 
231 757 69 0 
231 622 56 0 
231 548 39 0 
231 376 85 0 
231 347 22 0 
231 346 34 0 
231 282 13 0 
231 273 48 0 
232 778 19 0 
232 754 29 0 
232 659 82 0 
232 609 24 0 
233 603 25 0 
233 466 91 0 
233 374 52 0 
234 587 62 0 
234 537 62 0 
234 536 73 0 
234 519 52 0 
234 378 49 0 
234 304 36 0 
235 678 66 0 
236 645 42 0 
236 551 41 0 
236 371 47 0 
236 356 23 0 
236 345 74 0 
236 278 65 0 
237 782 98 0 
237 666 14 0 
237 546 72 0 
237 396 89 0 
237 391 28 0 
237 320 96 0 
238 710 104 0 
238 609 80 0 
238 585 21 0 
238 545 60 0 
238 346 78 0 
238 323 5 0 
239 762 37 0 
239 507 4 0 
239 323 102 0 
240 723 39 0 
240 713 12 0 
240 706 40 0 
240 475 85 0 
240 412 11 0 
240 323 44 0 
240 290 17 0 
241 700 42 0 
241 395 82 0 
241 260 27 0 
242 775 41 0 
242 762 61 0 
243 750 61 0 
243 737 30 0 
243 434 42 0 
243 400 60 0 
244 683 68 0 
244 628 52 0 
244 597 45 0 
244 385 70 0 
245 724 74 0 
245 296 69 0 
245 274 28 0 
246 731 38 0 
246 492 39 0 
247 579 36 0 
247 557 67 0 
247 523 48 0 
248 436 62 0 
248 407 26 0 
248 267 28 0 
249 682 65 0 
249 646 37 0 
249 561 22 0 
249 547 63 0 
249 493 64 0 
249 323 29 0 
249 253 65 0 
250 698 56 0 
250 621 49 0 
250 600 42 0 
250 510 72 0 
250 471 72 0 
250 280 71 0 
250 270 84 0 
251 795 32 0 
251 692 87 0 
251 588 28 0 
251 442 90 0 
251 378 45 0 
252 718 89 0 
252 574 67 0 
252 495 37 0 
252 473 75 0 
252 333 76 0 
253 688 91 0 
253 425 10 0 
254 795 46 0 
254 668 56 0 
254 486 23 0 
255 478 37 0 
255 429 15 0 
255 351 46 0 
255 258 33 0 
256 291 48 0 
256 261 46 0 
257 713 34 0 
257 618 26 0 
257 597 68 0 
257 438 49 0 
257 423 51 0 
257 378 24 0 
257 273 53 0 
258 613 29 0 
259 479 66 0 
259 403 35 0 
260 272 40 0 
261 781 47 0 
261 562 59 0 
261 426 31 0 
261 414 36 0 
261 381 41 0 
261 289 50 0 
262 599 43 0 
262 578 58 0 
262 536 90 0 
262 402 31 0 
262 383 80 0 
262 361 51 0 
262 336 28 0 
263 694 46 0 
263 613 70 0 
263 590 25 0 
263 458 84 0 
263 455 9 0 
263 440 29 0 
264 402 48 0 
265 658 55 0 
265 487 35 0 
265 322 74 0 
265 280 20 0 
266 603 53 0 
266 559 113 0 
266 475 104 0 
266 467 48 0 
266 408 97 0 
266 281 22 0 
267 706 80 0 
267 418 100 0 
268 624 58 0 
268 615 73 0 
268 551 11 0 
268 501 49 0 
268 413 66 0 
269 674 55 0 
269 534 39 0 
270 618 33 0 
270 591 92 0 
270 433 83 0 
271 728 54 0 
271 497 11 0 
271 313 35 0 
272 755 87 0 
273 684 16 0 
273 663 55 0 
274 760 30 0 
274 307 69 0 
276 691 26 0 
276 562 44 0 
276 532 19 0 
276 375 43 0 
277 278 30 0 
278 684 42 0 
279 742 64 0 
279 324 13 0 
279 313 54 0 
280 637 36 0 
280 592 36 0 
281 637 57 0 
281 406 65 0 
281 289 83 0 
282 584 71 0 
282 423 42 0 
282 391 59 0 
283 799 68 0 
283 632 15 0 
283 491 7 0 
284 657 24 0 
284 412 28 0 
285 669 74 0 
285 653 66 0 
285 596 46 0 
285 350 40 0 
285 307 79 0 
286 664 61 0 
286 569 33 0 
287 387 72 0 
288 624 37 0 
288 563 17 0 
288 543 70 0 
288 456 38 0 
288 404 57 0 
288 320 42 0 
289 779 28 0 
289 291 75 0 
290 691 58 0 
290 619 38 0 
290 316 35 0 
291 447 86 0 
292 784 21 0 
292 656 33 0 
292 413 89 0 
292 368 8 0 
292 341 74 0 
293 745 64 0 
293 715 28 0 
293 601 62 0 
293 436 59 0 
293 410 85 0 
294 798 63 0 
295 767 83 0 
295 678 41 0 
295 520 75 0 
295 455 62 0 
296 635 79 0 
296 591 51 0 
296 395 105 0 
297 625 45 0 
297 459 108 0 
297 443 35 0 
297 372 31 0 
297 341 90 0 
298 683 39 0 
298 637 51 0 
298 592 15 0 
298 575 31 0 
299 530 47 0 
299 404 40 0 
299 368 53 0 
299 314 40 0 
300 782 52 0 
300 544 59 0 
301 761 64 0 
301 499 34 0 
302 651 38 0 
302 601 68 0 
302 585 45 0 
302 584 69 0 
302 437 28 0 
302 344 36 0 
303 378 52 0 
304 728 39 0 
304 678 40 0 
305 436 45 0 
305 381 13 0 
306 504 49 0 
306 453 26 0 
306 446 45 0 
306 429 28 0 
306 347 16 0 
307 433 43 0 
307 424 27 0 
308 726 15 0 
308 694 46 0 
308 473 33 0 
309 463 4 0 
310 534 64 0 
310 408 40 0 
311 535 70 0 
312 695 42 0 
312 672 15 0 
313 748 104 0 
314 640 84 0 
314 560 102 0 
314 466 82 0 
315 650 78 0 
315 402 47 0 
315 324 26 0 
316 387 82 0 
317 584 70 0 
317 436 26 0 
318 793 41 0 
318 743 3 0 
318 500 42 0 
319 548 51 0 
319 361 45 0 
320 788 58 0 
320 737 47 0 
320 513 64 0 
321 671 63 0 
321 647 16 0 
321 443 11 0 
321 351 27 0 
322 739 67 0 
322 490 44 0 
322 378 51 0 
323 729 74 0 
323 642 77 0 
323 616 50 0 
323 387 92 0 
324 520 62 0 
324 426 31 0 
325 701 28 0 
325 372 22 0 
326 793 37 0 
326 676 44 0 
326 631 3 0 
326 482 50 0 
327 590 69 0 
327 527 38 0 
327 510 41 0 
328 615 9 0 
328 448 39 0 
328 401 62 0 
329 738 80 0 
329 576 103 0 
329 451 97 0 
329 417 77 0 
329 332 91 0 
330 709 23 0 
330 657 40 0 
330 461 33 0 
330 428 34 0 
330 376 85 0 
330 356 58 0 
331 686 14 0 
331 546 69 0 
331 343 47 0 
332 789 68 0 
332 707 62 0 
332 683 69 0 
332 653 35 0 
332 603 71 0 
332 424 24 0 
332 354 88 0 
333 634 88 0 
333 610 97 0 
333 569 68 0 
333 482 76 0 
333 479 8 0 
333 357 92 0 
334 738 33 0 
334 700 38 0 
334 684 44 0 
334 567 87 0 
335 775 29 0 
335 684 50 0 
335 611 38 0 
335 573 67 0 
335 433 34 0 
336 708 97 0 
336 673 49 0 
337 763 85 0 
337 534 67 0 
337 359 78 0 
337 356 18 0 
338 786 59 0 
338 360 35 0 
339 495 44 0 
339 417 41 0 
339 361 24 0 
340 764 108 0 
340 732 77 0 
340 673 58 0 
340 669 109 0 
340 579 100 0 
340 508 73 0 
341 766 16 0 
341 650 19 0 
341 627 1 0 
341 609 27 0 
341 599 33 0 
341 598 72 0 
341 385 58 0 
341 361 57 0 
342 722 45 0 
342 402 71 0 
343 697 64 0 
343 676 49 0 
343 559 56 0 
343 463 47 0 
344 683 39 0 
344 633 47 0 
344 620 72 0 
344 451 59 0 
344 373 20 0 
344 354 15 0 
345 792 41 0 
345 758 31 0 
345 489 56 0 
347 465 64 0 
348 758 68 0 
348 479 78 0 
349 479 72 0 
349 466 73 0 
349 455 58 0 
349 400 57 0 
350 746 95 0 
350 675 35 0 
350 534 53 0 
351 765 54 0 
351 690 79 0 
351 560 18 0 
351 353 20 0 
352 751 26 0 
352 708 43 0 
352 664 60 0 
352 396 46 0 
353 626 40 0 
353 542 44 0 
354 757 51 0 
354 507 83 0 
354 506 72 0 
355 461 47 0 
356 677 75 0 
356 554 32 0 
356 383 88 0 
357 727 97 0 
357 670 46 0 
357 603 69 0 
358 615 45 0 
359 539 33 0 
360 707 62 0 
360 693 28 0 
360 550 37 0 
360 377 66 0 
361 785 46 0 
361 616 57 0 
361 545 43 0 
362 711 62 0 
362 611 37 0 
362 462 59 0 
362 431 32 0 
363 378 14 0 
363 366 46 0 
364 579 24 0 
364 519 90 0 
364 476 88 0 
365 775 40 0 
365 545 22 0 
365 439 44 0 
366 759 47 0 
366 476 45 0 
366 459 47 0 
367 463 51 0 
368 596 17 0 
368 587 9 0 
368 466 46 0 
370 615 64 0 
370 432 26 0 
371 420 13 0 
372 577 65 0 
372 458 62 0 
372 414 51 0 
372 385 83 0 
373 777 54 0 
373 609 63 0 
374 702 22 0 
374 463 62 0 
375 457 50 0 
375 404 25 0 
376 710 90 0 
376 615 30 0 
376 554 83 0 
376 546 41 0 
376 439 84 0 
377 722 61 0 
377 417 41 0 
378 593 32 0 
378 381 54 0 
379 784 62 0 
379 388 59 0 
380 792 49 0 
380 506 49 0 
380 478 93 0 
380 459 21 0 
380 447 89 0 
381 734 67 0 
381 625 64 0 
382 615 64 0 
383 738 86 0 
383 510 49 0 
384 789 43 0 
384 769 53 0 
384 581 34 0 
385 727 74 0 
385 602 25 0 
386 753 77 0 
386 717 60 0 
386 521 98 0 
386 460 73 0 
386 389 28 0 
388 646 68 0 
388 400 88 0 
390 712 47 0 
390 674 67 0 
390 526 39 0 
390 511 53 0 
391 649 41 0 
391 476 58 0 
391 452 21 0 
391 397 33 0 
392 723 75 0 
392 609 69 0 
393 753 82 0 
393 647 88 0 
393 550 52 0 
394 720 102 0 
394 679 18 0 
394 629 80 0 
394 487 68 0 
395 697 116 0 
395 612 82 0 
395 578 71 0 
396 764 97 0 
396 626 32 0 
396 444 76 0 
398 705 36 0 
399 657 41 0 
399 644 7 0 
399 627 77 0 
400 736 31 0 
400 649 68 0 
400 608 91 0 
400 587 86 0 
400 542 48 0 
401 566 21 0 
401 553 76 0 
402 504 5 0 
403 452 41 0 
404 708 111 0 
404 637 59 0 
404 627 60 0 
405 706 5 0 
405 642 65 0 
405 615 41 0 
405 610 56 0 
407 791 58 0 
407 519 22 0 
408 738 82 0 
408 733 23 0 
408 676 48 0 
408 664 50 0 
408 485 70 0 
409 545 13 0 
409 467 54 0 
410 767 45 0 
410 512 19 0 
411 738 62 0 
412 528 72 0 
413 679 113 0 
413 605 47 0 
414 690 51 0 
415 752 36 0 
416 666 47 0 
416 577 45 0 
417 638 49 0 
417 546 36 0 
418 669 1 0 
419 563 44 0 
419 452 27 0 
420 764 69 0 
420 594 112 0 
421 721 55 0 
421 610 75 0 
422 734 29 0 
422 632 100 0 
422 578 59 0 
422 524 77 0 
423 700 39 0 
424 654 46 0 
425 438 62 0 
426 693 56 0 
426 628 10 0 
426 602 21 0 
426 443 51 0 
426 440 21 0 
427 632 89 0 
427 609 21 0 
428 525 31 0 
428 436 75 0 
429 541 31 0 
429 515 34 0 
430 664 45 0 
431 743 48 0 
431 569 32 0 
432 758 57 0 
433 703 71 0 
433 651 45 0 
433 580 60 0 
433 539 64 0 
435 721 63 0 
435 689 65 0 
435 617 98 0 
435 563 56 0 
435 452 34 0 
436 763 14 0 
436 673 45 0 
436 668 13 0 
437 785 49 0 
438 716 28 0 
439 512 85 0 
440 681 33 0 
440 627 22 0 
440 551 79 0 
440 535 21 0 
441 539 34 0 
442 560 22 0 
442 535 85 0 
443 636 60 0 
443 620 15 0 
444 754 61 0 
445 491 21 0 
446 790 64 0 
446 644 77 0 
446 527 16 0 
447 693 72 0 
447 585 61 0 
447 533 56 0 
447 478 55 0 
448 627 44 0 
448 591 81 0 
448 471 86 0 
449 621 42 0 
449 599 6 0 
449 555 56 0 
450 781 25 0 
450 503 32 0 
451 473 67 0 
452 595 50 0 
453 621 35 0 
454 782 22 0 
454 536 40 0 
454 529 20 0 
455 675 43 0 
455 486 45 0 
455 457 17 0 
456 587 39 0 
457 604 7 0 
457 557 67 0 
457 536 70 0 
458 596 64 0 
459 589 10 0 
460 794 35 0 
460 745 56 0 
460 468 43 0 
461 741 8 0 
461 691 19 0 
461 595 98 0 
462 589 63 0 
462 531 76 0 
463 574 20 0 
464 751 104 0 
464 533 56 0 
465 542 84 0 
466 472 98 0 
467 761 29 0 
467 745 34 0 
467 688 59 0 
468 607 30 0 
468 597 61 0 
469 598 103 0 
471 793 7 0 
471 730 58 0 
471 559 27 0 
472 527 57 0 
473 746 81 0 
473 609 53 0 
473 511 24 0 
473 476 20 0 
474 513 68 0 
475 625 62 0 
475 587 24 0 
475 508 73 0 
475 485 70 0 
477 553 45 0 
478 768 84 0 
478 707 52 0 
478 680 95 0 
479 678 81 0 
480 616 65 0 
480 486 17 0 
481 773 7 0 
482 773 27 0 
482 699 25 0 
483 556 74 0 
484 701 52 0 
484 578 24 0 
484 531 69 0 
485 698 68 0 
485 501 20 0 
486 655 74 0 
486 610 23 0 
486 569 56 0 
486 517 61 0 
487 709 36 0 
487 598 63 0 
487 521 63 0 
487 496 45 0 
488 678 85 0 
488 643 65 0 
489 735 21 0 
490 589 43 0 
491 737 31 0 
491 705 99 0 
492 657 25 0 
493 549 40 0 
494 617 89 0 
496 598 99 0 
497 754 38 0 
497 607 57 0 
498 532 68 0 
499 530 76 0 
500 789 47 0 
501 747 22 0 
501 669 15 0 
501 543 21 0 
502 766 91 0 
502 752 52 0 
502 658 37 0 
502 651 58 0 
502 641 101 0 
502 592 53 0 
504 735 76 0 
504 566 75 0 
504 560 65 0 
505 785 29 0 
505 585 54 0 
507 640 40 0 
508 727 54 0 
508 699 32 0 
508 681 12 0 
509 781 53 0 
509 741 60 0 
509 696 14 0 
509 667 61 0 
510 758 33 0 
510 749 26 0 
510 630 14 0 
512 732 42 0 
513 728 34 0 
513 714 77 0 
513 634 83 0 
513 537 69 0 
514 726 69 0 
514 654 84 0 
514 594 95 0 
515 655 16 0 
515 572 119 0 
516 784 75 0 
516 618 50 0 
516 582 54 0 
517 723 77 0 
518 740 21 0 
518 697 97 0 
519 787 64 0 
519 674 68 0 
520 770 86 0 
520 627 87 0 
520 559 19 0 
521 616 97 0 
522 768 57 0 
522 685 4 0 
523 781 62 0 
523 780 91 0 
523 643 74 0 
524 704 72 0 
524 589 63 0 
526 682 15 0 
526 664 52 0 
528 659 59 0 
529 711 94 0 
530 743 26 0 
530 612 11 0 
531 719 60 0 
531 686 14 0 
532 740 45 0 
533 580 13 0 
533 565 41 0 
535 783 5 0 
536 617 47 0 
536 554 64 0 
537 760 31 0 
537 747 22 0 
537 661 23 0 
538 571 25 0 
539 717 46 0 
540 797 72 0 
540 706 65 0 
541 626 15 0 
541 558 46 0 
542 685 47 0 
542 669 95 0 
543 785 72 0 
543 585 40 0 
544 634 99 0 
547 704 30 0 
547 612 89 0 
548 704 85 0 
548 609 76 0 
549 644 36 0 
549 558 56 0 
550 678 35 0 
550 641 49 0 
551 646 71 0 
552 649 57 0 
553 622 75 0 
554 612 72 0 
554 591 66 0 
555 708 49 0 
555 658 50 0 
556 770 38 0 
556 561 69 0 
557 715 38 0 
557 669 101 0 
558 615 67 0 
558 566 11 0 
559 566 41 0 
560 772 43 0 
560 700 48 0 
560 562 79 0 
561 718 93 0 
562 720 72 0 
562 719 88 0 
563 651 19 0 
564 729 35 0 
565 674 99 0 
566 790 62 0 
566 652 8 0 
566 580 43 0 
568 707 40 0 
569 688 35 0 
569 653 59 0 
569 572 37 0 
570 656 59 0 
570 643 99 0 
571 709 34 0 
571 696 56 0 
573 709 57 0 
575 649 101 0 
576 708 77 0 
576 670 34 0 
577 641 77 0 
577 605 5 0 
578 724 49 0 
578 660 64 0 
579 763 86 0 
579 581 50 0 
580 791 37 0 
580 651 15 0 
581 693 49 0 
581 686 27 0 
582 698 35 0 
582 647 36 0 
584 734 41 0 
584 688 18 0 
585 766 58 0 
585 755 23 0 
585 742 93 0 
586 605 32 0 
587 763 57 0 
587 703 42 0 
587 682 56 0 
587 625 60 0 
588 655 79 0 
589 735 88 0 
592 665 65 0 
592 623 48 0 
595 742 120 0 
597 687 32 0 
598 759 77 0 
598 644 42 0 
600 729 35 0 
600 700 35 0 
601 618 42 0 
602 629 16 0 
602 625 54 0 
603 765 79 0 
603 626 23 0 
604 692 71 0 
605 640 36 0 
607 780 15 0 
607 656 62 0 
608 679 60 0 
609 696 22 0 
612 779 56 0 
613 745 83 0 
614 723 106 0 
615 749 39 0 
615 747 42 0 
615 635 21 0 
616 789 20 0 
616 658 30 0 
617 779 55 0 
617 767 100 0 
617 689 84 0 
617 647 9 0 
618 744 57 0 
618 674 91 0 
619 790 33 0 
619 676 17 0 
619 675 10 0 
619 659 104 0 
620 663 47 0 
621 790 45 0 
621 777 52 0 
621 685 30 0 
622 659 48 0 
623 781 29 0 
623 664 40 0 
623 650 77 0 
625 714 86 0 
626 750 46 0 
629 690 55 0 
630 776 47 0 
631 773 41 0 
633 710 88 0 
634 776 23 0 
634 746 80 0 
634 732 31 0 
637 663 28 0 
638 791 63 0 
638 650 28 0 
638 649 83 0 
639 687 51 0 
640 647 29 0 
642 691 82 0 
643 799 20 0 
644 720 77 0 
644 669 89 0 
646 734 22 0 
648 794 80 0 
648 778 72 0 
648 773 13 0 
648 735 15 0 
649 775 68 0 
650 749 65 0 
652 723 90 0 
652 701 15 0 
653 765 32 0 
654 773 72 0 
657 795 3 0 
657 772 25 0 
657 720 65 0 
665 667 28 0 
666 747 33 0 
666 707 35 0 
667 725 13 0 
669 793 94 0 
669 792 51 0 
672 680 29 0 
673 697 73 0 
673 685 35 0 
674 788 53 0 
674 729 27 0 
675 746 111 0 
675 679 69 0 
679 686 61 0 
680 726 67 0 
681 794 26 0 
681 789 25 0 
682 775 83 0 
682 692 59 0 
683 735 56 0 
684 745 18 0 
686 764 66 0 
686 737 17 0 
691 798 69 0 
696 701 55 0 
699 733 63 0 
700 729 29 0 
706 712 64 0 
709 791 53 0 
709 765 34 0 
711 712 73 0 
712 782 53 0 
713 756 63 0 
713 744 23 0 
715 733 22 0 
716 767 51 0 
716 763 42 0 
720 771 86 0 
721 729 21 0 
723 782 72 0 
723 744 38 0 
723 728 23 0 
724 752 88 0 
726 787 42 0 
732 776 27 0 
733 754 21 0 
736 782 81 0 
745 783 42 0 
745 777 23 0 
746 795 82 0 
746 778 99 0 
747 789 44 0 
765 768 63 0 
772 783 51 0 
774 790 44 0 
774 782 35 0 
785 787 38 0 
787 791 12 0 
789 796 51 0 
792 796 48 0 
