#GRAPH (#nodes #edges id uu vv ww xx yy zz):
#800 4012 geo(0,{800,100,3,0.006,0.000,0.000}) 100 
#
VERTICES (index name u v w x y z):
0 0 71 63 
1 1 52 5 
2 2 34 37 
3 3 0 76 
4 4 49 74 
5 5 37 77 
6 6 16 34 
7 7 69 97 
8 8 15 46 
9 9 38 9 
10 10 9 35 
11 11 87 37 
12 12 38 67 
13 13 55 36 
14 14 9 86 
15 15 5 18 
16 16 26 71 
17 17 42 19 
18 18 22 12 
19 19 98 67 
20 20 75 90 
21 21 13 2 
22 22 10 92 
23 23 60 12 
24 24 76 58 
25 25 52 71 
26 26 76 26 
27 27 99 5 
28 28 12 40 
29 29 31 66 
30 30 90 5 
31 31 25 86 
32 32 7 48 
33 33 92 83 
34 34 70 95 
35 35 79 14 
36 36 93 54 
37 37 23 81 
38 38 12 24 
39 39 88 8 
40 40 99 12 
41 41 74 16 
42 42 95 43 
43 43 51 63 
44 44 67 37 
45 45 85 33 
46 46 12 22 
47 47 18 49 
48 48 53 84 
49 49 34 76 
50 50 71 11 
51 51 97 78 
52 52 68 91 
53 53 10 41 
54 54 39 10 
55 55 67 27 
56 56 44 34 
57 57 79 62 
58 58 32 81 
59 59 87 28 
60 60 42 25 
61 61 40 15 
62 62 98 95 
63 63 72 40 
64 64 62 72 
65 65 75 36 
66 66 40 5 
67 67 23 85 
68 68 96 45 
69 69 21 92 
70 70 99 27 
71 71 6 67 
72 72 91 55 
73 73 97 32 
74 74 42 53 
75 75 92 51 
76 76 54 76 
77 77 32 83 
78 78 33 14 
79 79 16 29 
80 80 77 15 
81 81 22 7 
82 82 42 40 
83 83 43 33 
84 84 57 76 
85 85 73 15 
86 86 45 22 
87 87 85 59 
88 88 92 82 
89 89 50 58 
90 90 29 43 
91 91 61 36 
92 92 58 3 
93 93 46 30 
94 94 33 52 
95 95 91 46 
96 96 53 56 
97 97 8 20 
98 98 83 20 
99 99 88 29 
100 100 71 64 
101 101 45 62 
102 102 59 67 
103 103 11 39 
104 104 26 85 
105 105 59 93 
106 106 0 92 
107 107 2 41 
108 108 75 65 
109 109 84 66 
110 110 71 66 
111 111 18 76 
112 112 39 19 
113 113 85 54 
114 114 45 30 
115 115 39 97 
116 116 91 20 
117 117 93 44 
118 118 13 61 
119 119 37 14 
120 120 68 45 
121 121 66 76 
122 122 69 25 
123 123 63 81 
124 124 37 54 
125 125 78 91 
126 126 77 3 
127 127 20 95 
128 128 91 30 
129 129 65 85 
130 130 30 0 
131 131 47 44 
132 132 83 1 
133 133 12 57 
134 134 31 20 
135 135 19 54 
136 136 82 20 
137 137 18 72 
138 138 95 76 
139 139 53 25 
140 140 34 34 
141 141 45 43 
142 142 41 19 
143 143 27 82 
144 144 4 65 
145 145 0 87 
146 146 61 5 
147 147 37 98 
148 148 84 99 
149 149 48 46 
150 150 29 63 
151 151 66 60 
152 152 20 59 
153 153 85 44 
154 154 56 20 
155 155 93 11 
156 156 40 48 
157 157 9 50 
158 158 53 63 
159 159 56 68 
160 160 92 70 
161 161 77 17 
162 162 0 74 
163 163 36 25 
164 164 39 8 
165 165 82 61 
166 166 98 25 
167 167 95 86 
168 168 93 84 
169 169 94 61 
170 170 52 59 
171 171 5 98 
172 172 62 82 
173 173 78 79 
174 174 69 11 
175 175 82 57 
176 176 29 58 
177 177 38 34 
178 178 26 76 
179 179 78 48 
180 180 41 61 
181 181 49 80 
182 182 67 68 
183 183 25 54 
184 184 51 66 
185 185 57 82 
186 186 36 74 
187 187 64 27 
188 188 18 38 
189 189 56 95 
190 190 85 38 
191 191 81 46 
192 192 10 69 
193 193 53 98 
194 194 1 42 
195 195 77 60 
196 196 5 54 
197 197 79 58 
198 198 38 66 
199 199 89 95 
200 200 10 82 
201 201 49 92 
202 202 42 68 
203 203 92 93 
204 204 98 13 
205 205 56 0 
206 206 72 53 
207 207 57 81 
208 208 27 88 
209 209 30 42 
210 210 21 39 
211 211 9 67 
212 212 72 96 
213 213 30 25 
214 214 69 14 
215 215 13 84 
216 216 8 25 
217 217 26 74 
218 218 4 55 
219 219 75 38 
220 220 84 79 
221 221 30 65 
222 222 70 14 
223 223 89 47 
224 224 19 47 
225 225 69 59 
226 226 4 40 
227 227 33 44 
228 228 65 77 
229 229 53 39 
230 230 43 26 
231 231 19 20 
232 232 85 22 
233 233 68 36 
234 234 20 11 
235 235 71 58 
236 236 35 32 
237 237 89 27 
238 238 10 97 
239 239 10 66 
240 240 65 20 
241 241 87 3 
242 242 25 66 
243 243 22 26 
244 244 76 82 
245 245 32 36 
246 246 27 98 
247 247 34 55 
248 248 70 5 
249 249 78 4 
250 250 73 63 
251 251 45 45 
252 252 2 8 
253 253 80 70 
254 254 49 47 
255 255 78 25 
256 256 40 58 
257 257 93 41 
258 258 59 86 
259 259 93 23 
260 260 43 65 
261 261 36 33 
262 262 22 56 
263 263 50 24 
264 264 5 96 
265 265 8 63 
266 266 95 18 
267 267 99 28 
268 268 47 85 
269 269 33 78 
270 270 61 99 
271 271 29 93 
272 272 41 32 
273 273 18 82 
274 274 33 45 
275 275 85 62 
276 276 2 24 
277 277 50 49 
278 278 93 50 
279 279 91 50 
280 280 90 76 
281 281 80 17 
282 282 74 72 
283 283 47 49 
284 284 53 78 
285 285 12 93 
286 286 65 89 
287 287 70 8 
288 288 3 54 
289 289 54 24 
290 290 2 0 
291 291 66 52 
292 292 38 80 
293 293 21 54 
294 294 26 39 
295 295 77 14 
296 296 21 4 
297 297 53 83 
298 298 85 66 
299 299 77 65 
300 300 61 67 
301 301 32 31 
302 302 40 78 
303 303 10 68 
304 304 40 51 
305 305 52 48 
306 306 74 91 
307 307 30 3 
308 308 9 23 
309 309 47 52 
310 310 5 16 
311 311 32 66 
312 312 78 19 
313 313 84 20 
314 314 39 73 
315 315 10 40 
316 316 98 42 
317 317 2 37 
318 318 87 19 
319 319 11 24 
320 320 49 25 
321 321 31 60 
322 322 88 97 
323 323 5 4 
324 324 30 78 
325 325 92 57 
326 326 37 59 
327 327 5 56 
328 328 97 70 
329 329 35 36 
330 330 56 97 
331 331 95 85 
332 332 46 50 
333 333 12 11 
334 334 24 49 
335 335 3 99 
336 336 25 55 
337 337 74 20 
338 338 28 50 
339 339 62 76 
340 340 34 18 
341 341 43 22 
342 342 12 91 
343 343 56 15 
344 344 27 67 
345 345 79 8 
346 346 20 49 
347 347 51 40 
348 348 78 33 
349 349 36 30 
350 350 52 2 
351 351 51 33 
352 352 46 44 
353 353 36 96 
354 354 5 41 
355 355 44 49 
356 356 99 55 
357 357 11 43 
358 358 15 66 
359 359 61 69 
360 360 0 90 
361 361 36 68 
362 362 96 72 
363 363 27 7 
364 364 59 41 
365 365 23 57 
366 366 99 4 
367 367 26 34 
368 368 85 1 
369 369 34 0 
370 370 18 28 
371 371 37 91 
372 372 11 82 
373 373 13 83 
374 374 51 1 
375 375 28 15 
376 376 9 87 
377 377 27 53 
378 378 77 31 
379 379 2 72 
380 380 44 59 
381 381 88 3 
382 382 61 10 
383 383 90 73 
384 384 0 38 
385 385 82 73 
386 386 77 92 
387 387 71 18 
388 388 0 63 
389 389 32 20 
390 390 40 92 
391 391 42 64 
392 392 52 46 
393 393 53 41 
394 394 36 89 
395 395 13 38 
396 396 43 77 
397 397 84 36 
398 398 40 56 
399 399 19 18 
400 400 16 33 
401 401 40 7 
402 402 15 67 
403 403 99 59 
404 404 5 53 
405 405 89 76 
406 406 58 93 
407 407 15 34 
408 408 34 66 
409 409 55 79 
410 410 23 49 
411 411 31 64 
412 412 49 1 
413 413 98 47 
414 414 48 22 
415 415 60 65 
416 416 90 17 
417 417 44 9 
418 418 57 10 
419 419 25 70 
420 420 96 82 
421 421 35 41 
422 422 42 84 
423 423 37 29 
424 424 23 30 
425 425 14 94 
426 426 18 78 
427 427 51 15 
428 428 78 71 
429 429 96 81 
430 430 7 42 
431 431 69 30 
432 432 52 85 
433 433 13 91 
434 434 54 13 
435 435 37 35 
436 436 7 29 
437 437 23 71 
438 438 14 30 
439 439 27 54 
440 440 88 61 
441 441 10 94 
442 442 45 10 
443 443 48 59 
444 444 72 73 
445 445 28 72 
446 446 28 69 
447 447 29 20 
448 448 72 42 
449 449 26 8 
450 450 50 19 
451 451 74 44 
452 452 7 65 
453 453 63 2 
454 454 77 98 
455 455 17 31 
456 456 93 71 
457 457 81 33 
458 458 30 4 
459 459 62 12 
460 460 21 72 
461 461 59 46 
462 462 96 38 
463 463 67 20 
464 464 0 40 
465 465 17 77 
466 466 96 88 
467 467 17 62 
468 468 6 98 
469 469 39 37 
470 470 68 40 
471 471 64 41 
472 472 32 8 
473 473 65 99 
474 474 16 35 
475 475 77 83 
476 476 2 85 
477 477 82 87 
478 478 85 26 
479 479 90 92 
480 480 88 95 
481 481 91 32 
482 482 88 20 
483 483 4 23 
484 484 33 48 
485 485 8 65 
486 486 67 98 
487 487 1 63 
488 488 54 43 
489 489 16 61 
490 490 40 52 
491 491 68 52 
492 492 84 17 
493 493 43 47 
494 494 99 56 
495 495 43 87 
496 496 27 21 
497 497 12 42 
498 498 85 4 
499 499 14 5 
500 500 72 56 
501 501 37 44 
502 502 20 65 
503 503 26 50 
504 504 23 59 
505 505 99 31 
506 506 94 29 
507 507 61 91 
508 508 29 90 
509 509 29 67 
510 510 23 78 
511 511 62 13 
512 512 76 39 
513 513 92 40 
514 514 98 57 
515 515 24 1 
516 516 61 11 
517 517 93 53 
518 518 83 33 
519 519 28 52 
520 520 41 1 
521 521 94 35 
522 522 73 30 
523 523 51 54 
524 524 22 10 
525 525 19 14 
526 526 45 7 
527 527 37 87 
528 528 91 57 
529 529 59 31 
530 530 34 10 
531 531 19 95 
532 532 63 90 
533 533 93 92 
534 534 96 30 
535 535 39 21 
536 536 24 71 
537 537 72 13 
538 538 98 46 
539 539 87 25 
540 540 58 23 
541 541 49 79 
542 542 12 0 
543 543 46 22 
544 544 20 6 
545 545 47 10 
546 546 18 89 
547 547 4 6 
548 548 74 10 
549 549 28 16 
550 550 74 99 
551 551 81 69 
552 552 39 67 
553 553 93 24 
554 554 11 0 
555 555 13 19 
556 556 33 25 
557 557 34 52 
558 558 97 88 
559 559 9 63 
560 560 2 35 
561 561 28 71 
562 562 33 49 
563 563 67 14 
564 564 95 0 
565 565 93 48 
566 566 10 65 
567 567 63 0 
568 568 67 8 
569 569 52 66 
570 570 93 13 
571 571 30 45 
572 572 83 29 
573 573 38 23 
574 574 94 84 
575 575 99 35 
576 576 32 10 
577 577 45 26 
578 578 17 47 
579 579 37 86 
580 580 42 38 
581 581 70 2 
582 582 61 82 
583 583 28 73 
584 584 54 23 
585 585 68 51 
586 586 64 92 
587 587 65 39 
588 588 67 97 
589 589 32 72 
590 590 40 16 
591 591 21 47 
592 592 71 30 
593 593 12 55 
594 594 13 78 
595 595 55 73 
596 596 44 5 
597 597 74 97 
598 598 94 2 
599 599 91 85 
600 600 10 36 
601 601 65 95 
602 602 22 79 
603 603 79 94 
604 604 25 96 
605 605 7 3 
606 606 0 85 
607 607 93 94 
608 608 12 47 
609 609 92 96 
610 610 19 28 
611 611 54 46 
612 612 19 50 
613 613 6 99 
614 614 62 20 
615 615 4 86 
616 616 85 76 
617 617 82 78 
618 618 66 61 
619 619 66 77 
620 620 92 29 
621 621 66 9 
622 622 2 62 
623 623 70 37 
624 624 62 53 
625 625 29 10 
626 626 35 96 
627 627 60 4 
628 628 38 62 
629 629 50 60 
630 630 12 35 
631 631 63 84 
632 632 12 46 
633 633 71 82 
634 634 83 85 
635 635 83 89 
636 636 21 29 
637 637 50 14 
638 638 76 9 
639 639 5 60 
640 640 77 19 
641 641 76 64 
642 642 67 44 
643 643 95 83 
644 644 85 91 
645 645 0 30 
646 646 24 7 
647 647 11 15 
648 648 44 74 
649 649 46 12 
650 650 44 60 
651 651 30 17 
652 652 31 95 
653 653 0 21 
654 654 9 38 
655 655 31 31 
656 656 76 86 
657 657 91 84 
658 658 1 33 
659 659 66 99 
660 660 65 76 
661 661 64 6 
662 662 93 2 
663 663 23 60 
664 664 44 87 
665 665 79 67 
666 666 32 80 
667 667 34 93 
668 668 76 74 
669 669 36 46 
670 670 33 73 
671 671 13 67 
672 672 69 76 
673 673 49 70 
674 674 98 12 
675 675 82 10 
676 676 17 70 
677 677 1 78 
678 678 53 20 
679 679 78 22 
680 680 68 69 
681 681 95 39 
682 682 58 27 
683 683 17 57 
684 684 38 83 
685 685 14 22 
686 686 24 34 
687 687 30 34 
688 688 91 8 
689 689 16 1 
690 690 90 80 
691 691 43 35 
692 692 70 10 
693 693 84 37 
694 694 28 89 
695 695 37 56 
696 696 62 95 
697 697 39 31 
698 698 80 89 
699 699 86 57 
700 700 81 29 
701 701 81 47 
702 702 91 19 
703 703 45 2 
704 704 11 55 
705 705 27 75 
706 706 22 93 
707 707 4 68 
708 708 60 41 
709 709 55 50 
710 710 41 72 
711 711 81 12 
712 712 95 68 
713 713 89 51 
714 714 21 11 
715 715 13 63 
716 716 59 94 
717 717 51 78 
718 718 46 33 
719 719 18 48 
720 720 9 54 
721 721 32 56 
722 722 32 97 
723 723 25 4 
724 724 33 89 
725 725 15 28 
726 726 54 61 
727 727 0 75 
728 728 76 59 
729 729 42 89 
730 730 20 33 
731 731 42 71 
732 732 57 40 
733 733 31 58 
734 734 62 50 
735 735 16 0 
736 736 83 73 
737 737 98 0 
738 738 29 6 
739 739 71 80 
740 740 25 56 
741 741 13 4 
742 742 87 27 
743 743 36 64 
744 744 37 2 
745 745 27 5 
746 746 82 74 
747 747 49 46 
748 748 54 27 
749 749 56 86 
750 750 60 16 
751 751 13 13 
752 752 14 60 
753 753 84 33 
754 754 33 30 
755 755 92 19 
756 756 7 4 
757 757 43 60 
758 758 10 58 
759 759 96 27 
760 760 50 6 
761 761 16 86 
762 762 96 94 
763 763 15 88 
764 764 91 91 
765 765 26 12 
766 766 97 1 
767 767 26 86 
768 768 76 76 
769 769 33 47 
770 770 92 52 
771 771 8 56 
772 772 17 87 
773 773 19 74 
774 774 64 56 
775 775 82 80 
776 776 79 15 
777 777 73 74 
778 778 28 79 
779 779 2 75 
780 780 31 8 
781 781 80 41 
782 782 17 55 
783 783 3 23 
784 784 82 46 
785 785 93 76 
786 786 52 42 
787 787 40 88 
788 788 32 5 
789 789 47 32 
790 790 87 14 
791 791 2 91 
792 792 43 3 
793 793 45 52 
794 794 77 11 
795 795 60 46 
796 796 88 52 
797 797 43 16 
798 798 29 89 
799 799 68 76 
#
EDGES (from-node to-node length a b):
0 779 70 0 
0 764 34 0 
0 644 31 0 
0 606 74 0 
0 362 27 0 
0 361 35 0 
1 742 41 0 
1 634 86 0 
1 369 19 0 
1 356 69 0 
1 314 69 0 
1 179 50 0 
1 121 72 0 
1 95 57 0 
2 685 25 0 
2 668 56 0 
2 521 60 0 
2 520 37 0 
2 320 19 0 
2 138 72 0 
2 17 20 0 
3 712 95 0 
3 673 49 0 
3 437 24 0 
3 435 55 0 
3 265 15 0 
3 54 77 0 
3 53 36 0 
4 713 46 0 
4 621 67 0 
4 462 59 0 
4 423 47 0 
4 323 83 0 
4 294 42 0 
4 279 48 0 
4 137 31 0 
4 46 64 0 
5 539 72 0 
5 518 64 0 
5 503 29 0 
5 340 59 0 
5 191 54 0 
5 167 59 0 
5 64 25 0 
6 721 27 0 
6 518 67 0 
6 500 60 0 
6 426 44 0 
6 247 28 0 
6 204 85 0 
7 612 69 0 
7 436 92 0 
7 333 103 0 
7 310 103 0 
7 309 50 0 
7 306 8 0 
7 254 54 0 
7 208 43 0 
7 191 52 0 
8 768 68 0 
8 674 90 0 
8 488 39 0 
8 352 31 0 
8 292 41 0 
9 78 7 0 
9 70 64 0 
9 19 83 0 
10 644 94 0 
11 539 12 0 
11 401 56 0 
11 337 21 0 
11 267 15 0 
11 226 83 0 
11 203 56 0 
11 111 79 0 
11 105 63 0 
12 728 39 0 
12 677 39 0 
12 632 33 0 
12 629 14 0 
12 586 36 0 
12 569 14 0 
12 281 65 0 
12 257 61 0 
12 178 15 0 
13 565 40 0 
14 677 11 0 
14 557 42 0 
14 515 86 0 
14 414 75 0 
14 180 41 0 
15 593 38 0 
15 383 101 0 
15 288 36 0 
15 278 94 0 
16 735 72 0 
16 558 73 0 
16 421 31 0 
16 328 71 0 
16 247 18 0 
16 187 58 0 
16 154 59 0 
16 129 41 0 
16 86 53 0 
17 761 72 0 
17 760 15 0 
17 688 50 0 
17 653 42 0 
17 613 88 0 
17 555 29 0 
17 537 31 0 
17 440 62 0 
17 329 18 0 
17 20 78 0 
18 683 45 0 
18 676 58 0 
18 659 97 0 
18 497 32 0 
19 730 85 0 
19 718 62 0 
19 701 26 0 
19 549 87 0 
19 521 32 0 
19 441 92 0 
20 727 76 0 
20 388 80 0 
20 350 91 0 
20 223 45 0 
20 119 85 0 
20 59 63 0 
21 706 91 0 
21 681 90 0 
21 111 74 0 
22 536 25 0 
22 525 79 0 
22 519 44 0 
22 165 78 0 
23 675 22 0 
23 399 41 0 
23 374 14 0 
23 94 48 0 
24 240 40 0 
24 144 72 0 
25 500 25 0 
25 453 70 0 
25 422 16 0 
25 150 24 0 
25 140 41 0 
26 796 29 0 
26 716 70 0 
26 238 97 0 
26 186 62 0 
26 167 63 0 
27 721 84 0 
27 675 18 0 
27 468 132 0 
27 446 96 0 
27 349 68 0 
27 228 80 0 
27 121 78 0 
27 83 63 0 
28 321 28 0 
28 218 17 0 
28 181 54 0 
28 179 66 0 
28 73 85 0 
28 68 84 0 
28 37 42 0 
29 528 61 0 
30 292 91 0 
30 270 98 0 
30 264 125 0 
30 135 86 0 
31 667 11 0 
31 532 38 0 
31 262 30 0 
31 60 63 0 
32 793 38 0 
32 723 48 0 
32 294 21 0 
33 788 98 0 
33 726 44 0 
33 517 30 0 
33 265 86 0 
34 756 111 0 
34 643 28 0 
34 580 64 0 
34 505 70 0 
34 378 64 0 
34 153 53 0 
35 731 68 0 
35 724 88 0 
35 644 77 0 
35 508 91 0 
36 777 28 0 
36 659 52 0 
36 499 93 0 
36 297 49 0 
36 248 54 0 
37 660 42 0 
38 734 56 0 
38 705 53 0 
38 690 96 0 
38 501 32 0 
39 653 89 0 
39 465 99 0 
39 422 89 0 
39 265 97 0 
40 393 54 0 
40 52 85 0 
41 795 33 0 
41 703 32 0 
41 626 89 0 
41 563 7 0 
41 543 29 0 
41 337 4 0 
41 133 74 0 
41 130 47 0 
42 753 15 0 
42 396 62 0 
42 341 56 0 
42 85 36 0 
42 70 16 0 
43 716 32 0 
43 326 15 0 
43 234 61 0 
43 205 63 0 
43 98 54 0 
43 67 36 0 
44 664 55 0 
44 631 47 0 
44 545 34 0 
44 175 25 0 
44 131 21 0 
44 119 38 0 
44 69 72 0 
45 641 32 0 
45 618 34 0 
45 273 83 0 
45 209 56 0 
45 94 55 0 
45 67 81 0 
45 66 53 0 
46 233 58 0 
46 178 56 0 
47 760 54 0 
47 757 27 0 
47 242 18 0 
47 225 52 0 
48 789 52 0 
48 782 46 0 
48 707 52 0 
48 510 31 0 
48 175 40 0 
48 112 66 0 
49 488 39 0 
49 466 63 0 
49 441 30 0 
49 248 80 0 
49 227 32 0 
49 186 3 0 
50 430 71 0 
50 57 52 0 
51 717 46 0 
51 619 31 0 
51 311 66 0 
51 300 38 0 
51 287 75 0 
51 232 57 0 
52 771 69 0 
52 658 89 0 
52 577 69 0 
52 156 51 0 
53 432 61 0 
53 296 39 0 
53 78 35 0 
54 717 69 0 
54 634 87 0 
54 563 28 0 
54 521 60 0 
54 508 81 0 
54 399 22 0 
54 382 22 0 
54 376 83 0 
54 273 75 0 
54 135 48 0 
55 648 52 0 
56 757 26 0 
56 556 14 0 
57 676 63 0 
57 535 57 0 
57 396 39 0 
57 209 53 0 
58 783 65 0 
58 714 71 0 
58 698 49 0 
58 667 12 0 
58 654 49 0 
58 612 34 0 
58 581 88 0 
58 529 57 0 
58 503 32 0 
58 495 13 0 
58 283 35 0 
58 201 20 0 
58 191 60 0 
59 687 57 0 
59 685 73 0 
59 657 56 0 
59 490 53 0 
59 466 61 0 
59 460 79 0 
59 333 77 0 
60 677 67 0 
60 568 30 0 
60 465 58 0 
60 383 68 0 
60 263 8 0 
61 500 52 0 
61 479 92 0 
61 334 38 0 
61 257 59 0 
61 210 31 0 
61 168 87 0 
61 138 82 0 
61 133 50 0 
61 74 38 0 
62 603 19 0 
62 564 95 0 
62 471 64 0 
62 143 72 0 
63 431 10 0 
63 395 59 0 
63 200 75 0 
63 160 36 0 
63 138 43 0 
64 754 51 0 
64 695 30 0 
64 508 38 0 
64 465 45 0 
64 398 27 0 
64 289 49 0 
64 152 44 0 
64 123 9 0 
65 780 52 0 
65 658 74 0 
65 192 73 0 
66 724 84 0 
66 350 12 0 
66 75 69 0 
67 653 68 0 
69 619 47 0 
69 470 70 0 
69 463 85 0 
69 350 95 0 
69 309 48 0 
69 227 49 0 
69 146 96 0 
69 142 76 0 
69 115 19 0 
69 75 82 0 
70 552 72 0 
70 536 87 0 
70 425 108 0 
70 421 66 0 
70 330 82 0 
70 178 88 0 
71 720 13 0 
71 549 56 0 
71 458 67 0 
72 689 92 0 
72 625 77 0 
72 604 78 0 
72 488 39 0 
72 354 87 0 
72 136 36 0 
72 86 57 0 
73 608 86 0 
73 260 63 0 
74 755 60 0 
74 699 44 0 
74 536 25 0 
74 509 19 0 
74 333 52 0 
74 82 13 0 
75 692 47 0 
75 609 45 0 
75 413 7 0 
76 726 15 0 
76 610 59 0 
76 581 76 0 
76 558 45 0 
76 517 45 0 
76 508 29 0 
76 329 44 0 
76 317 65 0 
76 194 63 0 
77 588 38 0 
78 526 14 0 
78 329 22 0 
79 473 85 0 
79 422 61 0 
79 405 87 0 
79 380 41 0 
80 783 74 0 
80 748 26 0 
80 735 63 0 
80 675 7 0 
80 128 21 0 
80 113 40 0 
81 774 65 0 
81 752 54 0 
81 575 82 0 
81 571 39 0 
81 559 57 0 
81 240 45 0 
82 703 38 0 
82 487 47 0 
83 619 50 0 
83 592 28 0 
83 571 18 0 
83 304 18 0 
84 710 16 0 
84 676 40 0 
84 658 71 0 
84 511 63 0 
84 382 66 0 
84 374 75 0 
84 369 79 0 
85 769 51 0 
85 717 67 0 
85 585 36 0 
85 570 20 0 
85 501 46 0 
85 454 83 0 
85 344 69 0 
85 203 80 0 
85 149 40 0 
86 720 48 0 
86 598 53 0 
86 327 52 0 
87 590 62 0 
87 583 59 0 
88 749 36 0 
88 654 94 0 
88 469 70 0 
88 186 57 0 
89 643 51 0 
89 570 62 0 
89 512 32 0 
90 292 38 0 
90 221 22 0 
90 149 19 0 
91 441 77 0 
91 375 39 0 
91 291 17 0 
91 176 39 0 
92 797 20 0 
92 765 33 0 
92 682 24 0 
92 659 96 0 
92 634 86 0 
93 772 64 0 
93 611 18 0 
93 599 71 0 
93 485 52 0 
93 482 43 0 
93 480 77 0 
93 345 40 0 
93 245 15 0 
93 197 43 0 
93 167 74 0 
94 793 12 0 
94 516 50 0 
94 98 59 0 
95 736 28 0 
95 583 69 0 
95 547 96 0 
95 220 34 0 
95 177 54 0 
96 603 46 0 
96 601 41 0 
96 576 51 0 
96 172 28 0 
97 698 100 0 
97 387 63 0 
97 330 91 0 
97 321 46 0 
97 259 85 0 
97 243 15 0 
98 751 70 0 
98 570 12 0 
98 510 83 0 
98 505 19 0 
98 443 52 0 
99 680 45 0 
99 597 69 0 
99 387 20 0 
99 282 45 0 
99 265 87 0 
99 190 9 0 
100 577 46 0 
100 354 70 0 
101 673 9 0 
101 479 54 0 
101 477 45 0 
101 258 28 0 
102 598 74 0 
103 541 55 0 
103 288 17 0 
103 135 17 0 
104 773 13 0 
104 630 52 0 
104 433 14 0 
104 387 81 0 
104 366 109 0 
104 316 84 0 
104 224 39 0 
105 738 92 0 
105 533 34 0 
105 434 80 0 
106 156 59 0 
107 445 40 0 
107 407 15 0 
107 193 76 0 
108 705 49 0 
108 543 52 0 
108 364 29 0 
109 727 84 0 
109 568 60 0 
109 567 69 0 
110 762 38 0 
110 680 4 0 
110 318 50 0 
110 160 21 0 
111 737 110 0 
111 634 66 0 
111 575 91 0 
111 520 78 0 
111 309 38 0 
111 299 60 0 
112 663 44 0 
112 649 10 0 
113 419 62 0 
113 366 52 0 
113 350 62 0 
113 328 20 0 
114 638 37 0 
114 492 41 0 
114 452 52 0 
114 144 54 0 
115 657 54 0 
115 454 38 0 
115 202 29 0 
115 162 45 0 
116 606 112 0 
116 327 93 0 
116 259 4 0 
116 216 83 0 
116 170 55 0 
117 468 102 0 
117 241 41 0 
118 512 67 0 
118 507 57 0 
118 449 55 0 
118 401 60 0 
118 281 80 0 
118 194 22 0 
119 786 32 0 
119 587 38 0 
119 394 75 0 
119 289 20 0 
119 253 71 0 
119 226 42 0 
120 724 56 0 
120 585 6 0 
120 490 29 0 
120 343 32 0 
120 288 66 0 
120 191 13 0 
121 548 66 0 
121 495 25 0 
121 474 65 0 
121 374 76 0 
122 788 42 0 
122 638 17 0 
122 606 91 0 
122 461 23 0 
122 332 34 0 
123 247 39 0 
124 787 34 0 
124 626 42 0 
124 491 31 0 
124 137 26 0 
125 618 32 0 
125 513 53 0 
125 378 60 0 
125 234 99 0 
125 195 31 0 
125 142 81 0 
126 683 81 0 
126 361 77 0 
126 315 77 0 
126 252 75 0 
127 620 98 0 
127 329 61 0 
127 328 81 0 
127 270 41 0 
127 141 58 0 
127 135 41 0 
128 559 88 0 
128 420 52 0 
128 349 55 0 
129 390 26 0 
129 163 67 0 
130 578 49 0 
130 512 60 0 
130 428 86 0 
130 190 67 0 
131 297 39 0 
132 737 15 0 
132 247 73 0 
132 215 109 0 
133 752 4 0 
133 413 87 0 
133 342 34 0 
133 197 67 0 
133 195 65 0 
133 165 70 0 
134 759 65 0 
134 752 43 0 
134 649 17 0 
134 306 83 0 
134 239 51 0 
134 171 82 0 
134 157 37 0 
134 139 23 0 
135 695 18 0 
135 608 10 0 
135 533 83 0 
135 510 24 0 
135 271 40 0 
136 548 13 0 
136 541 68 0 
136 321 65 0 
136 282 53 0 
137 281 83 0 
137 250 56 0 
138 433 83 0 
138 372 84 0 
138 152 77 0 
139 659 75 0 
139 314 50 0 
139 269 57 0 
139 179 34 0 
139 159 43 0 
140 429 78 0 
140 413 65 0 
141 708 15 0 
141 543 21 0 
141 417 34 0 
141 164 36 0 
142 534 56 0 
142 435 16 0 
142 389 9 0 
142 365 42 0 
143 611 45 0 
143 472 74 0 
143 392 44 0 
143 188 45 0 
144 591 25 0 
144 539 92 0 
144 475 75 0 
144 441 30 0 
144 239 6 0 
145 753 100 0 
145 742 106 0 
145 660 66 0 
145 430 46 0 
145 157 38 0 
146 501 46 0 
146 422 81 0 
146 288 76 0 
146 182 63 0 
147 794 96 0 
147 782 47 0 
147 631 30 0 
147 598 112 0 
147 551 53 0 
147 545 89 0 
147 302 20 0 
148 631 26 0 
148 428 29 0 
148 399 104 0 
148 158 48 0 
149 224 29 0 
149 178 37 0 
149 158 18 0 
150 798 26 0 
151 516 49 0 
151 501 33 0 
151 453 58 0 
151 424 52 0 
151 188 53 0 
151 182 8 0 
152 351 40 0 
153 611 31 0 
153 429 39 0 
154 633 64 0 
154 261 24 0 
154 183 46 0 
154 165 49 0 
155 768 67 0 
155 685 80 0 
155 622 104 0 
155 450 44 0 
156 709 15 0 
156 665 43 0 
156 630 31 0 
156 613 61 0 
156 496 30 0 
156 485 36 0 
156 411 18 0 
156 245 14 0 
156 182 34 0 
157 613 49 0 
157 442 54 0 
157 179 69 0 
158 661 58 0 
158 466 50 0 
158 241 69 0 
158 167 48 0 
159 541 13 0 
159 318 58 0 
159 256 19 0 
160 760 77 0 
160 741 103 0 
160 337 53 0 
161 736 56 0 
161 317 78 0 
162 616 85 0 
162 595 55 0 
162 555 57 0 
162 412 88 0 
162 409 55 0 
162 255 92 0 
162 250 74 0 
163 627 32 0 
163 562 24 0 
164 664 79 0 
164 545 8 0 
164 457 49 0 
165 570 49 0 
165 543 53 0 
165 390 52 0 
165 365 59 0 
165 353 58 0 
165 247 48 0 
165 176 53 0 
166 762 69 0 
166 506 6 0 
166 486 79 0 
166 459 38 0 
166 212 76 0 
167 791 93 0 
167 762 8 0 
168 401 93 0 
168 247 66 0 
169 731 53 0 
169 692 56 0 
169 647 95 0 
169 546 81 0 
169 433 86 0 
169 419 70 0 
170 708 20 0 
170 226 52 0 
170 219 31 0 
170 214 48 0 
170 184 7 0 
171 774 72 0 
171 664 41 0 
171 183 48 0 
172 672 9 0 
172 191 41 0 
173 754 67 0 
173 720 73 0 
174 777 63 0 
174 748 22 0 
174 599 77 0 
174 396 71 0 
174 368 19 0 
174 366 31 0 
175 683 65 0 
176 695 8 0 
176 348 55 0 
176 234 48 0 
176 221 7 0 
176 214 59 0 
177 786 16 0 
177 454 75 0 
177 373 55 0 
177 337 39 0 
177 256 24 0 
178 385 56 0 
178 212 50 0 
179 755 32 0 
179 642 12 0 
179 562 45 0 
179 406 49 0 
179 298 19 0 
179 244 34 0 
180 735 66 0 
180 560 47 0 
180 208 30 0 
181 691 45 0 
181 654 58 0 
181 449 76 0 
181 417 71 0 
182 745 75 0 
182 596 67 0 
182 399 69 0 
183 566 19 0 
183 517 68 0 
183 408 15 0 
183 220 64 0 
184 675 64 0 
184 532 27 0 
184 518 46 0 
184 499 71 0 
184 315 49 0 
185 570 78 0 
185 497 60 0 
185 416 73 0 
186 768 40 0 
186 609 60 0 
186 508 17 0 
186 349 44 0 
187 763 78 0 
187 665 43 0 
187 574 64 0 
187 348 15 0 
187 336 48 0 
187 287 20 0 
187 256 39 0 
188 779 40 0 
188 588 77 0 
188 489 23 0 
188 455 7 0 
189 535 76 0 
189 390 16 0 
189 286 11 0 
190 568 35 0 
190 421 50 0 
190 347 34 0 
190 334 62 0 
190 222 28 0 
191 735 80 0 
191 479 47 0 
191 357 70 0 
191 267 25 0 
191 196 76 0 
192 732 55 0 
192 546 22 0 
192 370 42 0 
193 758 59 0 
193 457 71 0 
193 404 66 0 
193 304 49 0 
193 296 99 0 
194 725 20 0 
194 661 73 0 
194 523 51 0 
195 792 66 0 
195 493 36 0 
195 449 73 0 
195 301 54 0 
196 569 49 0 
196 500 67 0 
196 480 93 0 
196 394 47 0 
197 748 40 0 
197 688 51 0 
197 454 40 0 
197 436 78 0 
197 311 48 0 
198 785 56 0 
198 635 51 0 
198 346 25 0 
199 796 43 0 
199 653 116 0 
199 590 93 0 
199 538 50 0 
200 605 79 0 
200 504 26 0 
200 264 15 0 
201 559 49 0 
201 506 77 0 
201 402 42 0 
201 398 37 0 
201 318 82 0 
201 260 28 0 
202 695 13 0 
202 530 59 0 
203 624 50 0 
203 435 80 0 
203 373 80 0 
203 346 84 0 
203 333 115 0 
204 744 62 0 
204 596 55 0 
204 539 16 0 
204 232 16 0 
205 679 31 0 
206 577 38 0 
206 549 57 0 
206 302 41 0 
206 212 43 0 
207 633 14 0 
207 251 38 0 
207 230 57 0 
208 753 79 0 
208 658 61 0 
208 472 80 0 
209 736 61 0 
209 613 62 0 
209 470 38 0 
209 443 25 0 
209 263 27 0 
210 513 71 0 
210 470 47 0 
211 780 63 0 
211 442 67 0 
211 358 6 0 
211 226 27 0 
212 779 73 0 
212 448 54 0 
212 419 54 0 
212 286 10 0 
213 766 71 0 
213 582 65 0 
213 528 69 0 
213 363 18 0 
214 746 61 0 
214 568 6 0 
214 448 28 0 
214 289 18 0 
215 491 64 0 
215 435 55 0 
215 403 90 0 
216 720 29 0 
216 574 104 0 
216 545 42 0 
216 229 47 0 
217 720 26 0 
217 560 46 0 
217 404 30 0 
218 708 58 0 
218 688 99 0 
218 459 72 0 
218 297 56 0 
218 281 85 0 
219 749 52 0 
219 611 22 0 
219 546 76 0 
219 390 64 0 
219 290 82 0 
220 711 67 0 
220 692 70 0 
220 618 25 0 
220 431 51 0 
220 309 46 0 
220 236 68 0 
221 348 58 0 
222 772 90 0 
222 582 69 0 
222 492 14 0 
222 481 28 0 
222 349 38 0 
222 315 65 0 
222 252 68 0 
222 227 48 0 
224 769 14 0 
224 630 14 0 
225 786 24 0 
225 695 32 0 
225 673 23 0 
225 619 18 0 
225 385 19 0 
226 332 43 0 
226 246 62 0 
227 765 33 0 
227 760 42 0 
227 546 47 0 
227 446 25 0 
228 652 38 0 
228 365 47 0 
229 671 49 0 
229 561 41 0 
230 492 42 0 
231 776 60 0 
231 744 25 0 
231 494 88 0 
232 685 71 0 
233 614 17 0 
233 487 72 0 
233 472 46 0 
233 344 51 0 
233 342 78 0 
234 767 75 0 
234 596 25 0 
234 448 61 0 
234 340 16 0 
234 287 50 0 
234 265 53 0 
235 501 37 0 
235 341 46 0 
236 683 31 0 
236 611 24 0 
236 520 32 0 
236 354 31 0 
237 780 61 0 
237 510 83 0 
237 364 33 0 
238 777 67 0 
238 610 70 0 
239 710 32 0 
239 465 13 0 
239 457 78 0 
240 501 37 0 
240 463 2 0 
240 267 35 0 
240 266 30 0 
241 501 65 0 
241 448 42 0 
242 767 20 0 
242 733 10 0 
242 662 93 0 
243 613 75 0 
244 428 11 0 
245 732 25 0 
245 649 28 0 
245 554 42 0 
245 553 62 0 
245 416 61 0 
246 632 54 0 
246 585 62 0 
246 582 38 0 
246 286 39 0 
247 639 29 0 
247 409 32 0 
248 712 68 0 
248 367 53 0 
249 702 20 0 
249 676 90 0 
249 586 89 0 
249 250 59 0 
250 657 28 0 
251 765 38 0 
251 734 18 0 
251 718 12 0 
251 574 63 0 
251 526 38 0 
251 374 44 0 
252 538 103 0 
252 399 20 0 
252 379 64 0 
252 378 78 0 
252 362 114 0 
253 533 26 0 
253 455 74 0 
253 325 18 0 
254 798 47 0 
254 685 43 0 
254 325 44 0 
254 315 40 0 
255 661 24 0 
256 262 18 0 
258 733 40 0 
258 630 69 0 
258 588 14 0 
258 514 49 0 
258 483 84 0 
258 392 41 0 
259 679 15 0 
259 672 58 0 
259 647 82 0 
259 614 31 0 
260 589 13 0 
260 472 58 0 
260 419 19 0 
260 379 42 0 
260 269 16 0 
261 385 61 0 
262 430 21 0 
263 792 22 0 
263 313 34 0 
264 664 40 0 
264 512 91 0 
264 298 85 0 
265 693 80 0 
265 419 18 0 
265 293 16 0 
265 284 47 0 
266 789 50 0 
266 510 94 0 
267 676 92 0 
267 660 59 0 
267 528 30 0 
267 462 10 0 
267 396 74 0 
267 380 63 0 
268 533 47 0 
268 428 34 0 
268 304 35 0 
268 295 77 0 
269 660 32 0 
269 630 48 0 
269 511 71 0 
269 501 34 0 
269 424 49 0 
269 360 35 0 
269 325 63 0 
270 747 54 0 
270 506 77 0 
270 295 86 0 
272 755 53 0 
272 657 72 0 
272 493 15 0 
272 450 16 0 
273 751 69 0 
273 737 115 0 
273 702 96 0 
273 467 20 0 
273 443 38 0 
273 438 52 0 
273 301 53 0 
274 775 60 0 
274 743 19 0 
274 636 20 0 
274 509 22 0 
274 502 24 0 
274 464 33 0 
274 343 38 0 
274 304 9 0 
275 787 52 0 
275 719 68 0 
275 605 98 0 
275 553 39 0 
275 455 75 0 
275 450 55 0 
275 371 56 0 
276 665 88 0 
276 485 41 0 
276 474 18 0 
276 453 65 0 
276 345 79 0 
277 723 51 0 
277 689 59 0 
277 664 38 0 
277 618 20 0 
277 525 47 0 
277 439 24 0 
278 718 50 0 
278 691 52 0 
278 486 55 0 
278 387 39 0 
278 366 46 0 
278 360 101 0 
279 612 72 0 
279 561 66 0 
280 576 88 0 
281 744 46 0 
281 621 16 0 
281 456 56 0 
282 779 72 0 
282 502 54 0 
283 728 31 0 
283 707 47 0 
283 580 12 0 
283 473 53 0 
283 315 38 0 
284 793 27 0 
284 499 83 0 
285 618 63 0 
286 760 84 0 
286 680 20 0 
286 466 31 0 
286 341 71 0 
287 660 68 0 
287 508 92 0 
287 376 100 0 
287 299 57 0 
288 722 52 0 
288 490 37 0 
288 461 57 0 
288 443 45 0 
288 317 17 0 
289 792 24 0 
289 714 35 0 
289 584 1 0 
290 520 39 0 
290 501 56 0 
290 436 29 0 
291 617 31 0 
291 501 30 0 
292 587 49 0 
292 336 28 0 
293 780 47 0 
293 776 70 0 
293 426 24 0 
294 741 37 0 
294 644 79 0 
294 609 87 0 
294 379 41 0 
295 719 68 0 
295 687 51 0 
295 411 68 0 
296 324 75 0 
297 589 24 0 
298 775 14 0 
298 771 78 0 
298 663 62 0 
298 629 36 0 
298 444 15 0 
298 391 43 0 
298 347 43 0 
299 686 61 0 
299 619 16 0 
299 575 37 0 
299 542 92 0 
300 778 35 0 
300 700 43 0 
300 545 59 0 
300 529 36 0 
301 417 25 0 
301 362 76 0 
303 609 87 0 
304 630 32 0 
304 613 59 0 
304 576 42 0 
305 768 37 0 
305 766 65 0 
305 568 43 0 
305 520 48 0 
306 783 98 0 
306 646 98 0 
306 589 46 0 
306 510 53 0 
307 740 53 0 
307 469 35 0 
308 760 44 0 
308 758 35 0 
309 554 63 0 
309 538 51 0 
310 548 69 0 
310 540 53 0 
310 490 50 0 
310 333 9 0 
311 667 27 0 
312 577 34 0 
313 662 20 0 
313 572 9 0 
313 437 80 0 
313 417 41 0 
314 584 52 0 
314 372 29 0 
315 702 84 0 
315 629 45 0 
315 320 42 0 
316 688 35 0 
316 559 91 0 
317 548 77 0 
317 535 40 0 
317 523 52 0 
317 367 24 0 
318 623 25 0 
318 389 55 0 
318 374 40 0 
319 762 110 0 
319 515 26 0 
319 404 30 0 
319 375 19 0 
320 432 60 0 
321 691 28 0 
321 645 43 0 
321 381 81 0 
322 782 82 0 
322 478 71 0 
322 324 61 0 
324 715 23 0 
324 448 55 0 
326 650 7 0 
326 606 45 0 
326 602 25 0 
326 500 35 0 
326 344 13 0 
327 633 71 0 
327 556 42 0 
327 545 62 0 
330 649 86 0 
330 622 64 0 
330 521 73 0 
330 516 86 0 
330 348 68 0 
331 766 84 0 
332 797 34 0 
332 790 55 0 
332 732 15 0 
332 667 45 0 
332 644 57 0 
332 548 49 0 
332 496 35 0 
333 754 28 0 
333 692 58 0 
333 635 105 0 
333 463 56 0 
334 625 39 0 
334 606 43 0 
334 361 22 0 
335 748 88 0 
335 725 72 0 
335 609 89 0 
335 380 57 0 
336 655 25 0 
336 559 18 0 
337 712 52 0 
337 673 56 0 
337 479 74 0 
338 782 12 0 
338 715 20 0 
338 535 31 0 
338 469 17 0 
338 363 43 0 
339 695 32 0 
339 619 4 0 
339 608 58 0 
339 438 66 0 
339 397 46 0 
339 390 27 0 
339 369 81 0 
339 368 78 0 
340 707 58 0 
340 369 18 0 
341 734 34 0 
341 460 55 0 
341 458 22 0 
341 435 14 0 
342 476 12 0 
343 731 58 0 
344 773 11 0 
344 696 45 0 
344 594 18 0 
344 384 40 0 
345 417 35 0 
346 648 35 0 
346 646 42 0 
346 616 70 0 
346 565 73 0 
347 683 38 0 
347 511 29 0 
348 616 44 0 
348 605 77 0 
348 450 31 0 
349 623 35 0 
349 570 59 0 
349 455 19 0 
350 799 76 0 
350 709 48 0 
350 612 58 0 
350 542 40 0 
350 481 49 0 
350 473 98 0 
350 469 37 0 
350 427 13 0 
350 400 48 0 
350 355 48 0 
351 731 39 0 
351 703 32 0 
351 640 30 0 
351 408 37 0 
352 737 68 0 
352 412 43 0 
352 404 42 0 
353 762 60 0 
353 713 70 0 
353 690 56 0 
353 621 92 0 
353 517 71 0 
354 797 45 0 
354 754 30 0 
354 725 16 0 
354 550 90 0 
354 466 102 0 
354 402 28 0 
355 479 63 0 
356 690 27 0 
357 515 44 0 
357 507 69 0 
357 396 47 0 
358 615 23 0 
359 427 55 0 
359 419 36 0 
360 656 76 0 
360 618 72 0 
361 723 65 0 
361 623 46 0 
361 502 16 0 
362 423 73 0 
363 759 72 0 
363 468 93 0 
363 413 81 0 
363 382 34 0 
363 365 50 0 
364 514 42 0 
364 506 37 0 
364 476 72 0 
364 473 58 0 
364 447 37 0 
365 763 32 0 
365 700 64 0 
367 690 79 0 
367 482 64 0 
367 437 37 0 
368 780 54 0 
368 469 58 0 
368 417 42 0 
369 787 88 0 
369 700 55 0 
369 572 57 0 
369 483 38 0 
369 431 46 0 
370 544 22 0 
370 389 16 0 
372 778 17 0 
372 481 94 0 
372 387 88 0 
373 625 75 0 
373 593 28 0 
374 798 91 0 
374 793 51 0 
374 497 57 0 
375 717 67 0 
375 631 77 0 
375 546 75 0 
376 638 103 0 
376 603 70 0 
376 465 13 0 
377 520 54 0 
377 462 71 0 
378 640 12 0 
378 458 54 0 
379 719 29 0 
379 700 90 0 
379 516 85 0 
379 480 89 0 
379 409 53 0 
379 385 80 0 
380 673 12 0 
380 646 56 0 
380 527 29 0 
381 641 62 0 
381 525 70 0 
381 479 89 0 
382 723 36 0 
382 661 5 0 
382 523 45 0 
382 423 31 0 
382 385 66 0 
383 766 72 0 
383 458 91 0 
383 433 79 0 
383 384 97 0 
384 791 53 0 
384 698 95 0 
384 396 58 0 
385 682 52 0 
385 681 36 0 
385 655 66 0 
385 562 55 0 
385 430 81 0 
386 495 34 0 
387 729 77 0 
387 726 46 0 
387 723 48 0 
387 614 9 0 
387 585 33 0 
387 556 39 0 
387 527 77 0 
387 503 55 0 
387 476 96 0 
387 450 21 0 
387 448 24 0 
388 754 47 0 
389 604 76 0 
389 538 71 0 
389 486 85 0 
389 462 66 0 
389 407 22 0 
390 783 78 0 
390 688 98 0 
390 524 84 0 
390 497 57 0 
391 576 55 0 
391 547 69 0 
391 484 18 0 
391 440 46 0 
392 624 12 0 
392 506 45 0 
393 771 47 0 
393 709 9 0 
393 427 26 0 
395 549 27 0 
396 789 45 0 
396 775 39 0 
396 519 29 0 
397 786 33 0 
397 701 11 0 
397 698 53 0 
397 561 66 0 
398 782 23 0 
398 759 63 0 
398 458 53 0 
398 428 41 0 
401 776 40 0 
401 710 65 0 
401 408 59 0 
402 794 84 0 
402 727 17 0 
403 664 62 0 
405 750 67 0 
405 695 56 0 
405 568 71 0 
405 489 75 0 
406 782 56 0 
406 648 24 0 
406 559 57 0 
406 484 51 0 
407 792 42 0 
407 728 66 0 
408 780 58 0 
408 705 11 0 
408 688 81 0 
409 573 59 0 
409 487 56 0 
410 764 80 0 
410 469 20 0 
411 705 12 0 
411 588 49 0 
412 448 47 0 
413 746 31 0 
413 589 71 0 
413 483 97 0 
414 700 34 0 
414 643 77 0 
414 572 36 0 
415 713 32 0 
416 729 87 0 
416 623 28 0 
416 536 85 0 
416 523 54 0 
416 439 73 0 
416 431 25 0 
417 704 57 0 
417 628 53 0 
417 460 67 0 
418 746 69 0 
418 727 86 0 
418 691 29 0 
418 684 75 0 
418 636 41 0 
418 514 62 0 
419 687 36 0 
419 433 24 0 
420 752 85 0 
420 465 79 0 
421 673 32 0 
421 610 21 0 
421 570 64 0 
421 482 57 0 
422 678 65 0 
422 527 6 0 
424 658 22 0 
425 783 72 0 
426 720 26 0 
426 451 66 0 
427 704 57 0 
427 599 81 0 
427 537 21 0 
428 732 37 0 
428 469 52 0 
429 548 74 0 
430 689 42 0 
430 548 74 0 
431 582 53 0 
432 761 36 0 
433 506 102 0 
434 597 86 0 
436 757 48 0 
436 574 103 0 
436 548 70 0 
436 484 32 0 
437 789 46 0 
437 749 36 0 
437 680 45 0 
437 515 70 0 
437 494 77 0 
437 455 40 0 
438 798 61 0 
438 594 48 0 
438 528 82 0 
439 619 45 0 
440 585 22 0 
441 628 43 0 
442 788 14 0 
442 783 44 0 
442 681 58 0 
442 473 91 0 
443 759 58 0 
443 603 47 0 
443 540 37 0 
444 708 34 0 
444 663 51 0 
444 462 42 0 
445 570 88 0 
446 554 71 0 
446 477 57 0 
447 703 24 0 
447 645 31 0 
447 560 31 0 
448 750 29 0 
448 555 63 0 
448 486 56 0 
448 470 4 0 
451 785 37 0 
451 764 50 0 
451 743 43 0 
451 714 62 0 
451 658 74 0 
451 559 68 0 
451 499 72 0 
452 573 52 0 
452 564 109 0 
452 483 42 0 
453 537 14 0 
454 640 79 0 
454 603 4 0 
454 583 55 0 
455 795 46 0 
455 608 17 0 
455 543 30 0 
455 516 48 0 
456 793 52 0 
456 717 43 0 
457 652 80 0 
459 507 79 0 
459 501 41 0 
460 669 30 0 
461 780 47 0 
461 742 34 0 
461 590 36 0 
462 759 11 0 
462 602 85 0 
462 533 54 0 
462 523 48 0 
462 467 83 0 
464 641 80 0 
464 598 101 0 
465 762 81 0 
466 799 30 0 
466 711 77 0 
467 586 56 0 
468 683 42 0 
468 623 88 0 
468 526 99 0 
470 624 14 0 
470 490 30 0 
471 693 20 0 
471 679 24 0 
471 554 67 0 
472 790 55 0 
472 770 74 0 
472 656 90 0 
472 526 13 0 
472 489 55 0 
474 702 77 0 
474 621 56 0 
474 599 90 0 
474 594 43 0 
474 581 63 0 
474 500 60 0 
475 796 33 0 
476 694 26 0 
477 584 70 0 
479 585 47 0 
479 529 68 0 
479 486 24 0 
480 711 83 0 
480 609 4 0 
480 575 61 0 
480 503 77 0 
481 585 30 0 
484 752 22 0 
484 686 17 0 
484 601 57 0 
484 570 69 0 
484 540 35 0 
485 712 87 0 
485 632 19 0 
485 562 30 0 
485 534 95 0 
485 533 89 0 
485 492 90 0 
486 751 101 0 
486 695 52 0 
486 579 32 0 
487 513 94 0 
488 672 36 0 
489 661 73 0 
489 592 63 0 
490 796 48 0 
490 794 55 0 
490 560 42 0 
491 729 45 0 
493 550 61 0 
494 688 49 0 
494 614 52 0 
494 504 76 0 
496 794 51 0 
496 753 58 0 
497 675 77 0 
498 749 87 0 
498 700 25 0 
498 514 55 0 
500 751 73 0 
500 591 52 0 
501 503 13 0 
502 570 90 0 
502 567 78 0 
503 656 62 0 
505 673 63 0 
506 690 51 0 
506 616 48 0 
507 755 78 0 
507 752 56 0 
507 604 36 0 
508 761 14 0 
508 674 104 0 
508 615 25 0 
508 518 79 0 
509 519 15 0 
510 786 46 0 
510 527 17 0 
510 512 66 0 
511 747 35 0 
511 625 33 0 
512 529 19 0 
513 718 47 0 
513 651 66 0 
514 666 70 0 
515 586 99 0 
516 664 78 0 
516 531 94 0 
518 722 82 0 
518 666 69 0 
518 633 50 0 
519 780 44 0 
519 751 42 0 
520 627 19 0 
520 581 29 0 
522 638 21 0 
522 571 46 0 
524 704 46 0 
524 695 48 0 
524 649 24 0 
526 725 37 0 
527 734 45 0 
527 586 27 0 
528 751 90 0 
528 605 100 0 
528 582 39 0 
528 571 62 0 
528 566 81 0 
529 746 49 0 
529 664 58 0 
529 663 46 0 
529 654 50 0 
529 622 65 0 
530 742 56 0 
530 689 20 0 
530 645 39 0 
531 773 21 0 
531 666 20 0 
532 620 68 0 
533 766 91 0 
533 744 106 0 
533 548 84 0 
534 657 54 0 
534 635 60 0 
536 763 19 0 
536 658 44 0 
537 595 62 0 
537 559 80 0 
539 551 44 0 
540 559 63 0 
541 774 27 0 
541 746 33 0 
542 677 79 0 
542 573 35 0 
543 639 56 0 
544 774 67 0 
544 629 62 0 
544 611 52 0 
544 562 45 0 
545 755 46 0 
546 696 44 0 
547 713 96 0 
547 617 106 0 
548 748 26 0 
548 634 76 0 
551 767 58 0 
552 717 16 0 
552 646 62 0 
552 616 47 0 
553 672 57 0 
555 662 82 0 
555 588 95 0 
555 584 41 0 
556 746 69 0 
556 741 29 0 
557 781 47 0 
558 698 17 0 
558 661 88 0 
559 758 5 0 
559 597 73 0 
560 650 49 0 
561 787 21 0 
561 739 44 0 
561 688 89 0 
561 636 43 0 
562 791 52 0 
562 707 35 0 
563 623 23 0 
566 767 26 0 
566 711 89 0 
566 634 76 0 
566 621 79 0 
567 599 89 0 
568 779 93 0 
568 762 91 0 
568 709 44 0 
570 789 50 0 
571 789 21 0 
571 611 24 0 
571 599 73 0 
573 637 15 0 
575 634 52 0 
576 715 56 0 
576 601 91 0 
577 589 48 0 
579 747 42 0 
579 716 23 0 
580 617 57 0 
581 779 100 0 
581 634 84 0 
582 605 96 0 
583 785 65 0 
583 733 15 0 
583 604 23 0 
584 787 66 0 
584 750 9 0 
584 678 3 0 
585 744 58 0 
586 604 39 0 
586 591 62 0 
587 647 59 0 
587 628 35 0 
588 684 32 0 
589 760 68 0 
589 757 16 0 
590 799 66 0 
590 678 14 0 
593 790 85 0 
593 787 43 0 
594 726 44 0 
595 701 37 0 
596 650 55 0 
597 658 97 0 
600 736 82 0 
601 719 66 0 
603 782 73 0 
604 617 60 0 
605 761 83 0 
605 647 13 0 
606 715 26 0 
606 678 84 0 
606 643 95 0 
607 754 88 0 
608 754 27 0 
608 629 40 0 
610 706 65 0 
612 654 16 0 
612 642 48 0 
613 772 16 0 
617 734 34 0 
618 736 21 0 
619 646 82 0 
620 740 72 0 
620 734 37 0 
623 765 51 0 
624 689 69 0 
624 644 44 0 
625 795 48 0 
625 738 4 0 
625 640 49 0 
627 731 69 0 
628 631 33 0 
629 784 35 0 
629 645 58 0 
630 724 58 0 
632 782 10 0 
632 725 18 0 
633 696 16 0 
633 635 14 0 
634 789 64 0 
634 759 59 0 
635 769 65 0 
636 774 51 0 
637 755 42 0 
637 737 50 0 
637 653 50 0 
637 638 26 0 
638 740 69 0 
639 677 18 0 
643 786 59 0 
643 758 89 0 
644 663 69 0 
645 673 63 0 
646 720 49 0 
649 780 16 0 
653 751 15 0 
653 750 60 0 
653 677 57 0 
654 736 82 0 
655 697 8 0 
656 664 32 0 
658 799 80 0 
658 746 91 0 
661 751 51 0 
661 685 52 0 
663 688 86 0 
663 664 34 0 
664 796 56 0 
666 670 7 0 
667 739 39 0 
669 687 13 0 
671 795 51 0 
671 684 30 0 
672 701 31 0 
673 719 38 0 
673 702 66 0 
675 693 27 0 
676 759 90 0 
676 717 35 0 
677 721 38 0 
678 772 76 0 
681 764 52 0 
681 712 29 0 
682 766 47 0 
683 750 59 0 
683 741 53 0 
686 765 22 0 
686 721 23 0 
688 747 57 0 
692 771 77 0 
692 735 55 0 
693 782 69 0 
693 719 67 0 
695 740 12 0 
696 712 43 0 
697 732 20 0 
697 721 26 0 
702 786 45 0 
702 770 33 0 
702 706 101 0 
703 779 85 0 
705 730 43 0 
706 733 36 0 
708 789 16 0 
715 795 50 0 
716 724 26 0 
719 797 41 0 
726 786 19 0 
726 778 32 0 
726 750 45 0 
727 787 42 0 
729 796 59 0 
733 749 38 0 
734 781 20 0 
745 774 63 0 
747 782 33 0 
751 791 79 0 
754 784 52 0 
757 772 37 0 
760 774 52 0 
767 773 14 0 
795 799 31 0 
