#GRAPH (#nodes #edges id uu vv ww xx yy zz):
#800 4048 geo(0,{800,100,3,0.006,0.000,0.000}) 100 
#
VERTICES (index name u v w x y z):
0 0 38 43 
1 1 11 85 
2 2 58 5 
3 3 1 83 
4 4 97 70 
5 5 60 20 
6 6 1 38 
7 7 16 31 
8 8 70 51 
9 9 85 26 
10 10 92 75 
11 11 69 64 
12 12 69 91 
13 13 94 31 
14 14 4 65 
15 15 82 67 
16 16 94 30 
17 17 82 52 
18 18 67 51 
19 19 56 87 
20 20 9 70 
21 21 40 13 
22 22 50 76 
23 23 3 10 
24 24 39 81 
25 25 20 16 
26 26 51 76 
27 27 28 79 
28 28 39 84 
29 29 16 29 
30 30 12 39 
31 31 85 12 
32 32 56 10 
33 33 87 70 
34 34 44 23 
35 35 80 53 
36 36 19 6 
37 37 43 46 
38 38 72 82 
39 39 49 59 
40 40 4 27 
41 41 69 29 
42 42 64 41 
43 43 56 78 
44 44 1 19 
45 45 49 20 
46 46 46 86 
47 47 69 83 
48 48 94 5 
49 49 10 57 
50 50 9 10 
51 51 66 90 
52 52 15 90 
53 53 68 7 
54 54 49 89 
55 55 59 16 
56 56 77 63 
57 57 3 47 
58 58 5 18 
59 59 66 26 
60 60 76 35 
61 61 51 41 
62 62 67 93 
63 63 92 49 
64 64 14 30 
65 65 96 44 
66 66 27 87 
67 67 68 23 
68 68 55 53 
69 69 26 32 
70 70 21 23 
71 71 18 89 
72 72 41 65 
73 73 37 34 
74 74 24 81 
75 75 58 37 
76 76 71 79 
77 77 62 76 
78 78 86 5 
79 79 35 58 
80 80 70 29 
81 81 20 32 
82 82 20 81 
83 83 60 12 
84 84 78 32 
85 85 31 12 
86 86 62 88 
87 87 73 5 
88 88 34 79 
89 89 95 81 
90 90 72 9 
91 91 3 57 
92 92 68 39 
93 93 35 65 
94 94 69 26 
95 95 56 65 
96 96 33 19 
97 97 27 65 
98 98 81 4 
99 99 20 15 
100 100 80 38 
101 101 43 85 
102 102 11 22 
103 103 73 50 
104 104 37 1 
105 105 19 95 
106 106 54 69 
107 107 20 33 
108 108 52 61 
109 109 53 56 
110 110 90 62 
111 111 69 74 
112 112 33 99 
113 113 39 87 
114 114 70 84 
115 115 64 69 
116 116 42 9 
117 117 5 91 
118 118 51 66 
119 119 86 37 
120 120 25 7 
121 121 79 12 
122 122 91 46 
123 123 43 52 
124 124 47 6 
125 125 15 61 
126 126 68 9 
127 127 89 33 
128 128 66 69 
129 129 79 45 
130 130 58 72 
131 131 13 33 
132 132 83 99 
133 133 15 25 
134 134 76 36 
135 135 81 76 
136 136 73 21 
137 137 98 20 
138 138 36 59 
139 139 74 47 
140 140 20 74 
141 141 54 14 
142 142 64 49 
143 143 37 4 
144 144 66 20 
145 145 28 77 
146 146 93 84 
147 147 0 24 
148 148 36 32 
149 149 58 70 
150 150 26 10 
151 151 0 86 
152 152 2 98 
153 153 35 22 
154 154 27 35 
155 155 47 4 
156 156 10 86 
157 157 51 3 
158 158 12 57 
159 159 47 86 
160 160 10 84 
161 161 6 55 
162 162 13 66 
163 163 35 36 
164 164 74 94 
165 165 82 2 
166 166 34 62 
167 167 59 93 
168 168 94 3 
169 169 60 4 
170 170 86 97 
171 171 89 31 
172 172 19 69 
173 173 71 15 
174 174 41 37 
175 175 65 81 
176 176 94 90 
177 177 77 72 
178 178 61 27 
179 179 8 48 
180 180 18 86 
181 181 44 49 
182 182 0 65 
183 183 51 55 
184 184 52 90 
185 185 98 51 
186 186 46 32 
187 187 9 23 
188 188 90 87 
189 189 69 71 
190 190 17 9 
191 191 60 9 
192 192 6 20 
193 193 24 73 
194 194 57 30 
195 195 35 3 
196 196 80 64 
197 197 57 62 
198 198 68 3 
199 199 75 81 
200 200 75 87 
201 201 25 59 
202 202 85 25 
203 203 81 51 
204 204 50 58 
205 205 46 54 
206 206 41 11 
207 207 48 70 
208 208 60 59 
209 209 32 81 
210 210 27 13 
211 211 32 51 
212 212 53 28 
213 213 89 43 
214 214 80 89 
215 215 46 5 
216 216 46 95 
217 217 58 12 
218 218 45 81 
219 219 1 6 
220 220 67 68 
221 221 55 19 
222 222 86 86 
223 223 23 1 
224 224 85 18 
225 225 10 3 
226 226 52 68 
227 227 77 33 
228 228 89 74 
229 229 61 53 
230 230 64 61 
231 231 74 13 
232 232 96 54 
233 233 63 19 
234 234 63 50 
235 235 14 51 
236 236 85 83 
237 237 3 4 
238 238 27 79 
239 239 10 27 
240 240 42 60 
241 241 19 93 
242 242 53 20 
243 243 25 37 
244 244 10 40 
245 245 91 70 
246 246 48 98 
247 247 56 9 
248 248 22 49 
249 249 78 23 
250 250 86 1 
251 251 89 26 
252 252 34 29 
253 253 24 87 
254 254 36 74 
255 255 28 9 
256 256 33 66 
257 257 5 50 
258 258 91 59 
259 259 61 0 
260 260 19 76 
261 261 26 23 
262 262 90 17 
263 263 97 44 
264 264 92 91 
265 265 44 24 
266 266 86 91 
267 267 34 99 
268 268 33 96 
269 269 56 24 
270 270 70 37 
271 271 93 11 
272 272 48 35 
273 273 72 91 
274 274 61 16 
275 275 86 7 
276 276 60 84 
277 277 35 86 
278 278 41 51 
279 279 74 20 
280 280 8 5 
281 281 12 1 
282 282 15 21 
283 283 47 28 
284 284 70 89 
285 285 41 45 
286 286 57 16 
287 287 32 93 
288 288 46 4 
289 289 23 36 
290 290 62 11 
291 291 8 60 
292 292 33 80 
293 293 76 62 
294 294 71 16 
295 295 35 16 
296 296 57 46 
297 297 50 93 
298 298 16 26 
299 299 30 70 
300 300 48 2 
301 301 55 34 
302 302 96 72 
303 303 54 78 
304 304 76 65 
305 305 61 88 
306 306 15 24 
307 307 87 48 
308 308 43 22 
309 309 85 85 
310 310 86 38 
311 311 48 91 
312 312 6 53 
313 313 75 68 
314 314 91 23 
315 315 61 17 
316 316 22 31 
317 317 39 16 
318 318 52 94 
319 319 34 55 
320 320 84 54 
321 321 52 56 
322 322 7 67 
323 323 68 89 
324 324 87 41 
325 325 29 3 
326 326 93 87 
327 327 50 91 
328 328 86 2 
329 329 89 60 
330 330 10 91 
331 331 70 16 
332 332 87 31 
333 333 25 27 
334 334 87 29 
335 335 78 20 
336 336 68 98 
337 337 93 0 
338 338 49 83 
339 339 3 88 
340 340 84 2 
341 341 32 89 
342 342 56 70 
343 343 47 17 
344 344 64 81 
345 345 61 35 
346 346 12 4 
347 347 7 66 
348 348 70 98 
349 349 98 54 
350 350 4 92 
351 351 65 3 
352 352 39 7 
353 353 85 81 
354 354 75 69 
355 355 17 35 
356 356 30 1 
357 357 42 49 
358 358 90 96 
359 359 97 41 
360 360 91 33 
361 361 22 51 
362 362 31 62 
363 363 57 99 
364 364 15 74 
365 365 17 6 
366 366 1 43 
367 367 36 47 
368 368 57 64 
369 369 52 18 
370 370 14 36 
371 371 60 8 
372 372 42 92 
373 373 7 75 
374 374 37 54 
375 375 89 42 
376 376 85 75 
377 377 14 45 
378 378 35 89 
379 379 14 33 
380 380 32 92 
381 381 66 29 
382 382 69 53 
383 383 41 20 
384 384 97 80 
385 385 77 64 
386 386 57 4 
387 387 69 42 
388 388 90 83 
389 389 12 65 
390 390 19 7 
391 391 21 54 
392 392 92 28 
393 393 11 73 
394 394 29 47 
395 395 89 44 
396 396 42 6 
397 397 96 86 
398 398 76 28 
399 399 9 96 
400 400 50 92 
401 401 80 8 
402 402 1 63 
403 403 62 21 
404 404 80 63 
405 405 18 58 
406 406 23 8 
407 407 76 8 
408 408 40 22 
409 409 44 77 
410 410 16 27 
411 411 14 41 
412 412 4 97 
413 413 62 25 
414 414 99 89 
415 415 80 76 
416 416 58 36 
417 417 48 62 
418 418 33 13 
419 419 67 96 
420 420 29 18 
421 421 10 20 
422 422 28 94 
423 423 61 29 
424 424 93 15 
425 425 77 52 
426 426 43 1 
427 427 3 84 
428 428 7 31 
429 429 7 7 
430 430 21 79 
431 431 9 63 
432 432 92 11 
433 433 85 69 
434 434 64 96 
435 435 45 15 
436 436 93 97 
437 437 36 72 
438 438 85 8 
439 439 93 66 
440 440 33 97 
441 441 49 95 
442 442 83 41 
443 443 65 17 
444 444 73 38 
445 445 54 1 
446 446 14 34 
447 447 91 73 
448 448 55 87 
449 449 84 77 
450 450 17 64 
451 451 43 18 
452 452 80 61 
453 453 8 52 
454 454 54 87 
455 455 11 89 
456 456 63 10 
457 457 8 80 
458 458 47 33 
459 459 5 4 
460 460 11 23 
461 461 36 99 
462 462 77 97 
463 463 34 75 
464 464 92 39 
465 465 95 64 
466 466 21 18 
467 467 68 97 
468 468 65 60 
469 469 23 57 
470 470 14 17 
471 471 65 41 
472 472 4 8 
473 473 66 3 
474 474 42 82 
475 475 18 49 
476 476 92 74 
477 477 6 82 
478 478 98 32 
479 479 29 93 
480 480 30 23 
481 481 18 56 
482 482 73 61 
483 483 97 6 
484 484 16 88 
485 485 31 73 
486 486 85 91 
487 487 6 9 
488 488 68 96 
489 489 69 3 
490 490 37 31 
491 491 62 40 
492 492 6 13 
493 493 45 67 
494 494 29 28 
495 495 74 42 
496 496 18 67 
497 497 49 3 
498 498 15 60 
499 499 54 98 
500 500 22 82 
501 501 98 31 
502 502 51 49 
503 503 78 29 
504 504 96 85 
505 505 83 59 
506 506 22 62 
507 507 56 76 
508 508 79 25 
509 509 25 3 
510 510 67 86 
511 511 78 31 
512 512 71 96 
513 513 73 35 
514 514 5 2 
515 515 26 92 
516 516 96 82 
517 517 77 48 
518 518 12 89 
519 519 73 80 
520 520 44 82 
521 521 2 20 
522 522 11 6 
523 523 15 31 
524 524 0 18 
525 525 83 28 
526 526 1 98 
527 527 11 65 
528 528 23 91 
529 529 53 57 
530 530 23 72 
531 531 0 66 
532 532 22 87 
533 533 60 36 
534 534 13 4 
535 535 47 18 
536 536 20 93 
537 537 96 28 
538 538 18 77 
539 539 43 58 
540 540 35 37 
541 541 86 10 
542 542 11 55 
543 543 16 97 
544 544 75 71 
545 545 51 12 
546 546 38 49 
547 547 15 79 
548 548 45 78 
549 549 81 67 
550 550 39 19 
551 551 61 23 
552 552 3 11 
553 553 69 89 
554 554 14 53 
555 555 45 82 
556 556 99 99 
557 557 16 66 
558 558 64 50 
559 559 82 58 
560 560 73 55 
561 561 37 16 
562 562 37 92 
563 563 93 78 
564 564 43 0 
565 565 11 62 
566 566 85 77 
567 567 99 48 
568 568 18 19 
569 569 9 60 
570 570 79 67 
571 571 75 62 
572 572 72 77 
573 573 99 0 
574 574 52 83 
575 575 31 32 
576 576 9 93 
577 577 21 58 
578 578 38 86 
579 579 92 40 
580 580 94 56 
581 581 96 37 
582 582 88 61 
583 583 98 15 
584 584 75 59 
585 585 7 61 
586 586 17 36 
587 587 49 58 
588 588 98 3 
589 589 33 65 
590 590 67 94 
591 591 87 79 
592 592 87 58 
593 593 66 0 
594 594 42 77 
595 595 41 90 
596 596 43 55 
597 597 25 61 
598 598 16 44 
599 599 99 38 
600 600 43 21 
601 601 23 6 
602 602 38 89 
603 603 82 66 
604 604 77 32 
605 605 19 89 
606 606 57 96 
607 607 67 17 
608 608 0 38 
609 609 84 56 
610 610 84 93 
611 611 37 88 
612 612 37 49 
613 613 6 63 
614 614 20 49 
615 615 4 74 
616 616 62 74 
617 617 85 31 
618 618 75 67 
619 619 52 59 
620 620 32 1 
621 621 88 63 
622 622 97 76 
623 623 80 2 
624 624 64 22 
625 625 98 42 
626 626 40 61 
627 627 58 28 
628 628 32 61 
629 629 42 56 
630 630 83 47 
631 631 48 31 
632 632 93 40 
633 633 50 47 
634 634 30 67 
635 635 23 23 
636 636 45 94 
637 637 98 82 
638 638 11 76 
639 639 33 10 
640 640 64 30 
641 641 54 83 
642 642 73 65 
643 643 65 85 
644 644 93 42 
645 645 90 13 
646 646 98 17 
647 647 91 82 
648 648 11 20 
649 649 16 67 
650 650 34 18 
651 651 59 49 
652 652 68 21 
653 653 1 20 
654 654 14 90 
655 655 22 58 
656 656 69 67 
657 657 3 19 
658 658 20 63 
659 659 15 64 
660 660 39 44 
661 661 54 31 
662 662 8 70 
663 663 2 9 
664 664 60 11 
665 665 60 70 
666 666 90 93 
667 667 25 38 
668 668 11 17 
669 669 81 23 
670 670 77 95 
671 671 2 10 
672 672 71 60 
673 673 15 56 
674 674 12 88 
675 675 42 37 
676 676 74 79 
677 677 27 8 
678 678 9 73 
679 679 51 80 
680 680 26 56 
681 681 84 42 
682 682 56 46 
683 683 88 80 
684 684 42 38 
685 685 2 35 
686 686 70 21 
687 687 22 74 
688 688 94 85 
689 689 40 74 
690 690 9 34 
691 691 46 88 
692 692 43 93 
693 693 82 24 
694 694 18 1 
695 695 27 25 
696 696 44 30 
697 697 70 52 
698 698 41 94 
699 699 3 36 
700 700 98 85 
701 701 69 78 
702 702 82 40 
703 703 57 43 
704 704 94 88 
705 705 29 42 
706 706 18 10 
707 707 38 4 
708 708 79 47 
709 709 17 25 
710 710 5 79 
711 711 6 75 
712 712 19 12 
713 713 3 34 
714 714 70 32 
715 715 62 69 
716 716 92 9 
717 717 62 64 
718 718 66 28 
719 719 63 9 
720 720 46 60 
721 721 51 40 
722 722 59 76 
723 723 22 25 
724 724 96 71 
725 725 1 70 
726 726 32 2 
727 727 7 21 
728 728 57 23 
729 729 57 17 
730 730 88 15 
731 731 15 96 
732 732 3 15 
733 733 22 4 
734 734 19 42 
735 735 78 16 
736 736 98 80 
737 737 83 76 
738 738 53 15 
739 739 71 9 
740 740 31 34 
741 741 34 25 
742 742 48 14 
743 743 27 70 
744 744 7 23 
745 745 82 23 
746 746 20 27 
747 747 59 42 
748 748 19 1 
749 749 98 16 
750 750 55 58 
751 751 53 55 
752 752 9 61 
753 753 8 97 
754 754 38 41 
755 755 24 94 
756 756 83 19 
757 757 49 9 
758 758 69 58 
759 759 78 54 
760 760 29 43 
761 761 65 25 
762 762 93 94 
763 763 13 60 
764 764 33 64 
765 765 55 54 
766 766 13 84 
767 767 14 13 
768 768 83 61 
769 769 64 24 
770 770 2 31 
771 771 22 39 
772 772 51 64 
773 773 31 55 
774 774 82 89 
775 775 28 32 
776 776 74 53 
777 777 79 63 
778 778 30 86 
779 779 57 66 
780 780 15 67 
781 781 73 76 
782 782 20 28 
783 783 13 91 
784 784 75 35 
785 785 24 64 
786 786 87 3 
787 787 18 75 
788 788 11 86 
789 789 85 42 
790 790 94 64 
791 791 94 73 
792 792 37 89 
793 793 41 60 
794 794 46 53 
795 795 91 18 
796 796 88 60 
797 797 90 97 
798 798 69 24 
799 799 58 99 
#
EDGES (from-node to-node length a b):
0 756 51 0 
0 686 39 0 
0 680 18 0 
0 246 56 0 
0 139 36 0 
0 45 25 0 
1 780 18 0 
1 749 111 0 
1 636 35 0 
1 626 38 0 
1 500 11 0 
1 413 79 0 
1 389 20 0 
1 116 82 0 
2 574 78 0 
2 237 55 0 
2 61 37 0 
3 690 50 0 
3 659 24 0 
3 37 56 0 
4 606 48 0 
4 483 64 0 
4 391 78 0 
4 373 90 0 
5 712 42 0 
5 702 30 0 
5 678 74 0 
5 199 63 0 
6 738 57 0 
6 644 92 0 
6 595 66 0 
6 443 67 0 
6 284 86 0 
6 275 90 0 
7 641 64 0 
7 606 77 0 
7 596 36 0 
7 192 15 0 
8 770 71 0 
8 683 34 0 
8 659 57 0 
8 586 55 0 
8 481 52 0 
8 335 32 0 
9 788 95 0 
9 742 39 0 
9 639 54 0 
9 255 59 0 
9 166 62 0 
9 138 59 0 
10 794 51 0 
10 791 3 0 
10 535 73 0 
10 505 18 0 
10 365 102 0 
10 169 78 0 
11 709 65 0 
11 650 58 0 
11 393 59 0 
11 220 4 0 
11 143 68 0 
11 77 14 0 
12 668 94 0 
12 620 97 0 
12 399 60 0 
12 397 27 0 
12 102 90 0 
13 768 32 0 
13 720 56 0 
13 659 86 0 
13 523 79 0 
13 501 4 0 
13 494 65 0 
13 208 44 0 
13 83 39 0 
13 54 73 0 
14 714 74 0 
14 640 69 0 
14 529 50 0 
14 488 71 0 
14 473 88 0 
14 368 53 0 
14 365 60 0 
14 41 74 0 
15 558 25 0 
15 537 41 0 
15 417 34 0 
15 332 36 0 
15 164 28 0 
15 137 50 0 
16 690 85 0 
16 465 34 0 
16 196 37 0 
16 114 59 0 
17 641 42 0 
17 530 62 0 
17 283 42 0 
17 40 82 0 
18 757 46 0 
18 642 15 0 
18 464 28 0 
18 335 33 0 
18 275 48 0 
18 263 31 0 
18 257 62 0 
18 212 27 0 
18 194 23 0 
19 769 64 0 
19 612 42 0 
19 454 2 0 
19 359 62 0 
19 265 64 0 
19 72 27 0 
19 59 62 0 
19 33 35 0 
20 649 8 0 
20 562 36 0 
20 212 61 0 
20 122 85 0 
20 42 62 0 
20 23 60 0 
21 692 80 0 
21 628 49 0 
21 477 77 0 
21 454 75 0 
21 332 50 0 
21 292 67 0 
21 198 30 0 
21 165 43 0 
21 70 21 0 
21 38 76 0 
22 713 63 0 
22 351 75 0 
22 215 71 0 
23 747 64 0 
23 688 118 0 
23 526 88 0 
23 458 50 0 
23 423 61 0 
23 371 57 0 
23 179 38 0 
23 72 67 0 
24 369 64 0 
24 357 32 0 
24 93 16 0 
25 733 12 0 
25 635 8 0 
25 604 59 0 
25 550 19 0 
25 517 65 0 
25 156 71 0 
25 45 29 0 
26 693 61 0 
26 637 47 0 
26 628 24 0 
26 499 22 0 
26 397 46 0 
26 290 66 0 
26 284 23 0 
26 210 67 0 
26 209 20 0 
26 107 53 0 
27 768 58 0 
27 94 67 0 
28 721 46 0 
28 648 70 0 
28 618 40 0 
28 292 7 0 
29 784 59 0 
29 337 82 0 
29 155 40 0 
29 122 77 0 
29 94 53 0 
30 656 64 0 
30 135 78 0 
31 634 78 0 
31 391 77 0 
31 344 72 0 
31 184 85 0 
32 620 26 0 
32 615 82 0 
32 573 44 0 
32 506 62 0 
32 41 23 0 
34 716 50 0 
34 543 79 0 
34 522 37 0 
34 306 29 0 
34 303 56 0 
34 268 74 0 
34 256 44 0 
35 688 35 0 
35 462 44 0 
35 454 43 0 
35 447 23 0 
35 316 62 0 
36 789 75 0 
36 594 75 0 
36 500 76 0 
36 449 96 0 
36 447 98 0 
36 430 73 0 
36 416 49 0 
36 379 27 0 
36 333 22 0 
36 284 97 0 
36 203 77 0 
37 785 26 0 
37 438 57 0 
37 316 26 0 
37 206 35 0 
37 90 47 0 
38 669 60 0 
38 262 67 0 
38 252 65 0 
38 236 13 0 
38 207 27 0 
38 176 23 0 
38 162 61 0 
39 516 52 0 
39 423 32 0 
39 329 40 0 
39 138 13 0 
40 779 66 0 
40 538 52 0 
40 509 32 0 
40 502 52 0 
40 283 43 0 
40 131 11 0 
41 710 81 0 
41 459 69 0 
41 266 64 0 
41 149 42 0 
41 55 16 0 
42 634 43 0 
42 372 56 0 
42 47 42 0 
43 458 46 0 
43 416 42 0 
43 92 41 0 
44 715 79 0 
44 691 82 0 
44 389 47 0 
44 178 61 0 
45 721 20 0 
45 601 30 0 
45 148 18 0 
46 799 18 0 
46 652 69 0 
46 408 64 0 
46 113 7 0 
47 651 35 0 
47 622 29 0 
47 314 64 0 
48 764 85 0 
48 547 108 0 
48 157 43 0 
48 54 95 0 
49 690 23 0 
49 676 68 0 
49 489 80 0 
49 401 85 0 
49 108 42 0 
50 685 26 0 
50 622 110 0 
50 523 22 0 
50 438 76 0 
50 424 84 0 
50 65 93 0 
51 680 52 0 
51 498 59 0 
51 362 45 0 
51 186 61 0 
51 100 54 0 
52 386 96 0 
52 139 73 0 
52 85 80 0 
53 794 51 0 
53 656 60 0 
53 435 24 0 
53 366 76 0 
53 323 82 0 
53 289 54 0 
53 218 77 0 
53 205 52 0 
53 186 33 0 
54 708 52 0 
54 576 40 0 
54 200 26 0 
54 140 33 0 
55 799 83 0 
55 738 6 0 
55 606 80 0 
55 433 59 0 
56 534 87 0 
56 345 32 0 
56 286 51 0 
56 165 61 0 
56 159 38 0 
57 780 23 0 
57 658 23 0 
58 545 46 0 
58 487 9 0 
58 453 34 0 
58 85 27 0 
59 702 21 0 
59 653 65 0 
59 387 16 0 
59 348 72 0 
60 797 64 0 
60 757 37 0 
60 751 30 0 
60 438 28 0 
60 192 72 0 
60 80 8 0 
61 779 26 0 
61 713 49 0 
61 250 53 0 
62 630 49 0 
62 497 92 0 
62 462 11 0 
62 363 12 0 
62 77 18 0 
63 699 90 0 
63 669 28 0 
63 668 87 0 
63 495 19 0 
63 459 98 0 
63 355 76 0 
63 114 41 0 
64 553 81 0 
64 494 15 0 
64 491 49 0 
64 472 24 0 
64 466 14 0 
64 399 66 0 
64 318 74 0 
64 290 52 0 
64 269 42 0 
65 732 97 0 
65 480 69 0 
65 363 67 0 
65 302 28 0 
65 272 49 0 
65 103 24 0 
66 611 10 0 
66 346 84 0 
66 298 62 0 
67 723 46 0 
67 581 31 0 
67 549 46 0 
67 509 47 0 
67 455 87 0 
68 672 17 0 
68 668 57 0 
68 357 14 0 
69 747 34 0 
69 535 25 0 
69 172 38 0 
69 148 10 0 
69 93 34 0 
70 428 16 0 
70 189 68 0 
70 71 66 0 
71 752 29 0 
71 736 81 0 
71 603 68 0 
71 535 77 0 
71 300 92 0 
71 252 62 0 
71 192 70 0 
72 574 21 0 
72 313 34 0 
73 555 49 0 
73 510 60 0 
73 82 50 0 
74 724 73 0 
74 624 71 0 
74 605 9 0 
74 602 16 0 
74 566 61 0 
74 430 4 0 
74 342 34 0 
74 317 67 0 
74 316 50 0 
74 308 62 0 
74 141 73 0 
75 780 52 0 
75 698 59 0 
75 427 72 0 
75 344 44 0 
75 147 59 0 
75 94 16 0 
76 772 25 0 
76 739 70 0 
76 605 53 0 
76 378 37 0 
76 93 39 0 
77 722 3 0 
77 536 45 0 
77 433 24 0 
77 330 54 0 
77 176 35 0 
78 702 35 0 
78 597 83 0 
79 700 69 0 
79 651 26 0 
79 559 47 0 
79 411 27 0 
79 278 9 0 
79 180 33 0 
81 766 52 0 
81 549 70 0 
81 171 69 0 
82 555 25 0 
82 232 81 0 
83 564 21 0 
83 344 69 0 
83 256 60 0 
84 796 30 0 
84 708 15 0 
84 587 39 0 
84 525 6 0 
84 304 33 0 
84 238 69 0 
84 171 11 0 
84 147 78 0 
84 92 12 0 
85 580 77 0 
86 730 77 0 
86 488 10 0 
86 398 62 0 
86 292 30 0 
86 189 18 0 
87 555 82 0 
87 504 83 0 
87 483 24 0 
87 256 73 0 
88 107 48 0 
89 491 53 0 
89 239 101 0 
90 750 52 0 
90 474 79 0 
90 203 43 0 
91 740 36 0 
91 696 49 0 
91 340 98 0 
91 165 96 0 
91 108 49 0 
92 505 25 0 
92 323 50 0 
92 310 18 0 
93 712 55 0 
93 624 52 0 
93 606 38 0 
93 244 35 0 
93 122 59 0 
94 675 29 0 
94 609 34 0 
94 575 38 0 
94 568 51 0 
94 316 47 0 
95 789 37 0 
95 735 54 0 
95 678 48 0 
95 159 23 0 
95 120 66 0 
96 678 59 0 
96 676 73 0 
96 673 41 0 
96 663 33 0 
96 539 40 0 
96 387 43 0 
97 785 3 0 
97 647 66 0 
97 418 52 0 
97 415 54 0 
97 396 61 0 
97 259 73 0 
97 127 70 0 
97 102 46 0 
98 759 50 0 
98 546 62 0 
98 538 96 0 
98 470 68 0 
98 158 87 0 
98 140 93 0 
99 701 80 0 
99 531 55 0 
100 714 12 0 
100 661 27 0 
100 276 50 0 
100 273 54 0 
100 232 23 0 
101 787 27 0 
101 513 58 0 
101 362 26 0 
101 347 41 0 
101 115 26 0 
102 773 39 0 
102 736 105 0 
102 594 63 0 
102 532 66 0 
102 501 87 0 
102 292 62 0 
102 202 74 0 
103 272 29 0 
103 250 51 0 
104 613 69 0 
104 608 52 0 
104 601 15 0 
104 512 101 0 
104 238 79 0 
104 201 59 0 
105 612 49 0 
105 528 6 0 
105 296 62 0 
105 119 89 0 
106 621 35 0 
106 252 45 0 
106 251 55 0 
106 207 6 0 
107 750 43 0 
107 282 13 0 
107 267 67 0 
107 120 26 0 
108 756 52 0 
108 707 59 0 
108 635 48 0 
108 401 60 0 
108 152 62 0 
108 119 42 0 
109 755 48 0 
109 585 46 0 
109 473 55 0 
109 409 23 0 
109 257 48 0 
109 169 52 0 
110 745 40 0 
110 733 89 0 
110 698 59 0 
110 456 59 0 
110 419 41 0 
110 402 89 0 
110 378 61 0 
111 521 86 0 
111 400 26 0 
111 134 39 0 
112 440 2 0 
112 302 69 0 
113 449 46 0 
113 184 13 0 
113 123 35 0 
114 656 17 0 
114 530 49 0 
114 368 24 0 
114 209 38 0 
115 768 21 0 
115 621 25 0 
115 550 56 0 
115 447 27 0 
115 408 53 0 
115 380 39 0 
116 733 21 0 
116 687 68 0 
116 635 24 0 
116 520 73 0 
116 194 26 0 
117 701 65 0 
117 565 30 0 
118 645 66 0 
118 553 29 0 
118 481 34 0 
118 387 30 0 
118 321 10 0 
118 312 47 0 
118 306 55 0 
119 443 29 0 
119 225 83 0 
119 222 49 0 
119 134 10 0 
120 710 75 0 
120 699 36 0 
120 515 85 0 
120 160 78 0 
121 622 66 0 
121 611 87 0 
121 378 89 0 
121 314 16 0 
121 231 5 0 
121 205 53 0 
122 739 42 0 
122 715 37 0 
122 660 52 0 
122 512 54 0 
122 462 53 0 
122 131 79 0 
123 539 6 0 
123 511 41 0 
123 423 29 0 
123 176 64 0 
124 412 101 0 
125 681 72 0 
125 658 5 0 
125 571 60 0 
125 237 58 0 
125 176 84 0 
126 710 94 0 
126 691 82 0 
126 617 28 0 
126 598 63 0 
126 498 74 0 
126 493 62 0 
126 430 84 0 
126 423 21 0 
126 211 55 0 
127 573 34 0 
127 483 28 0 
127 472 89 0 
127 411 75 0 
127 273 60 0 
127 162 83 0 
127 134 13 0 
128 331 53 0 
129 735 29 0 
129 457 79 0 
129 429 81 0 
129 318 56 0 
130 670 30 0 
130 610 33 0 
130 550 56 0 
130 420 61 0 
131 712 22 0 
131 685 11 0 
131 571 68 0 
131 497 47 0 
131 398 63 0 
132 393 77 0 
132 286 87 0 
133 533 46 0 
133 506 38 0 
133 449 86 0 
134 782 57 0 
134 753 91 0 
134 619 33 0 
134 332 12 0 
134 327 61 0 
134 289 53 0 
135 694 98 0 
135 643 18 0 
135 563 12 0 
135 449 3 0 
135 357 47 0 
136 281 64 0 
136 246 81 0 
137 749 4 0 
137 738 45 0 
137 723 76 0 
138 305 38 0 
139 627 25 0 
139 579 19 0 
139 256 45 0 
139 220 22 0 
140 660 36 0 
140 568 55 0 
140 366 36 0 
140 351 84 0 
140 302 76 0 
140 143 72 0 
141 605 83 0 
141 486 83 0 
141 440 86 0 
141 330 89 0 
141 287 82 0 
142 479 56 0 
142 464 30 0 
142 256 35 0 
142 227 21 0 
142 152 79 0 
143 514 32 0 
143 500 79 0 
143 161 60 0 
144 768 44 0 
144 490 31 0 
144 427 90 0 
144 275 24 0 
144 257 68 0 
145 693 76 0 
145 185 75 0 
146 712 103 0 
146 657 111 0 
146 432 73 0 
146 281 116 0 
147 736 113 0 
147 630 86 0 
147 439 102 0 
147 353 102 0 
147 262 90 0 
148 797 85 0 
148 442 48 0 
148 272 12 0 
148 167 65 0 
149 355 54 0 
149 157 67 0 
150 424 67 0 
150 409 69 0 
150 359 77 0 
150 340 59 0 
150 284 90 0 
150 197 61 0 
151 428 55 0 
151 368 61 0 
151 178 85 0 
152 543 14 0 
152 511 101 0 
152 333 75 0 
152 273 70 0 
153 305 71 0 
154 596 26 0 
155 781 77 0 
155 642 66 0 
155 566 82 0 
155 467 95 0 
155 279 31 0 
155 270 40 0 
155 200 88 0 
156 640 78 0 
156 471 71 0 
156 206 81 0 
156 202 97 0 
156 164 64 0 
157 396 9 0 
157 215 5 0 
157 182 80 0 
158 545 60 0 
158 444 64 0 
159 759 45 0 
159 555 4 0 
160 739 97 0 
161 764 28 0 
161 686 72 0 
161 436 97 0 
161 331 75 0 
162 483 103 0 
162 417 35 0 
163 784 40 0 
163 706 31 0 
163 574 50 0 
163 436 84 0 
163 353 67 0 
163 234 31 0 
163 204 27 0 
164 793 47 0 
164 645 83 0 
164 634 52 0 
164 622 29 0 
164 465 37 0 
164 294 78 0 
164 181 54 0 
165 605 107 0 
165 554 85 0 
165 471 43 0 
165 395 43 0 
165 387 42 0 
165 301 42 0 
165 244 81 0 
166 628 2 0 
166 612 13 0 
166 215 58 0 
166 205 14 0 
167 771 65 0 
167 760 58 0 
167 363 6 0 
167 294 78 0 
168 797 94 0 
168 531 113 0 
168 438 10 0 
169 723 43 0 
169 672 57 0 
169 656 64 0 
169 252 36 0 
170 635 97 0 
171 634 69 0 
171 491 28 0 
171 370 75 0 
171 222 55 0 
171 213 12 0 
172 720 28 0 
172 494 42 0 
172 433 66 0 
173 512 81 0 
173 487 65 0 
173 430 81 0 
173 254 69 0 
174 724 65 0 
174 653 43 0 
174 646 60 0 
174 632 52 0 
174 558 26 0 
174 417 26 0 
175 589 36 0 
175 565 57 0 
175 461 34 0 
176 785 75 0 
176 561 93 0 
176 497 98 0 
176 311 46 0 
176 199 21 0 
177 736 22 0 
177 673 64 0 
177 404 9 0 
177 311 35 0 
178 442 26 0 
179 736 96 0 
179 536 47 0 
179 415 77 0 
179 353 84 0 
179 293 69 0 
180 741 63 0 
180 658 23 0 
180 572 55 0 
180 529 45 0 
180 450 22 0 
180 385 63 0 
180 247 86 0 
180 182 28 0 
181 734 26 0 
181 678 42 0 
181 612 7 0 
181 539 9 0 
181 524 54 0 
181 435 34 0 
181 337 69 0 
182 635 48 0 
182 419 74 0 
182 325 68 0 
182 288 76 0 
182 186 57 0 
183 767 56 0 
183 654 51 0 
183 550 38 0 
183 545 43 0 
183 381 30 0 
183 296 11 0 
183 189 24 0 
184 450 44 0 
184 338 8 0 
184 290 80 0 
184 227 62 0 
185 791 22 0 
185 716 42 0 
185 670 49 0 
185 527 88 0 
185 456 54 0 
185 214 42 0 
186 691 56 0 
186 641 52 0 
186 565 46 0 
186 399 74 0 
187 620 32 0 
187 611 71 0 
187 450 42 0 
188 785 70 0 
188 707 98 0 
188 438 79 0 
189 707 74 0 
189 679 20 0 
189 524 87 0 
189 400 28 0 
189 208 15 0 
190 785 55 0 
190 718 53 0 
190 352 22 0 
191 781 68 0 
191 266 86 0 
192 698 82 0 
192 654 70 0 
192 518 69 0 
192 502 54 0 
192 490 33 0 
192 436 116 0 
192 398 70 0 
192 306 10 0 
193 620 72 0 
194 561 24 0 
195 736 99 0 
195 604 51 0 
195 500 80 0 
195 303 77 0 
195 264 105 0 
195 252 26 0 
196 723 70 0 
196 503 35 0 
196 454 35 0 
196 245 13 0 
197 598 45 0 
197 515 43 0 
197 434 35 0 
197 267 44 0 
197 214 35 0 
198 711 95 0 
198 682 45 0 
198 265 32 0 
198 254 78 0 
198 220 65 0 
198 209 86 0 
199 765 34 0 
199 728 61 0 
199 712 89 0 
200 683 15 0 
200 637 24 0 
200 592 31 0 
200 547 61 0 
200 493 36 0 
200 455 64 0 
201 695 34 0 
201 526 46 0 
201 244 24 0 
202 768 36 0 
202 676 55 0 
202 535 39 0 
202 444 18 0 
202 314 6 0 
202 240 55 0 
203 592 9 0 
203 444 15 0 
204 689 19 0 
204 444 30 0 
204 253 39 0 
205 736 58 0 
205 608 49 0 
205 498 32 0 
205 329 43 0 
205 313 32 0 
205 295 40 0 
205 220 25 0 
206 793 49 0 
206 758 55 0 
206 667 31 0 
206 640 30 0 
206 538 70 0 
206 536 85 0 
206 401 39 0 
207 643 23 0 
207 636 24 0 
207 541 71 0 
207 430 28 0 
208 678 53 0 
208 414 49 0 
208 305 29 0 
208 279 41 0 
209 602 10 0 
209 583 93 0 
209 477 26 0 
210 626 50 0 
210 507 69 0 
210 348 95 0 
211 706 43 0 
211 595 40 0 
211 479 42 0 
211 238 28 0 
212 621 49 0 
212 267 73 0 
212 263 47 0 
212 244 45 0 
213 428 83 0 
214 690 90 0 
214 673 73 0 
214 605 61 0 
215 686 29 0 
215 665 66 0 
215 577 59 0 
215 420 21 0 
216 734 59 0 
217 730 30 0 
217 504 82 0 
217 339 94 0 
218 634 21 0 
218 631 50 0 
218 565 39 0 
218 555 1 0 
218 407 79 0 
218 357 32 0 
219 313 97 0 
220 727 76 0 
220 535 54 0 
220 254 32 0 
221 793 43 0 
221 703 24 0 
221 664 9 0 
221 598 46 0 
221 386 15 0 
222 646 70 0 
222 444 50 0 
222 394 69 0 
222 350 82 0 
223 468 72 0 
223 272 42 0 
224 427 105 0 
224 299 76 0 
225 739 61 0 
225 375 88 0 
225 274 53 0 
225 254 76 0 
226 655 32 0 
226 502 19 0 
226 473 66 0 
226 440 35 0 
226 422 35 0 
226 360 52 0 
226 344 18 0 
227 777 30 0 
227 761 14 0 
227 670 62 0 
227 552 77 0 
227 256 55 0 
227 244 67 0 
228 727 98 0 
228 665 29 0 
228 531 89 0 
228 376 4 0 
228 278 53 0 
229 653 68 0 
229 620 60 0 
229 492 68 0 
229 368 12 0 
229 246 47 0 
230 720 18 0 
230 558 11 0 
230 537 46 0 
230 474 30 0 
230 427 65 0 
230 331 45 0 
230 304 13 0 
231 698 87 0 
231 396 33 0 
231 272 34 0 
231 244 69 0 
232 708 18 0 
232 476 20 0 
232 361 74 0 
232 249 36 0 
232 236 31 0 
233 718 9 0 
233 568 45 0 
234 798 27 0 
234 692 47 0 
235 550 41 0 
236 667 75 0 
237 693 81 0 
238 651 44 0 
238 649 16 0 
238 558 47 0 
238 272 49 0 
239 756 73 0 
239 737 88 0 
239 252 24 0 
240 642 31 0 
240 509 59 0 
240 445 60 0 
241 643 47 0 
241 398 86 0 
241 307 82 0 
242 722 56 0 
242 651 30 0 
242 590 75 0 
242 355 39 0 
243 750 37 0 
243 639 28 0 
243 600 24 0 
243 542 23 0 
243 408 21 0 
243 278 21 0 
243 265 23 0 
245 367 60 0 
245 328 68 0 
246 473 97 0 
246 428 79 0 
246 371 91 0 
247 799 90 0 
247 578 79 0 
247 540 35 0 
248 740 17 0 
248 702 61 0 
248 531 28 0 
248 465 75 0 
248 415 64 0 
249 785 68 0 
249 750 42 0 
249 575 48 0 
249 395 24 0 
250 751 63 0 
250 630 46 0 
251 519 56 0 
251 408 49 0 
251 341 85 0 
252 739 42 0 
252 676 64 0 
252 674 63 0 
252 255 21 0 
253 778 6 0 
253 554 35 0 
253 553 45 0 
253 400 26 0 
254 788 28 0 
254 559 49 0 
254 446 46 0 
254 311 21 0 
255 766 76 0 
255 515 83 0 
256 732 59 0 
256 646 81 0 
256 557 17 0 
256 459 68 0 
256 436 68 0 
257 787 28 0 
257 526 48 0 
257 497 64 0 
258 734 74 0 
258 651 34 0 
258 630 14 0 
258 382 23 0 
259 533 36 0 
260 378 21 0 
261 784 50 0 
261 725 53 0 
261 342 56 0 
262 711 102 0 
262 539 62 0 
262 486 74 0 
262 355 75 0 
263 784 24 0 
263 379 84 0 
263 298 83 0 
264 645 78 0 
265 469 39 0 
266 679 37 0 
266 620 105 0 
266 371 87 0 
267 451 81 0 
268 405 41 0 
268 276 30 0 
269 799 75 0 
269 559 43 0 
271 705 71 0 
271 651 51 0 
272 634 37 0 
272 615 59 0 
272 432 50 0 
272 327 56 0 
272 320 41 0 
273 578 34 0 
273 562 35 0 
273 543 56 0 
273 519 11 0 
273 404 29 0 
273 282 90 0 
273 277 37 0 
274 573 41 0 
274 556 91 0 
275 791 66 0 
275 694 68 0 
275 558 48 0 
275 517 42 0 
275 282 72 0 
276 602 23 0 
277 655 31 0 
277 593 91 0 
278 507 29 0 
278 371 47 0 
279 766 88 0 
279 679 64 0 
280 551 56 0 
280 460 18 0 
281 401 68 0 
281 374 59 0 
282 398 61 0 
282 370 15 0 
282 307 77 0 
283 730 43 0 
283 621 54 0 
283 579 47 0 
283 381 19 0 
283 313 49 0 
284 775 71 0 
284 689 34 0 
284 652 68 0 
284 461 35 0 
285 793 15 0 
285 446 29 0 
286 753 95 0 
287 396 88 0 
288 718 31 0 
288 620 14 0 
288 426 4 0 
289 748 35 0 
289 643 65 0 
289 567 77 0 
289 545 37 0 
290 739 9 0 
290 573 39 0 
290 545 11 0 
290 321 46 0 
291 424 96 0 
292 689 9 0 
292 607 72 0 
292 435 66 0 
293 712 76 0 
293 702 23 0 
293 357 36 0 
294 680 60 0 
294 579 32 0 
294 501 31 0 
294 311 78 0 
295 540 21 0 
295 523 25 0 
295 495 47 0 
295 490 15 0 
296 799 53 0 
296 731 65 0 
296 703 3 0 
296 691 43 0 
296 589 31 0 
296 391 37 0 
296 350 70 0 
296 349 42 0 
297 739 87 0 
297 709 76 0 
298 796 80 0 
298 768 76 0 
298 637 99 0 
299 574 26 0 
299 503 63 0 
299 444 54 0 
299 351 76 0 
300 707 10 0 
300 619 57 0 
300 544 74 0 
300 440 96 0 
300 328 38 0 
301 589 38 0 
301 567 46 0 
301 537 41 0 
301 460 45 0 
302 366 99 0 
302 325 96 0 
303 346 85 0 
304 795 49 0 
305 714 57 0 
305 661 57 0 
305 565 56 0 
305 533 52 0 
305 460 82 0 
305 352 84 0 
306 424 79 0 
306 412 74 0 
306 373 52 0 
306 352 29 0 
307 784 18 0 
307 610 45 0 
307 583 35 0 
307 522 87 0 
307 338 52 0 
307 311 58 0 
308 698 72 0 
308 667 24 0 
308 656 52 0 
308 556 95 0 
308 451 4 0 
309 628 58 0 
309 576 76 0 
309 335 65 0 
310 454 59 0 
310 391 67 0 
311 619 32 0 
311 333 68 0 
311 327 2 0 
312 653 33 0 
312 581 91 0 
313 695 64 0 
313 654 65 0 
313 529 25 0 
313 327 34 0 
314 687 86 0 
314 613 94 0 
314 594 73 0 
315 758 42 0 
315 548 63 0 
315 526 101 0 
316 431 35 0 
316 406 23 0 
316 378 59 0 
317 614 38 0 
317 330 80 0 
318 596 40 0 
319 505 49 0 
319 341 34 0 
320 791 21 0 
320 630 7 0 
320 565 73 0 
320 560 11 0 
320 429 90 0 
320 348 46 0 
321 627 29 0 
321 487 66 0 
321 480 40 0 
321 446 44 0 
322 555 41 0 
323 762 25 0 
323 701 11 0 
323 585 67 0 
323 346 102 0 
324 789 2 0 
324 780 77 0 
325 344 85 0 
326 789 46 0 
326 496 78 0 
326 447 14 0 
327 793 32 0 
327 637 49 0 
327 339 47 0 
328 530 94 0 
328 478 32 0 
328 412 125 0 
329 776 17 0 
329 371 60 0 
330 744 68 0 
330 551 85 0 
330 455 2 0 
331 612 47 0 
332 707 56 0 
332 706 72 0 
332 600 45 0 
332 599 14 0 
333 765 40 0 
333 750 43 0 
333 664 38 0 
333 646 74 0 
333 628 35 0 
333 618 64 0 
333 497 34 0 
334 744 80 0 
334 691 72 0 
334 559 29 0 
334 534 78 0 
335 717 47 0 
335 658 72 0 
335 628 62 0 
335 460 67 0 
336 561 88 0 
337 651 60 0 
337 383 56 0 
338 721 43 0 
338 595 11 0 
338 444 51 0 
338 367 38 0 
339 788 8 0 
339 527 24 0 
340 720 69 0 
341 784 69 0 
341 543 18 0 
341 501 88 0 
342 667 45 0 
342 479 35 0 
342 449 29 0 
342 403 49 0 
343 660 28 0 
343 495 37 0 
343 426 16 0 
344 710 59 0 
344 667 58 0 
344 510 6 0 
344 404 24 0 
345 627 8 0 
346 792 89 0 
346 682 61 0 
346 634 66 0 
347 712 55 0 
348 761 73 0 
349 778 75 0 
349 730 40 0 
349 686 43 0 
349 537 26 0 
349 486 39 0 
350 652 96 0 
350 649 28 0 
350 576 5 0 
350 530 28 0 
351 748 46 0 
351 741 38 0 
351 707 27 0 
351 447 75 0 
353 793 49 0 
353 769 61 0 
353 714 51 0 
353 384 12 0 
354 764 42 0 
354 495 27 0 
354 390 84 0 
355 787 40 0 
355 741 20 0 
356 796 83 0 
356 645 61 0 
356 424 65 0 
357 795 58 0 
357 642 35 0 
358 763 85 0 
358 361 82 0 
359 667 72 0 
359 628 68 0 
359 456 46 0 
359 405 81 0 
360 648 81 0 
360 542 83 0 
360 499 75 0 
360 392 5 0 
361 694 50 0 
361 693 66 0 
362 559 51 0 
362 521 51 0 
363 698 17 0 
364 784 72 0 
364 573 112 0 
364 553 56 0 
364 488 57 0 
364 461 33 0 
365 774 105 0 
365 628 57 0 
365 479 88 0 
366 778 52 0 
367 473 53 0 
367 419 58 0 
368 669 48 0 
368 617 43 0 
368 478 52 0 
369 748 37 0 
369 465 63 0 
369 381 18 0 
371 795 33 0 
371 729 9 0 
371 630 45 0 
371 586 51 0 
371 448 79 0 
372 452 49 0 
372 443 78 0 
373 591 80 0 
373 571 69 0 
373 546 40 0 
373 446 42 0 
373 427 10 0 
374 763 25 0 
374 636 41 0 
374 440 43 0 
375 770 88 0 
375 708 11 0 
375 560 21 0 
375 393 84 0 
376 680 62 0 
376 539 45 0 
376 454 33 0 
376 441 41 0 
376 399 79 0 
377 765 42 0 
377 546 24 0 
377 402 22 0 
378 785 27 0 
378 404 52 0 
379 728 44 0 
379 708 66 0 
379 638 43 0 
379 490 23 0 
379 459 30 0 
380 731 17 0 
380 416 62 0 
381 388 59 0 
382 391 48 0 
383 713 40 0 
383 610 85 0 
383 497 19 0 
383 494 14 0 
383 455 75 0 
384 660 68 0 
384 524 115 0 
384 493 54 0 
385 785 53 0 
385 777 2 0 
385 677 75 0 
386 657 56 0 
386 590 91 0 
386 527 76 0 
386 401 23 0 
387 628 42 0 
388 760 73 0 
388 692 48 0 
388 648 101 0 
388 495 44 0 
388 442 43 0 
388 412 87 0 
389 707 66 0 
389 684 40 0 
390 748 6 0 
390 678 67 0 
390 569 54 0 
391 485 21 0 
391 419 62 0 
391 395 69 0 
393 741 53 0 
395 771 67 0 
395 708 10 0 
396 762 102 0 
396 648 34 0 
396 572 77 0 
396 462 97 0 
397 788 85 0 
397 760 80 0 
397 633 60 0 
398 657 74 0 
398 440 81 0 
399 455 7 0 
400 505 47 0 
401 775 57 0 
401 524 81 0 
402 715 61 0 
403 735 17 0 
403 519 60 0 
404 796 9 0 
404 688 26 0 
405 617 72 0 
406 716 69 0 
406 480 17 0 
407 503 21 0 
408 641 63 0 
409 544 32 0 
409 502 29 0 
409 454 14 0 
409 414 56 0 
410 777 73 0 
410 759 68 0 
410 722 65 0 
410 412 71 0 
411 749 88 0 
411 692 60 0 
411 663 34 0 
411 566 80 0 
411 425 64 0 
412 629 56 0 
412 494 73 0 
412 468 71 0 
413 669 19 0 
413 616 49 0 
413 606 71 0 
414 790 25 0 
414 780 87 0 
414 587 59 0 
415 684 54 0 
415 593 77 0 
415 547 65 0 
415 514 105 0 
415 430 59 0 
416 595 57 0 
416 497 34 0 
417 649 32 0 
417 592 39 0 
417 525 49 0 
417 491 26 0 
418 685 38 0 
418 660 32 0 
418 649 57 0 
418 518 79 0 
419 620 101 0 
420 704 96 0 
420 671 28 0 
420 622 89 0 
420 544 70 0 
420 424 64 0 
421 761 55 0 
421 559 81 0 
421 453 32 0 
422 786 108 0 
422 747 61 0 
422 685 64 0 
423 795 32 0 
423 764 45 0 
423 604 16 0 
424 623 18 0 
424 505 45 0 
425 652 32 0 
426 657 44 0 
426 478 63 0 
427 766 10 0 
429 544 93 0 
430 588 108 0 
431 674 25 0 
431 574 47 0 
431 537 94 0 
431 498 7 0 
432 791 62 0 
432 520 86 0 
434 690 83 0 
435 706 27 0 
435 583 53 0 
435 571 56 0 
435 444 36 0 
436 770 112 0 
436 716 88 0 
436 680 79 0 
436 484 78 0 
437 618 39 0 
437 496 19 0 
438 767 71 0 
439 683 15 0 
440 714 75 0 
440 540 60 0 
440 447 63 0 
442 749 29 0 
442 720 42 0 
442 631 36 0 
442 500 73 0 
442 487 83 0 
442 449 36 0 
443 445 19 0 
444 631 26 0 
445 735 28 0 
445 528 95 0 
446 710 46 0 
446 638 42 0 
446 503 64 0 
447 797 24 0 
447 669 51 0 
447 634 61 0 
447 455 82 0 
449 738 69 0 
449 726 91 0 
449 510 19 0 
449 509 95 0 
450 789 71 0 
450 728 57 0 
450 708 64 0 
450 570 62 0 
450 485 17 0 
451 561 6 0 
452 655 58 0 
452 536 68 0 
452 521 88 0 
454 760 51 0 
454 676 22 0 
454 585 54 0 
455 763 29 0 
455 751 54 0 
456 680 59 0 
457 744 57 0 
457 730 103 0 
458 461 67 0 
460 736 104 0 
461 753 28 0 
461 729 85 0 
461 700 64 0 
462 759 43 0 
462 624 76 0 
463 588 96 0 
464 641 58 0 
464 621 24 0 
464 539 53 0 
464 520 64 0 
465 772 44 0 
465 768 12 0 
465 738 65 0 
465 613 89 0 
466 652 47 0 
466 645 69 0 
466 561 16 0 
467 720 43 0 
467 707 98 0 
467 594 33 0 
468 795 49 0 
468 772 15 0 
468 700 41 0 
468 691 34 0 
468 655 43 0 
468 639 59 0 
468 621 23 0 
468 511 32 0 
469 613 18 0 
469 528 34 0 
470 690 18 0 
470 629 48 0 
471 710 71 0 
471 633 16 0 
471 475 48 0 
472 755 88 0 
472 504 120 0 
474 743 19 0 
474 678 34 0 
474 642 35 0 
474 626 21 0 
474 565 37 0 
474 476 51 0 
475 785 16 0 
475 648 30 0 
476 738 71 0 
476 652 58 0 
476 558 37 0 
477 676 68 0 
477 667 48 0 
477 637 92 0 
477 617 94 0 
477 565 21 0 
477 526 17 0 
478 772 57 0 
478 494 69 0 
479 653 78 0 
479 607 85 0 
480 783 70 0 
480 705 19 0 
480 701 67 0 
481 759 60 0 
481 598 12 0 
482 750 18 0 
482 715 14 0 
482 622 28 0 
482 614 54 0 
483 764 86 0 
483 761 37 0 
483 644 36 0 
484 630 79 0 
484 629 41 0 
484 614 39 0 
485 658 15 0 
485 619 25 0 
486 655 71 0 
486 619 46 0 
487 506 55 0 
488 692 25 0 
488 577 60 0 
489 600 32 0 
490 757 25 0 
491 729 24 0 
491 684 20 0 
491 607 24 0 
491 592 31 0 
492 756 77 0 
492 693 77 0 
493 780 30 0 
493 626 8 0 
494 741 6 0 
495 765 22 0 
496 771 28 0 
496 627 56 0 
497 779 64 0 
497 775 36 0 
497 529 54 0 
499 706 95 0 
499 700 46 0 
500 642 54 0 
501 713 95 0 
501 662 98 0 
502 527 43 0 
504 556 14 0 
504 553 27 0 
508 579 20 0 
508 540 46 0 
510 640 56 0 
511 773 53 0 
511 690 69 0 
511 678 81 0 
511 669 9 0 
512 781 20 0 
512 602 34 0 
512 601 102 0 
512 573 100 0 
513 551 17 0 
514 799 111 0 
514 666 125 0 
514 523 31 0 
515 768 65 0 
515 721 58 0 
515 677 84 0 
515 633 51 0 
518 642 66 0 
518 532 10 0 
519 726 88 0 
519 724 25 0 
519 663 100 0 
520 545 70 0 
521 734 28 0 
521 732 5 0 
521 673 38 0 
521 534 19 0 
522 762 120 0 
522 656 84 0 
522 628 59 0 
524 719 64 0 
525 732 81 0 
525 531 91 0 
526 795 120 0 
526 653 78 0 
526 610 83 0 
527 645 95 0 
528 764 29 0 
528 589 28 0 
528 569 34 0 
529 759 25 0 
529 748 66 0 
530 774 61 0 
531 541 103 0 
532 604 78 0 
533 671 64 0 
534 697 75 0 
535 571 52 0 
536 754 55 0 
536 547 15 0 
537 733 78 0 
537 722 61 0 
539 717 20 0 
539 689 16 0 
540 583 67 0 
541 665 65 0 
541 557 90 0 
543 636 29 0 
544 628 44 0 
545 799 87 0 
545 751 43 0 
545 602 78 0 
545 568 34 0 
546 750 19 0 
547 757 78 0 
547 565 17 0 
549 718 42 0 
549 710 77 0 
549 701 16 0 
549 677 80 0 
549 622 18 0 
549 599 34 0 
550 719 26 0 
551 560 34 0 
552 646 95 0 
553 687 49 0 
553 623 88 0 
553 620 95 0 
554 727 33 0 
556 692 56 0 
556 660 81 0 
557 765 41 0 
558 561 43 0 
561 712 18 0 
563 710 88 0 
564 767 32 0 
564 740 36 0 
564 735 38 0 
564 683 92 0 
564 648 38 0 
564 625 69 0 
565 747 52 0 
565 594 34 0 
565 575 36 0 
566 599 41 0 
567 736 32 0 
567 667 75 0 
568 772 56 0 
568 727 11 0 
569 584 66 0 
569 577 12 0 
570 626 39 0 
571 790 19 0 
572 602 36 0 
573 693 29 0 
573 656 73 0 
573 640 46 0 
576 599 105 0 
578 782 61 0 
578 639 76 0 
579 754 54 0 
580 738 58 0 
580 708 17 0 
580 612 57 0 
580 591 24 0 
581 624 35 0 
582 779 31 0 
582 759 12 0 
582 716 52 0 
582 615 85 0 
583 783 114 0 
584 740 51 0 
584 716 53 0 
584 704 35 0 
584 661 35 0 
585 762 92 0 
585 594 38 0 
586 611 56 0 
588 732 96 0 
589 793 9 0 
589 695 40 0 
589 684 28 0 
589 682 30 0 
589 630 53 0 
589 626 8 0 
590 758 36 0 
590 626 43 0 
591 696 65 0 
591 620 95 0 
592 643 35 0 
594 596 22 0 
595 636 6 0 
598 784 60 0 
598 766 40 0 
598 709 19 0 
599 773 70 0 
599 733 84 0 
599 673 86 0 
602 607 78 0 
604 759 22 0 
604 718 12 0 
604 660 40 0 
605 764 29 0 
606 659 53 0 
607 704 76 0 
608 610 100 0 
609 628 52 0 
610 738 84 0 
611 709 66 0 
612 632 57 0 
613 768 77 0 
613 754 39 0 
613 688 91 0 
618 785 51 0 
618 709 72 0 
620 658 63 0 
620 625 78 0 
621 783 80 0 
621 685 90 0 
622 741 81 0 
625 747 39 0 
627 661 5 0 
627 641 55 0 
628 740 27 0 
631 639 26 0 
633 767 50 0 
633 637 59 0 
637 753 91 0 
638 724 85 0 
642 789 26 0 
642 731 66 0 
642 675 42 0 
642 650 61 0 
643 730 74 0 
643 697 33 0 
645 793 68 0 
645 722 70 0 
646 756 15 0 
647 694 109 0 
648 757 40 0 
648 752 41 0 
648 746 11 0 
648 733 19 0 
648 713 16 0 
648 678 53 0 
649 769 64 0 
649 752 9 0 
650 669 47 0 
651 797 57 0 
651 734 41 0 
651 661 19 0 
654 670 63 0 
655 790 72 0 
658 748 62 0 
660 680 18 0 
661 684 14 0 
663 777 94 0 
664 758 48 0 
664 685 63 0 
665 762 41 0 
665 742 57 0 
665 737 24 0 
666 791 20 0 
667 727 25 0 
667 706 29 0 
667 701 59 0 
668 775 23 0 
668 749 87 0 
668 744 7 0 
668 724 101 0 
668 698 83 0 
673 763 4 0 
676 689 34 0 
677 780 60 0 
680 738 49 0 
680 728 45 0 
681 774 47 0 
681 773 55 0 
681 762 53 0 
682 799 53 0 
686 742 23 0 
688 697 41 0 
689 782 50 0 
692 717 35 0 
694 713 36 0 
696 722 48 0 
697 794 24 0 
697 779 19 0 
697 748 72 0 
698 716 99 0 
702 714 14 0 
706 781 86 0 
708 730 33 0 
709 717 60 0 
710 728 76 0 
717 791 33 0 
717 737 24 0 
718 746 46 0 
722 772 14 0 
728 779 43 0 
736 768 24 0 
738 753 94 0 
739 754 46 0 
742 745 35 0 
748 793 63 0 
760 782 17 0 
762 798 74 0 
763 793 28 0 
765 791 43 0 
768 773 52 0 
771 792 52 0 
783 789 87 0 
788 789 86 0 
