#GRAPH (#nodes #edges id uu vv ww xx yy zz):
#800 3990 geo(0,{800,100,3,0.006,0.000,0.000}) 100 
#
VERTICES (index name u v w x y z):
0 0 53 65 
1 1 60 81 
2 2 18 44 
3 3 19 66 
4 4 81 42 
5 5 4 53 
6 6 49 27 
7 7 63 13 
8 8 76 2 
9 9 73 4 
10 10 44 74 
11 11 88 26 
12 12 50 53 
13 13 94 67 
14 14 35 51 
15 15 90 59 
16 16 93 63 
17 17 94 92 
18 18 67 54 
19 19 69 56 
20 20 99 69 
21 21 83 27 
22 22 59 30 
23 23 52 11 
24 24 79 4 
25 25 71 5 
26 26 88 45 
27 27 1 19 
28 28 11 63 
29 29 31 78 
30 30 87 73 
31 31 60 53 
32 32 39 91 
33 33 27 26 
34 34 92 60 
35 35 38 19 
36 36 37 43 
37 37 26 60 
38 38 7 49 
39 39 91 82 
40 40 54 45 
41 41 50 88 
42 42 5 94 
43 43 6 76 
44 44 51 61 
45 45 74 23 
46 46 83 51 
47 47 75 5 
48 48 65 30 
49 49 26 32 
50 50 67 87 
51 51 83 12 
52 52 64 93 
53 53 33 88 
54 54 93 74 
55 55 16 13 
56 56 89 38 
57 57 78 79 
58 58 80 73 
59 59 40 51 
60 60 61 31 
61 61 90 82 
62 62 17 16 
63 63 53 15 
64 64 40 26 
65 65 72 0 
66 66 0 27 
67 67 3 98 
68 68 74 93 
69 69 48 8 
70 70 93 35 
71 71 13 88 
72 72 30 96 
73 73 84 10 
74 74 91 70 
75 75 14 22 
76 76 51 48 
77 77 88 55 
78 78 49 12 
79 79 6 92 
80 80 73 67 
81 81 74 74 
82 82 54 25 
83 83 79 56 
84 84 26 18 
85 85 64 61 
86 86 2 40 
87 87 52 69 
88 88 65 85 
89 89 52 47 
90 90 86 90 
91 91 6 20 
92 92 68 14 
93 93 62 19 
94 94 68 39 
95 95 82 81 
96 96 60 60 
97 97 63 67 
98 98 19 0 
99 99 99 40 
100 100 66 5 
101 101 78 18 
102 102 30 63 
103 103 9 20 
104 104 58 6 
105 105 38 81 
106 106 59 40 
107 107 3 3 
108 108 50 55 
109 109 92 89 
110 110 0 85 
111 111 84 23 
112 112 19 9 
113 113 7 17 
114 114 44 35 
115 115 83 44 
116 116 79 66 
117 117 65 47 
118 118 12 71 
119 119 72 99 
120 120 81 38 
121 121 56 41 
122 122 34 89 
123 123 61 42 
124 124 69 91 
125 125 62 96 
126 126 41 17 
127 127 64 90 
128 128 11 88 
129 129 3 21 
130 130 2 39 
131 131 95 17 
132 132 3 48 
133 133 4 6 
134 134 36 29 
135 135 94 51 
136 136 95 1 
137 137 36 90 
138 138 58 87 
139 139 18 78 
140 140 5 78 
141 141 66 27 
142 142 73 77 
143 143 85 79 
144 144 70 97 
145 145 15 21 
146 146 61 41 
147 147 11 30 
148 148 38 31 
149 149 87 6 
150 150 50 80 
151 151 91 77 
152 152 12 66 
153 153 17 4 
154 154 71 50 
155 155 81 86 
156 156 77 15 
157 157 56 99 
158 158 38 21 
159 159 50 33 
160 160 6 98 
161 161 82 42 
162 162 13 15 
163 163 92 15 
164 164 6 78 
165 165 78 59 
166 166 85 45 
167 167 96 94 
168 168 48 91 
169 169 81 41 
170 170 97 82 
171 171 98 71 
172 172 48 38 
173 173 95 0 
174 174 86 11 
175 175 74 80 
176 176 95 58 
177 177 12 99 
178 178 2 73 
179 179 30 59 
180 180 78 75 
181 181 46 32 
182 182 80 3 
183 183 81 99 
184 184 97 77 
185 185 26 9 
186 186 46 87 
187 187 13 12 
188 188 56 24 
189 189 54 48 
190 190 2 51 
191 191 89 9 
192 192 2 8 
193 193 25 46 
194 194 64 29 
195 195 41 96 
196 196 42 94 
197 197 42 10 
198 198 75 11 
199 199 20 42 
200 200 90 58 
201 201 36 13 
202 202 74 97 
203 203 24 18 
204 204 34 87 
205 205 29 15 
206 206 53 0 
207 207 97 35 
208 208 47 35 
209 209 55 35 
210 210 99 6 
211 211 96 85 
212 212 12 97 
213 213 70 44 
214 214 82 68 
215 215 5 68 
216 216 81 28 
217 217 23 27 
218 218 68 2 
219 219 44 39 
220 220 13 86 
221 221 3 49 
222 222 98 5 
223 223 32 93 
224 224 39 49 
225 225 17 17 
226 226 30 88 
227 227 67 86 
228 228 67 22 
229 229 76 10 
230 230 89 0 
231 231 64 34 
232 232 33 78 
233 233 26 92 
234 234 98 37 
235 235 10 49 
236 236 19 26 
237 237 42 3 
238 238 12 2 
239 239 91 50 
240 240 19 46 
241 241 32 59 
242 242 46 36 
243 243 93 11 
244 244 76 91 
245 245 99 47 
246 246 7 48 
247 247 86 8 
248 248 31 56 
249 249 25 2 
250 250 60 61 
251 251 9 6 
252 252 26 72 
253 253 70 69 
254 254 23 18 
255 255 52 80 
256 256 28 21 
257 257 43 44 
258 258 1 53 
259 259 3 47 
260 260 72 44 
261 261 93 71 
262 262 84 33 
263 263 71 93 
264 264 53 7 
265 265 18 46 
266 266 11 56 
267 267 42 19 
268 268 83 33 
269 269 4 23 
270 270 12 70 
271 271 43 82 
272 272 97 96 
273 273 31 19 
274 274 8 0 
275 275 65 67 
276 276 28 81 
277 277 4 11 
278 278 4 61 
279 279 24 13 
280 280 32 70 
281 281 99 54 
282 282 48 17 
283 283 23 7 
284 284 99 90 
285 285 77 60 
286 286 96 25 
287 287 37 93 
288 288 33 76 
289 289 50 15 
290 290 68 51 
291 291 95 5 
292 292 37 53 
293 293 0 54 
294 294 92 87 
295 295 45 76 
296 296 2 69 
297 297 6 14 
298 298 0 82 
299 299 97 21 
300 300 18 24 
301 301 2 94 
302 302 99 28 
303 303 71 91 
304 304 36 73 
305 305 56 36 
306 306 75 96 
307 307 36 76 
308 308 21 91 
309 309 12 29 
310 310 82 90 
311 311 3 76 
312 312 26 55 
313 313 17 14 
314 314 1 85 
315 315 44 85 
316 316 45 79 
317 317 55 16 
318 318 34 28 
319 319 25 4 
320 320 49 5 
321 321 35 23 
322 322 68 5 
323 323 78 48 
324 324 29 5 
325 325 85 70 
326 326 47 61 
327 327 75 99 
328 328 32 28 
329 329 40 48 
330 330 24 15 
331 331 96 95 
332 332 67 69 
333 333 87 2 
334 334 56 45 
335 335 39 58 
336 336 85 43 
337 337 45 75 
338 338 22 57 
339 339 97 3 
340 340 88 23 
341 341 77 9 
342 342 17 6 
343 343 57 34 
344 344 68 24 
345 345 39 57 
346 346 16 70 
347 347 47 13 
348 348 88 44 
349 349 25 67 
350 350 62 31 
351 351 15 30 
352 352 34 74 
353 353 73 75 
354 354 46 74 
355 355 72 70 
356 356 21 66 
357 357 66 78 
358 358 55 78 
359 359 92 55 
360 360 17 34 
361 361 71 10 
362 362 43 54 
363 363 55 17 
364 364 27 49 
365 365 74 5 
366 366 82 66 
367 367 24 54 
368 368 94 78 
369 369 77 37 
370 370 14 9 
371 371 58 1 
372 372 28 75 
373 373 18 1 
374 374 77 91 
375 375 90 81 
376 376 49 11 
377 377 21 89 
378 378 24 73 
379 379 1 51 
380 380 2 66 
381 381 32 95 
382 382 23 26 
383 383 61 12 
384 384 87 15 
385 385 41 4 
386 386 23 55 
387 387 43 14 
388 388 94 73 
389 389 55 90 
390 390 77 83 
391 391 72 7 
392 392 43 51 
393 393 99 94 
394 394 68 68 
395 395 53 2 
396 396 91 88 
397 397 37 88 
398 398 80 10 
399 399 33 79 
400 400 99 95 
401 401 25 94 
402 402 75 81 
403 403 67 28 
404 404 93 60 
405 405 73 5 
406 406 17 41 
407 407 32 26 
408 408 20 49 
409 409 33 81 
410 410 87 74 
411 411 42 39 
412 412 2 82 
413 413 66 96 
414 414 6 68 
415 415 44 93 
416 416 44 12 
417 417 0 96 
418 418 82 61 
419 419 34 54 
420 420 75 74 
421 421 14 87 
422 422 70 96 
423 423 13 59 
424 424 38 27 
425 425 49 35 
426 426 39 16 
427 427 38 92 
428 428 46 50 
429 429 34 44 
430 430 84 64 
431 431 47 26 
432 432 17 5 
433 433 48 97 
434 434 81 62 
435 435 67 98 
436 436 63 86 
437 437 56 9 
438 438 56 31 
439 439 83 65 
440 440 42 97 
441 441 69 1 
442 442 42 54 
443 443 9 63 
444 444 1 36 
445 445 0 73 
446 446 55 92 
447 447 76 64 
448 448 40 23 
449 449 12 68 
450 450 91 8 
451 451 31 8 
452 452 65 98 
453 453 49 53 
454 454 86 2 
455 455 99 7 
456 456 61 55 
457 457 58 52 
458 458 67 14 
459 459 45 45 
460 460 84 90 
461 461 71 44 
462 462 70 79 
463 463 75 48 
464 464 49 81 
465 465 58 19 
466 466 16 77 
467 467 3 92 
468 468 68 13 
469 469 38 82 
470 470 0 84 
471 471 26 77 
472 472 75 19 
473 473 24 26 
474 474 4 12 
475 475 76 23 
476 476 61 25 
477 477 72 56 
478 478 62 68 
479 479 63 36 
480 480 14 91 
481 481 95 4 
482 482 64 43 
483 483 25 31 
484 484 31 0 
485 485 22 13 
486 486 19 48 
487 487 92 68 
488 488 47 6 
489 489 36 9 
490 490 84 81 
491 491 90 98 
492 492 88 8 
493 493 60 5 
494 494 91 63 
495 495 27 84 
496 496 31 93 
497 497 23 71 
498 498 19 23 
499 499 52 2 
500 500 32 27 
501 501 90 14 
502 502 62 5 
503 503 74 94 
504 504 24 61 
505 505 90 90 
506 506 15 96 
507 507 47 51 
508 508 55 91 
509 509 91 34 
510 510 61 91 
511 511 2 3 
512 512 6 43 
513 513 50 71 
514 514 97 15 
515 515 49 59 
516 516 14 72 
517 517 53 67 
518 518 37 63 
519 519 84 4 
520 520 91 71 
521 521 0 39 
522 522 70 40 
523 523 46 67 
524 524 7 76 
525 525 98 69 
526 526 19 80 
527 527 5 77 
528 528 95 24 
529 529 42 5 
530 530 5 25 
531 531 21 28 
532 532 80 67 
533 533 3 56 
534 534 64 84 
535 535 37 87 
536 536 42 42 
537 537 6 47 
538 538 49 92 
539 539 58 86 
540 540 11 17 
541 541 37 99 
542 542 88 62 
543 543 58 48 
544 544 41 91 
545 545 87 71 
546 546 62 1 
547 547 4 4 
548 548 40 67 
549 549 33 55 
550 550 54 14 
551 551 33 12 
552 552 8 28 
553 553 26 50 
554 554 19 52 
555 555 8 97 
556 556 58 47 
557 557 27 60 
558 558 8 94 
559 559 61 19 
560 560 18 2 
561 561 34 91 
562 562 91 0 
563 563 86 6 
564 564 87 57 
565 565 17 55 
566 566 15 12 
567 567 16 45 
568 568 46 61 
569 569 68 34 
570 570 54 84 
571 571 86 10 
572 572 50 34 
573 573 69 85 
574 574 49 84 
575 575 78 42 
576 576 77 46 
577 577 70 66 
578 578 1 27 
579 579 42 56 
580 580 31 76 
581 581 51 75 
582 582 59 70 
583 583 68 4 
584 584 93 79 
585 585 19 44 
586 586 65 16 
587 587 76 56 
588 588 40 34 
589 589 42 82 
590 590 52 38 
591 591 52 0 
592 592 14 82 
593 593 96 52 
594 594 49 38 
595 595 26 57 
596 596 74 87 
597 597 83 38 
598 598 26 23 
599 599 24 30 
600 600 66 1 
601 601 15 35 
602 602 51 25 
603 603 8 64 
604 604 79 13 
605 605 10 94 
606 606 12 30 
607 607 28 58 
608 608 65 83 
609 609 65 84 
610 610 58 98 
611 611 78 43 
612 612 43 11 
613 613 65 9 
614 614 61 56 
615 615 19 53 
616 616 52 71 
617 617 12 17 
618 618 37 0 
619 619 76 21 
620 620 59 16 
621 621 58 75 
622 622 60 70 
623 623 26 98 
624 624 36 56 
625 625 27 56 
626 626 55 68 
627 627 37 35 
628 628 82 19 
629 629 18 83 
630 630 49 0 
631 631 24 93 
632 632 71 28 
633 633 42 22 
634 634 26 71 
635 635 78 6 
636 636 79 80 
637 637 94 24 
638 638 8 62 
639 639 62 90 
640 640 72 22 
641 641 11 4 
642 642 66 77 
643 643 61 33 
644 644 65 3 
645 645 95 96 
646 646 19 57 
647 647 80 59 
648 648 52 85 
649 649 90 34 
650 650 90 16 
651 651 81 53 
652 652 39 43 
653 653 46 5 
654 654 38 42 
655 655 40 19 
656 656 54 9 
657 657 22 41 
658 658 81 19 
659 659 64 73 
660 660 85 26 
661 661 20 54 
662 662 82 88 
663 663 21 93 
664 664 45 89 
665 665 24 87 
666 666 16 61 
667 667 73 89 
668 668 97 11 
669 669 86 81 
670 670 53 77 
671 671 21 15 
672 672 51 24 
673 673 24 91 
674 674 7 1 
675 675 27 67 
676 676 86 75 
677 677 22 59 
678 678 97 22 
679 679 97 76 
680 680 28 50 
681 681 47 32 
682 682 98 66 
683 683 23 52 
684 684 6 56 
685 685 83 61 
686 686 26 37 
687 687 55 64 
688 688 53 63 
689 689 8 58 
690 690 90 92 
691 691 94 82 
692 692 23 17 
693 693 12 47 
694 694 38 4 
695 695 25 0 
696 696 22 44 
697 697 66 36 
698 698 60 4 
699 699 54 22 
700 700 83 6 
701 701 33 87 
702 702 41 82 
703 703 86 4 
704 704 25 8 
705 705 0 41 
706 706 34 34 
707 707 59 9 
708 708 11 33 
709 709 55 95 
710 710 18 50 
711 711 56 49 
712 712 16 40 
713 713 78 12 
714 714 40 3 
715 715 51 7 
716 716 8 61 
717 717 69 97 
718 718 29 78 
719 719 57 73 
720 720 41 80 
721 721 99 2 
722 722 41 9 
723 723 86 36 
724 724 42 71 
725 725 23 5 
726 726 7 83 
727 727 32 33 
728 728 77 23 
729 729 96 15 
730 730 66 8 
731 731 47 0 
732 732 59 42 
733 733 45 12 
734 734 43 99 
735 735 18 18 
736 736 28 60 
737 737 83 28 
738 738 80 85 
739 739 1 20 
740 740 20 46 
741 741 85 63 
742 742 2 36 
743 743 42 58 
744 744 17 76 
745 745 81 22 
746 746 78 19 
747 747 78 82 
748 748 7 51 
749 749 19 76 
750 750 15 41 
751 751 59 94 
752 752 10 42 
753 753 18 36 
754 754 53 20 
755 755 67 95 
756 756 64 7 
757 757 0 86 
758 758 95 7 
759 759 21 48 
760 760 31 65 
761 761 42 93 
762 762 25 48 
763 763 61 81 
764 764 35 19 
765 765 59 85 
766 766 15 68 
767 767 14 74 
768 768 79 34 
769 769 69 95 
770 770 31 32 
771 771 68 80 
772 772 27 89 
773 773 92 62 
774 774 84 58 
775 775 41 92 
776 776 26 16 
777 777 32 68 
778 778 75 85 
779 779 8 1 
780 780 53 12 
781 781 92 37 
782 782 38 45 
783 783 15 9 
784 784 35 71 
785 785 15 43 
786 786 89 58 
787 787 10 7 
788 788 52 59 
789 789 20 89 
790 790 81 55 
791 791 25 39 
792 792 15 24 
793 793 13 34 
794 794 23 30 
795 795 83 86 
796 796 33 49 
797 797 66 20 
798 798 48 48 
799 799 65 74 
#
EDGES (from-node to-node length a b):
0 660 50 0 
0 620 49 0 
0 559 47 0 
0 377 40 0 
0 225 60 0 
0 53 30 0 
1 675 36 0 
2 659 54 0 
2 517 42 0 
2 308 47 0 
2 156 66 0 
3 715 67 0 
3 679 79 0 
4 722 52 0 
4 398 32 0 
4 305 26 0 
5 723 84 0 
5 575 75 0 
5 472 79 0 
5 286 96 0 
5 284 102 0 
5 273 43 0 
5 40 51 0 
6 192 51 0 
6 127 65 0 
6 12 26 0 
7 702 72 0 
7 594 29 0 
7 235 64 0 
8 714 36 0 
8 603 92 0 
8 480 108 0 
8 324 47 0 
8 204 95 0 
8 170 83 0 
8 77 54 0 
9 782 54 0 
9 745 20 0 
9 709 93 0 
9 360 64 0 
9 246 79 0 
10 592 31 0 
10 563 80 0 
10 427 19 0 
10 144 35 0 
10 115 49 0 
10 56 58 0 
11 739 87 0 
11 640 16 0 
11 606 76 0 
11 540 78 0 
11 260 24 0 
11 215 93 0 
11 12 47 0 
12 676 42 0 
12 319 55 0 
12 261 47 0 
12 249 57 0 
12 89 6 0 
13 689 86 0 
13 646 76 0 
13 645 29 0 
13 454 65 0 
13 365 65 0 
13 360 84 0 
13 218 70 0 
13 177 88 0 
13 94 38 0 
13 34 7 0 
14 642 40 0 
14 153 50 0 
14 149 69 0 
14 142 46 0 
14 68 57 0 
15 652 53 0 
15 616 40 0 
15 570 44 0 
15 455 53 0 
15 123 34 0 
16 768 32 0 
17 649 58 0 
17 239 42 0 
17 157 39 0 
18 563 52 0 
19 272 49 0 
19 111 36 0 
20 653 83 0 
20 571 60 0 
20 270 87 0 
20 254 92 0 
20 211 16 0 
20 152 87 0 
20 42 97 0 
21 752 75 0 
21 742 81 0 
21 645 70 0 
21 367 65 0 
21 269 79 0 
22 725 44 0 
22 547 61 0 
22 341 28 0 
22 274 59 0 
22 255 50 0 
22 208 13 0 
22 132 59 0 
22 98 50 0 
23 746 27 0 
23 348 49 0 
24 450 13 0 
24 432 62 0 
24 153 62 0 
25 484 40 0 
25 162 59 0 
25 134 42 0 
26 619 27 0 
26 377 80 0 
27 648 83 0 
27 397 78 0 
27 390 99 0 
27 328 32 0 
27 141 65 0 
27 105 72 0 
28 419 25 0 
28 390 69 0 
28 251 57 0 
28 62 47 0 
29 753 44 0 
29 673 15 0 
29 520 60 0 
29 478 33 0 
29 464 18 0 
29 357 35 0 
29 70 75 0 
30 584 8 0 
30 513 37 0 
30 238 103 0 
30 63 67 0 
30 39 10 0 
31 304 31 0 
32 680 42 0 
32 515 34 0 
32 292 38 0 
32 197 81 0 
32 96 37 0 
33 782 22 0 
33 745 54 0 
33 633 16 0 
33 407 5 0 
33 355 63 0 
33 293 39 0 
33 247 62 0 
33 211 91 0 
33 178 53 0 
33 49 6 0 
34 729 45 0 
34 688 39 0 
34 465 53 0 
35 793 29 0 
35 609 70 0 
35 516 58 0 
35 358 61 0 
35 77 62 0 
35 65 39 0 
36 797 37 0 
36 596 57 0 
36 403 34 0 
36 363 32 0 
36 211 72 0 
36 166 48 0 
36 146 24 0 
37 782 19 0 
37 341 72 0 
37 246 22 0 
38 772 45 0 
38 762 18 0 
38 367 18 0 
38 210 102 0 
39 209 59 0 
39 177 81 0 
40 758 56 0 
40 515 15 0 
40 416 34 0 
40 157 54 0 
40 141 22 0 
41 773 49 0 
41 739 84 0 
41 727 58 0 
41 613 80 0 
41 587 41 0 
41 575 54 0 
41 567 55 0 
41 497 32 0 
41 444 71 0 
41 393 49 0 
42 364 50 0 
42 348 97 0 
42 338 41 0 
42 44 57 0 
43 548 35 0 
43 504 23 0 
43 436 58 0 
44 374 40 0 
44 309 50 0 
44 189 13 0 
44 172 23 0 
44 170 51 0 
44 142 27 0 
45 571 18 0 
45 187 62 0 
46 768 17 0 
46 592 76 0 
46 547 92 0 
46 457 25 0 
46 370 81 0 
46 342 80 0 
46 74 21 0 
47 594 42 0 
47 585 68 0 
47 391 4 0 
47 205 47 0 
48 703 33 0 
48 541 74 0 
49 732 34 0 
49 689 32 0 
49 574 57 0 
49 336 60 0 
49 182 61 0 
50 758 85 0 
50 692 83 0 
50 360 73 0 
50 205 81 0 
51 781 27 0 
51 744 92 0 
51 666 83 0 
51 558 111 0 
51 436 77 0 
51 145 69 0 
52 722 87 0 
52 503 10 0 
52 431 69 0 
52 91 93 0 
53 789 13 0 
53 777 20 0 
53 658 84 0 
53 526 16 0 
53 307 12 0 
53 167 63 0 
53 116 51 0 
53 93 75 0 
54 517 41 0 
54 93 63 0 
54 65 77 0 
55 788 58 0 
55 743 52 0 
55 676 94 0 
55 487 94 0 
55 433 90 0 
55 402 90 0 
55 292 45 0 
55 239 84 0 
56 349 70 0 
56 217 67 0 
56 164 92 0 
57 636 1 0 
57 598 76 0 
57 291 76 0 
57 279 85 0 
58 355 9 0 
58 325 6 0 
59 786 49 0 
59 684 34 0 
59 572 20 0 
59 550 40 0 
59 444 42 0 
59 238 56 0 
59 77 48 0 
60 439 40 0 
60 410 50 0 
60 317 16 0 
60 259 60 0 
60 140 73 0 
61 695 105 0 
61 672 70 0 
61 650 66 0 
61 455 76 0 
61 375 1 0 
61 154 37 0 
62 617 5 0 
62 492 71 0 
62 346 54 0 
63 713 25 0 
63 576 39 0 
63 384 34 0 
63 342 37 0 
63 201 17 0 
64 628 43 0 
64 556 28 0 
64 479 25 0 
64 385 22 0 
64 362 28 0 
64 238 37 0 
64 145 25 0 
64 68 75 0 
65 225 58 0 
65 91 69 0 
66 658 81 0 
66 565 33 0 
66 554 31 0 
66 318 34 0 
66 177 73 0 
66 97 75 0 
67 313 85 0 
67 224 61 0 
68 610 17 0 
68 527 71 0 
68 445 77 0 
68 256 85 0 
69 640 28 0 
69 597 46 0 
69 409 75 0 
69 335 51 0 
69 265 48 0 
69 195 88 0 
70 794 70 0 
70 733 53 0 
70 345 58 0 
71 719 46 0 
71 433 36 0 
71 127 51 0 
72 788 43 0 
72 663 9 0 
72 630 98 0 
72 594 61 0 
72 430 63 0 
72 411 58 0 
72 316 23 0 
72 264 92 0 
72 129 80 0 
73 773 53 0 
73 753 71 0 
73 697 32 0 
73 595 75 0 
73 570 80 0 
73 522 33 0 
73 421 104 0 
74 491 28 0 
74 455 64 0 
74 414 85 0 
74 300 86 0 
74 128 82 0 
74 110 92 0 
74 82 58 0 
75 770 20 0 
75 615 31 0 
76 514 57 0 
76 433 49 0 
76 429 17 0 
76 361 43 0 
76 91 53 0 
76 79 63 0 
77 688 36 0 
77 590 40 0 
77 569 29 0 
77 524 84 0 
77 425 44 0 
77 260 19 0 
77 236 75 0 
77 173 55 0 
77 160 93 0 
77 80 19 0 
78 791 36 0 
78 565 54 0 
78 498 32 0 
78 477 50 0 
79 777 35 0 
79 361 105 0 
79 93 92 0 
80 760 42 0 
80 533 71 0 
80 525 25 0 
80 507 31 0 
80 246 69 0 
80 243 59 0 
80 216 40 0 
81 601 71 0 
81 581 23 0 
81 579 37 0 
81 428 37 0 
81 322 69 0 
81 290 24 0 
81 92 60 0 
82 700 35 0 
82 599 30 0 
82 596 65 0 
82 85 37 0 
83 714 66 0 
83 411 41 0 
83 353 20 0 
83 315 45 0 
83 275 18 0 
83 140 77 0 
83 126 54 0 
84 638 48 0 
84 536 29 0 
84 378 55 0 
84 294 95 0 
84 276 63 0 
84 250 55 0 
84 95 84 0 
85 713 51 0 
85 710 47 0 
85 358 19 0 
85 174 55 0 
86 364 27 0 
86 353 79 0 
86 153 39 0 
87 748 48 0 
87 743 15 0 
87 733 57 0 
87 661 35 0 
87 586 55 0 
87 471 27 0 
87 283 68 0 
87 277 75 0 
88 395 84 0 
88 343 52 0 
88 116 24 0 
89 798 4 0 
89 722 40 0 
89 694 45 0 
89 652 14 0 
89 587 26 0 
89 336 33 0 
90 349 65 0 
91 612 38 0 
91 252 56 0 
91 144 100 0 
91 97 74 0 
92 710 62 0 
92 363 13 0 
92 271 72 0 
92 194 16 0 
93 745 19 0 
93 652 33 0 
93 517 49 0 
93 491 84 0 
94 687 28 0 
94 239 25 0 
94 161 14 0 
95 712 78 0 
95 612 80 0 
95 595 61 0 
95 414 77 0 
95 363 69 0 
96 699 38 0 
97 788 14 0 
97 731 69 0 
97 534 17 0 
97 491 41 0 
97 254 63 0 
98 725 6 0 
98 682 103 0 
98 632 59 0 
98 628 66 0 
98 567 45 0 
98 474 19 0 
98 456 69 0 
98 386 55 0 
98 349 67 0 
99 719 53 0 
99 663 94 0 
99 311 103 0 
99 216 22 0 
100 756 3 0 
100 687 60 0 
100 418 58 0 
100 316 77 0 
101 739 77 0 
101 649 20 0 
101 454 18 0 
101 382 56 0 
101 254 55 0 
101 249 55 0 
101 211 69 0 
101 117 32 0 
102 728 62 0 
102 303 50 0 
103 283 19 0 
103 235 29 0 
103 192 14 0 
104 781 46 0 
104 543 42 0 
104 515 54 0 
104 172 34 0 
105 519 90 0 
105 308 20 0 
106 492 43 0 
106 466 57 0 
106 395 38 0 
106 147 49 0 
107 792 24 0 
107 711 70 0 
107 419 60 0 
107 412 79 0 
107 348 94 0 
107 126 40 0 
108 726 51 0 
108 695 60 0 
108 648 30 0 
108 472 44 0 
108 419 16 0 
108 123 17 0 
109 348 45 0 
109 342 112 0 
109 340 66 0 
110 635 111 0 
110 413 67 0 
110 407 67 0 
110 332 69 0 
111 674 80 0 
111 315 74 0 
112 765 86 0 
112 732 52 0 
112 708 25 0 
112 428 49 0 
113 733 38 0 
113 729 89 0 
113 591 48 0 
113 572 46 0 
114 793 31 0 
114 597 39 0 
114 584 66 0 
114 432 40 0 
115 323 6 0 
115 306 53 0 
116 192 96 0 
117 779 73 0 
117 602 26 0 
117 540 62 0 
118 664 38 0 
118 646 16 0 
118 305 56 0 
118 225 54 0 
118 205 59 0 
119 753 83 0 
119 739 106 0 
119 609 17 0 
119 521 94 0 
119 459 60 0 
119 265 76 0 
119 195 31 0 
119 126 88 0 
120 789 80 0 
120 771 44 0 
120 553 56 0 
120 395 46 0 
120 268 5 0 
120 134 46 0 
121 609 44 0 
121 594 8 0 
121 569 14 0 
121 309 46 0 
121 255 39 0 
122 612 79 0 
122 565 38 0 
122 247 96 0 
122 211 62 0 
122 206 91 0 
123 774 28 0 
123 650 39 0 
123 521 61 0 
123 495 54 0 
123 396 55 0 
124 758 88 0 
124 660 67 0 
124 189 46 0 
124 131 78 0 
125 755 5 0 
125 706 68 0 
125 515 39 0 
125 426 83 0 
125 325 35 0 
125 201 87 0 
125 135 55 0 
126 754 12 0 
126 683 39 0 
126 580 60 0 
126 350 25 0 
126 249 22 0 
126 156 36 0 
127 381 32 0 
128 397 26 0 
128 302 107 0 
129 774 89 0 
129 682 105 0 
129 393 121 0 
129 385 42 0 
129 314 64 0 
129 265 29 0 
130 757 47 0 
131 221 97 0 
132 564 84 0 
132 147 20 0 
133 337 80 0 
134 480 66 0 
134 459 18 0 
134 415 64 0 
135 650 35 0 
135 523 51 0 
135 460 40 0 
136 793 88 0 
136 753 85 0 
136 365 21 0 
136 359 54 0 
136 137 107 0 
137 703 99 0 
137 250 38 0 
138 554 52 0 
138 471 34 0 
138 345 36 0 
138 299 77 0 
138 148 59 0 
139 686 42 0 
139 663 15 0 
139 569 67 0 
139 563 99 0 
139 402 57 0 
139 345 30 0 
139 291 106 0 
139 232 15 0 
139 176 80 0 
140 727 52 0 
140 686 46 0 
140 680 36 0 
140 663 22 0 
140 466 11 0 
140 368 89 0 
140 365 100 0 
140 350 74 0 
140 267 70 0 
141 760 52 0 
141 698 24 0 
141 650 26 0 
141 477 30 0 
141 428 30 0 
141 145 51 0 
142 581 22 0 
142 520 19 0 
142 326 31 0 
142 264 73 0 
143 527 80 0 
143 488 82 0 
143 464 36 0 
143 254 87 0 
144 705 90 0 
144 393 29 0 
144 172 63 0 
145 745 66 0 
145 681 34 0 
145 533 37 0 
145 433 83 0 
145 358 70 0 
145 320 38 0 
146 565 46 0 
146 363 25 0 
146 351 47 0 
146 314 74 0 
147 395 50 0 
147 309 1 0 
148 689 40 0 
148 571 52 0 
148 383 30 0 
148 348 52 0 
148 345 26 0 
149 670 79 0 
149 377 106 0 
149 349 87 0 
150 614 26 0 
150 472 66 0 
150 374 29 0 
150 212 42 0 
150 177 42 0 
151 605 83 0 
151 474 109 0 
151 208 61 0 
152 682 86 0 
152 614 50 0 
152 595 17 0 
152 553 21 0 
152 507 38 0 
152 477 61 0 
152 416 63 0 
152 321 49 0 
152 188 61 0 
153 599 27 0 
153 446 96 0 
154 528 35 0 
155 735 93 0 
155 629 63 0 
155 430 22 0 
155 371 88 0 
156 644 17 0 
156 390 68 0 
156 377 93 0 
156 269 73 0 
156 261 58 0 
156 231 23 0 
157 715 92 0 
157 548 36 0 
157 442 47 0 
157 243 95 0 
157 196 15 0 
157 164 54 0 
158 694 17 0 
158 609 69 0 
158 604 42 0 
158 537 41 0 
158 303 77 0 
158 236 20 0 
159 723 36 0 
159 312 33 0 
159 310 65 0 
159 229 35 0 
160 795 78 0 
160 564 91 0 
160 454 125 0 
160 401 19 0 
160 367 48 0 
161 751 57 0 
161 509 12 0 
161 380 84 0 
161 354 48 0 
161 319 69 0 
161 295 50 0 
161 202 56 0 
162 632 59 0 
162 529 31 0 
163 624 69 0 
163 556 47 0 
163 178 107 0 
164 332 62 0 
164 249 78 0 
164 241 32 0 
165 719 25 0 
165 686 56 0 
165 641 87 0 
166 370 80 0 
166 351 72 0 
166 248 55 0 
167 680 81 0 
167 472 78 0 
167 389 41 0 
167 191 85 0 
167 176 36 0 
168 583 89 0 
168 575 57 0 
168 208 56 0 
169 771 41 0 
169 696 59 0 
169 509 12 0 
170 704 103 0 
170 460 15 0 
170 430 22 0 
170 252 72 0 
170 235 93 0 
170 228 67 0 
170 173 82 0 
171 525 2 0 
171 266 88 0 
171 258 99 0 
171 211 14 0 
171 209 56 0 
172 797 25 0 
172 691 64 0 
172 590 4 0 
173 797 35 0 
173 662 89 0 
173 478 76 0 
173 358 88 0 
173 332 74 0 
173 271 97 0 
174 794 66 0 
174 621 70 0 
174 533 94 0 
174 489 50 0 
174 472 14 0 
174 427 94 0 
174 305 39 0 
174 217 65 0 
175 628 62 0 
175 436 13 0 
175 357 8 0 
175 320 79 0 
176 538 57 0 
176 513 47 0 
176 512 90 0 
176 290 28 0 
176 179 65 0 
177 645 83 0 
177 282 90 0 
177 263 59 0 
178 736 29 0 
178 669 84 0 
178 443 12 0 
178 363 77 0 
178 235 25 0 
179 649 65 0 
179 606 34 0 
179 586 55 0 
179 321 36 0 
179 225 44 0 
180 418 15 0 
181 773 55 0 
181 670 46 0 
181 183 76 0 
182 705 89 0 
182 669 78 0 
182 601 72 0 
182 478 67 0 
182 386 77 0 
182 267 41 0 
183 601 92 0 
183 598 94 0 
183 259 94 0 
184 770 80 0 
184 751 42 0 
184 668 66 0 
184 395 87 0 
185 784 63 0 
185 710 42 0 
185 691 100 0 
185 487 89 0 
185 411 34 0 
186 700 89 0 
186 489 79 0 
187 769 100 0 
187 553 40 0 
187 365 61 0 
188 756 19 0 
188 731 26 0 
188 638 61 0 
188 572 12 0 
188 476 5 0 
188 325 54 0 
189 663 56 0 
189 262 34 0 
190 278 10 0 
191 495 97 0 
191 335 70 0 
192 788 71 0 
192 751 103 0 
192 629 77 0 
192 393 130 0 
192 194 65 0 
193 746 59 0 
193 246 18 0 
194 791 40 0 
194 659 44 0 
194 306 68 0 
196 715 87 0 
196 650 92 0 
196 545 51 0 
196 359 63 0 
197 780 11 0 
197 658 40 0 
197 562 50 0 
198 730 9 0 
198 505 80 0 
198 336 34 0 
198 309 66 0 
198 302 29 0 
199 646 15 0 
199 458 55 0 
199 407 20 0 
199 326 33 0 
200 787 95 0 
200 366 11 0 
200 335 51 0 
200 248 59 0 
201 721 64 0 
201 631 81 0 
201 546 29 0 
201 452 90 0 
201 312 43 0 
201 242 25 0 
202 667 8 0 
202 307 43 0 
202 249 107 0 
203 616 60 0 
203 307 59 0 
204 756 85 0 
204 710 40 0 
204 549 32 0 
204 521 59 0 
204 508 21 0 
204 493 86 0 
204 492 96 0 
204 328 59 0 
204 306 42 0 
204 233 9 0 
205 732 40 0 
205 527 66 0 
205 499 26 0 
205 345 43 0 
206 617 44 0 
207 403 31 0 
209 266 49 0 
210 587 55 0 
210 281 48 0 
211 777 66 0 
211 751 38 0 
211 733 89 0 
211 567 89 0 
211 547 123 0 
211 220 83 0 
212 605 4 0 
212 597 92 0 
212 580 28 0 
212 435 55 0 
212 360 63 0 
212 339 127 0 
212 335 47 0 
212 290 72 0 
212 256 78 0 
213 396 49 0 
213 337 40 0 
214 759 64 0 
214 455 63 0 
214 413 32 0 
215 660 90 0 
215 557 23 0 
215 487 87 0 
215 437 78 0 
216 694 49 0 
216 456 34 0 
216 449 80 0 
216 442 47 0 
216 319 61 0 
217 552 15 0 
217 485 14 0 
217 282 27 0 
218 538 92 0 
218 381 100 0 
219 780 28 0 
219 687 27 0 
219 606 33 0 
219 458 34 0 
219 274 53 0 
220 516 14 0 
221 798 45 0 
221 705 9 0 
221 693 9 0 
221 504 24 0 
221 344 70 0 
222 343 50 0 
222 342 81 0 
223 752 56 0 
223 726 27 0 
223 682 71 0 
223 618 93 0 
223 572 62 0 
223 500 66 0 
223 384 95 0 
224 780 40 0 
224 606 33 0 
224 332 34 0 
224 243 66 0 
225 490 93 0 
225 399 64 0 
225 334 48 0 
225 259 33 0 
226 665 6 0 
226 636 50 0 
226 388 66 0 
226 353 45 0 
226 326 32 0 
226 248 32 0 
227 735 84 0 
227 556 40 0 
227 356 50 0 
227 264 80 0 
228 630 28 0 
228 566 53 0 
229 755 85 0 
229 649 28 0 
229 588 43 0 
229 474 72 0 
229 387 33 0 
230 575 43 0 
230 500 63 0 
230 284 91 0 
231 744 63 0 
231 540 56 0 
231 486 47 0 
232 473 53 0 
232 449 23 0 
232 414 29 0 
233 757 27 0 
233 653 89 0 
233 620 83 0 
233 403 76 0 
233 320 90 0 
234 694 68 0 
234 643 37 0 
234 545 36 0 
234 491 62 0 
234 319 80 0 
235 748 4 0 
235 515 40 0 
236 336 68 0 
236 245 83 0 
237 692 24 0 
237 632 38 0 
237 412 89 0 
237 301 99 0 
238 734 102 0 
238 670 85 0 
238 470 83 0 
239 514 36 0 
239 458 43 0 
239 270 81 0 
240 745 66 0 
240 406 5 0 
240 276 36 0 
241 719 29 0 
241 333 79 0 
241 279 47 0 
242 715 29 0 
242 687 29 0 
242 675 36 0 
242 278 49 0 
243 723 26 0 
243 653 47 0 
243 636 70 0 
243 508 89 0 
243 335 72 0 
243 334 50 0 
243 265 83 0 
244 655 80 0 
244 598 84 0 
244 460 8 0 
244 410 20 0 
245 682 19 0 
245 314 105 0 
246 645 100 0 
246 595 21 0 
247 769 89 0 
247 706 58 0 
247 701 95 0 
247 605 115 0 
247 517 68 0 
247 349 85 0 
247 281 48 0 
249 796 48 0 
249 548 67 0 
249 494 90 0 
250 773 32 0 
250 700 60 0 
251 699 48 0 
251 456 71 0 
251 402 100 0 
252 676 60 0 
252 560 70 0 
252 478 36 0 
252 430 59 0 
252 266 22 0 
253 792 71 0 
253 695 82 0 
253 502 64 0 
254 770 16 0 
254 744 58 0 
254 506 78 0 
254 415 78 0 
254 380 52 0 
254 293 43 0 
255 634 28 0 
255 574 5 0 
255 386 38 0 
255 377 32 0 
255 271 9 0 
256 785 26 0 
256 765 71 0 
256 620 31 0 
256 488 24 0 
256 374 85 0 
256 278 47 0 
256 272 102 0 
256 262 57 0 
257 612 33 0 
257 560 49 0 
257 300 32 0 
258 742 17 0 
258 734 62 0 
258 722 59 0 
258 569 70 0 
258 509 92 0 
258 362 42 0 
259 671 37 0 
259 342 43 0 
260 778 41 0 
260 669 40 0 
261 701 62 0 
261 434 15 0 
261 384 56 0 
262 716 81 0 
262 589 65 0 
262 490 48 0 
263 699 73 0 
264 724 65 0 
264 654 38 0 
264 444 60 0 
264 433 90 0 
264 423 66 0 
265 615 7 0 
265 471 32 0 
266 583 77 0 
266 336 75 0 
267 676 71 0 
267 575 43 0 
267 525 75 0 
267 520 71 0 
267 453 35 0 
267 389 72 0 
267 361 30 0 
268 585 65 0 
268 556 29 0 
268 345 50 0 
270 455 107 0 
270 325 73 0 
270 311 11 0 
271 453 30 0 
271 301 43 0 
272 503 23 0 
272 482 62 0 
272 364 84 0 
272 333 95 0 
273 561 72 0 
273 499 27 0 
273 498 13 0 
273 380 55 0 
273 352 55 0 
273 285 62 0 
274 753 37 0 
274 671 20 0 
274 404 104 0 
274 393 131 0 
274 322 60 0 
275 596 22 0 
275 520 26 0 
275 367 43 0 
276 507 36 0 
276 469 10 0 
276 374 50 0 
276 323 60 0 
276 306 49 0 
277 695 24 0 
277 325 100 0 
278 279 52 0 
279 755 93 0 
279 520 89 0 
279 365 51 0 
280 552 48 0 
280 482 42 0 
280 367 18 0 
281 429 66 0 
282 740 40 0 
282 719 57 0 
282 587 48 0 
282 457 36 0 
282 431 9 0 
283 589 77 0 
283 462 86 0 
283 379 49 0 
283 294 106 0 
284 707 90 0 
284 698 94 0 
284 690 9 0 
284 491 12 0 
284 459 70 0 
284 327 26 0 
284 321 93 0 
284 297 120 0 
285 416 58 0 
285 390 23 0 
285 339 60 0 
285 332 13 0 
286 737 13 0 
286 555 114 0 
286 486 80 0 
286 476 35 0 
286 435 79 0 
286 313 80 0 
286 288 81 0 
287 638 42 0 
287 518 30 0 
287 441 97 0 
287 309 69 0 
288 584 60 0 
288 546 80 0 
289 758 46 0 
289 570 69 0 
289 528 46 0 
289 479 25 0 
290 664 44 0 
290 646 49 0 
290 338 46 0 
291 743 75 0 
291 486 87 0 
291 388 68 0 
292 777 16 0 
292 718 26 0 
292 598 32 0 
292 512 33 0 
292 479 31 0 
292 455 77 0 
292 380 37 0 
293 787 48 0 
293 750 20 0 
293 518 38 0 
293 444 18 0 
294 776 97 0 
294 640 68 0 
294 573 23 0 
294 548 56 0 
294 482 52 0 
294 440 51 0 
294 331 9 0 
295 583 76 0 
295 564 46 0 
296 753 37 0 
296 684 14 0 
296 648 52 0 
297 688 68 0 
297 544 85 0 
297 459 50 0 
297 412 68 0 
298 592 14 0 
298 544 42 0 
299 664 86 0 
300 669 89 0 
300 602 33 0 
300 309 8 0 
301 734 41 0 
301 542 92 0 
301 470 10 0 
302 777 78 0 
302 564 31 0 
302 555 114 0 
302 400 67 0 
302 323 29 0 
303 712 75 0 
303 659 19 0 
303 579 45 0 
303 406 74 0 
304 734 27 0 
304 713 74 0 
304 472 67 0 
304 454 87 0 
304 432 71 0 
304 387 59 0 
306 597 59 0 
306 463 48 0 
306 423 72 0 
307 473 51 0 
307 394 33 0 
307 338 24 0 
307 334 37 0 
308 795 62 0 
308 791 52 0 
308 725 86 0 
308 721 118 0 
308 484 92 0 
308 400 78 0 
308 353 54 0 
309 582 62 0 
309 334 47 0 
310 791 76 0 
310 642 21 0 
311 715 84 0 
311 641 72 0 
311 638 15 0 
311 430 82 0 
311 417 20 0 
312 775 40 0 
312 370 48 0 
313 696 30 0 
313 564 82 0 
313 551 16 0 
313 502 46 0 
313 452 97 0 
313 448 25 0 
313 419 43 0 
313 403 52 0 
315 618 85 0 
315 585 48 0 
315 567 49 0 
315 318 58 0 
316 739 74 0 
316 730 74 0 
316 717 30 0 
316 371 79 0 
316 318 52 0 
317 798 33 0 
317 586 10 0 
318 610 74 0 
318 555 74 0 
320 681 27 0 
320 648 80 0 
320 622 66 0 
320 569 35 0 
321 754 18 0 
321 443 48 0 
321 419 31 0 
321 387 12 0 
323 706 46 0 
323 447 16 0 
323 375 35 0 
324 782 41 0 
324 726 81 0 
324 578 36 0 
325 701 55 0 
325 681 54 0 
326 784 16 0 
326 708 46 0 
326 659 21 0 
326 364 23 0 
327 702 38 0 
327 620 85 0 
327 574 30 0 
328 650 59 0 
328 532 62 0 
328 437 31 0 
329 741 47 0 
329 666 27 0 
329 659 35 0 
329 383 42 0 
330 760 50 0 
331 482 61 0 
332 605 62 0 
333 722 47 0 
333 413 96 0 
333 359 53 0 
334 682 47 0 
334 638 51 0 
334 514 51 0 
334 380 58 0 
335 581 21 0 
335 579 4 0 
335 393 70 0 
336 650 27 0 
336 575 7 0 
336 531 66 0 
337 696 39 0 
337 474 75 0 
337 464 7 0 
337 435 32 0 
338 753 21 0 
338 710 8 0 
338 688 32 0 
340 766 86 0 
340 390 61 0 
340 364 66 0 
341 749 89 0 
342 780 36 0 
342 530 22 0 
342 494 93 0 
342 477 74 0 
342 423 53 0 
343 413 63 0 
344 708 58 0 
344 676 54 0 
344 504 57 0 
344 481 34 0 
344 355 46 0 
345 789 37 0 
345 784 15 0 
345 718 23 0 
345 632 43 0 
345 564 48 0 
346 751 49 0 
346 721 107 0 
346 702 28 0 
346 692 53 0 
346 549 23 0 
346 512 29 0 
346 511 68 0 
346 487 76 0 
346 432 65 0 
347 701 75 0 
347 519 38 0 
347 451 17 0 
348 764 59 0 
348 436 49 0 
348 362 46 0 
349 709 41 0 
349 652 28 0 
349 456 38 0 
349 362 22 0 
350 738 57 0 
350 700 33 0 
350 561 66 0 
350 528 34 0 
350 403 6 0 
350 368 57 0 
351 553 23 0 
351 458 54 0 
352 761 21 0 
352 755 39 0 
352 736 15 0 
352 682 64 0 
352 633 53 0 
352 593 66 0 
352 514 86 0 
352 365 80 0 
353 621 15 0 
354 678 73 0 
354 669 41 0 
354 448 51 0 
356 675 6 0 
356 642 46 0 
356 579 23 0 
356 442 24 0 
356 421 22 0 
356 397 27 0 
356 359 72 0 
357 744 49 0 
357 637 61 0 
358 670 2 0 
358 359 44 0 
359 590 43 0 
359 544 62 0 
359 375 26 0 
360 561 59 0 
360 401 61 0 
361 771 70 0 
361 656 17 0 
362 751 43 0 
363 726 82 0 
363 372 64 0 
364 630 54 0 
364 543 31 0 
365 578 76 0 
366 417 87 0 
367 685 59 0 
368 794 86 0 
368 727 77 0 
368 502 80 0 
369 548 48 0 
369 484 59 0 
369 442 39 0 
370 647 83 0 
370 607 51 0 
370 563 72 0 
370 416 30 0 
370 378 65 0 
371 723 45 0 
371 643 32 0 
371 384 32 0 
372 627 41 0 
372 589 16 0 
373 611 73 0 
373 535 88 0 
373 529 24 0 
373 399 79 0 
374 669 13 0 
374 568 43 0 
375 722 87 0 
376 484 21 0 
376 414 71 0 
377 713 96 0 
377 649 88 0 
377 414 26 0 
378 595 16 0 
378 379 32 0 
379 767 26 0 
379 650 96 0 
379 476 65 0 
380 515 48 0 
380 452 71 0 
381 769 37 0 
381 431 71 0 
381 423 41 0 
382 787 23 0 
382 675 41 0 
382 674 30 0 
382 573 75 0 
382 468 47 0 
383 795 77 0 
383 569 23 0 
383 407 32 0 
384 515 58 0 
385 567 48 0 
385 481 54 0 
386 396 76 0 
388 770 75 0 
388 763 34 0 
388 485 94 0 
388 472 57 0 
389 659 19 0 
389 633 69 0 
390 718 48 0 
390 621 21 0 
390 536 54 0 
390 535 40 0 
390 451 88 0 
391 624 61 0 
391 434 56 0 
391 431 31 0 
392 606 37 0 
392 605 54 0 
392 562 70 0 
392 407 27 0 
393 573 31 0 
393 522 61 0 
394 689 61 0 
395 472 28 0 
396 778 16 0 
396 710 82 0 
396 430 25 0 
397 421 23 0 
398 740 70 0 
398 577 57 0 
398 552 74 0 
398 446 86 0 
399 669 53 0 
400 733 99 0 
400 650 80 0 
401 659 44 0 
401 440 17 0 
402 520 19 0 
403 426 30 0 
404 738 28 0 
404 635 56 0 
405 573 80 0 
406 739 26 0 
406 676 77 0 
406 467 53 0 
408 733 45 0 
409 508 24 0 
409 506 23 0 
411 525 64 0 
411 443 41 0 
412 766 19 0 
412 654 54 0 
412 450 116 0 
413 764 83 0 
413 720 30 0 
413 702 29 0 
415 569 64 0 
415 456 42 0 
416 789 81 0 
416 726 80 0 
416 611 46 0 
416 584 83 0 
416 522 38 0 
417 550 98 0 
417 473 74 0 
418 607 54 0 
418 534 29 0 
419 647 46 0 
419 588 21 0 
419 461 38 0 
419 443 27 0 
420 786 21 0 
420 775 38 0 
421 768 84 0 
421 687 47 0 
422 495 45 0 
423 744 17 0 
423 739 41 0 
423 579 29 0 
423 541 47 0 
424 441 40 0 
425 778 56 0 
425 564 44 0 
425 553 27 0 
425 519 47 0 
425 491 75 0 
426 698 24 0 
426 523 51 0 
427 749 25 0 
427 675 27 0 
427 664 8 0 
427 495 14 0 
428 666 32 0 
428 569 27 0 
428 555 60 0 
428 526 40 0 
429 775 49 0 
430 659 22 0 
430 641 94 0 
431 785 36 0 
431 656 18 0 
433 714 94 0 
434 764 63 0 
434 736 53 0 
434 647 3 0 
435 541 30 0 
436 776 79 0 
436 771 8 0 
436 694 86 0 
437 699 13 0 
437 649 42 0 
438 718 54 0 
439 735 80 0 
441 663 104 0 
441 619 21 0 
441 530 68 0 
441 470 108 0 
441 447 63 0 
442 787 57 0 
442 644 56 0 
442 601 33 0 
443 794 36 0 
443 703 97 0 
443 697 63 0 
443 613 78 0 
443 466 16 0 
446 713 83 0 
446 615 53 0 
446 591 92 0 
446 536 52 0 
446 475 72 0 
447 689 68 0 
447 470 79 0 
448 634 50 0 
448 625 35 0 
449 730 81 0 
450 650 8 0 
451 662 95 0 
451 577 70 0 
452 778 16 0 
452 765 14 0 
452 570 18 0 
452 522 58 0 
452 476 73 0 
453 753 35 0 
453 590 15 0 
454 786 56 0 
455 711 60 0 
455 503 91 0 
456 774 23 0 
456 748 54 0 
456 500 40 0 
456 493 50 0 
457 795 42 0 
457 547 72 0 
457 462 30 0 
458 783 52 0 
458 774 47 0 
458 741 52 0 
458 576 34 0 
458 497 72 0 
459 526 44 0 
460 553 70 0 
461 512 65 0 
462 618 86 0 
463 576 3 0 
466 587 64 0 
467 725 89 0 
470 509 104 0 
471 649 77 0 
471 636 53 0 
471 499 79 0 
472 761 81 0 
472 555 103 0 
472 552 68 0 
472 537 74 0 
473 514 74 0 
474 784 67 0 
474 719 81 0 
474 589 80 0 
475 754 23 0 
475 745 5 0 
476 664 66 0 
476 618 35 0 
476 560 49 0 
477 650 44 0 
477 554 53 0 
478 543 20 0 
479 695 52 0 
480 663 7 0 
480 564 81 0 
481 757 125 0 
481 564 54 0 
482 483 41 0 
483 782 19 0 
483 647 62 0 
484 774 79 0 
485 675 54 0 
487 789 75 0 
489 733 9 0 
490 740 73 0 
490 507 48 0 
491 793 100 0 
491 708 102 0 
491 601 98 0 
491 549 71 0 
492 717 91 0 
492 677 83 0 
492 601 78 0 
492 600 23 0 
492 588 55 0 
494 731 77 0 
494 672 56 0 
494 665 71 0 
495 783 76 0 
495 501 94 0 
496 791 54 0 
497 673 20 0 
497 652 32 0 
497 513 27 0 
498 552 12 0 
499 676 81 0 
500 632 39 0 
500 614 41 0 
501 549 70 0 
501 512 89 0 
502 676 74 0 
502 535 86 0 
503 617 99 0 
504 702 27 0 
505 729 75 0 
506 673 10 0 
507 763 33 0 
507 654 13 0 
508 751 5 0 
509 777 68 0 
509 627 54 0 
509 553 67 0 
510 781 62 0 
510 758 91 0 
510 649 64 0 
511 769 114 0 
511 767 72 0 
511 685 100 0 
511 515 73 0 
512 681 42 0 
512 638 19 0 
512 594 43 0 
512 553 21 0 
512 547 39 0 
513 795 36 0 
513 535 21 0 
515 695 64 0 
515 554 31 0 
516 540 55 0 
517 790 30 0 
517 618 69 0 
517 553 32 0 
518 743 7 0 
518 629 28 0 
518 587 40 0 
519 773 59 0 
519 703 2 0 
520 797 57 0 
520 761 54 0 
520 734 56 0 
520 664 49 0 
521 763 74 0 
521 737 84 0 
521 636 89 0 
521 555 59 0 
522 655 37 0 
524 695 78 0 
524 610 56 0 
525 788 47 0 
526 738 61 0 
526 698 86 0 
526 621 39 0 
526 552 53 0 
527 753 43 0 
527 684 21 0 
527 663 23 0 
527 646 24 0 
528 670 68 0 
530 723 82 0 
530 690 108 0 
531 760 38 0 
531 635 61 0 
533 747 79 0 
533 653 67 0 
534 621 11 0 
535 689 41 0 
536 752 32 0 
536 641 49 0 
537 700 87 0 
538 756 86 0 
539 721 93 0 
542 609 32 0 
543 776 45 0 
543 720 36 0 
543 687 16 0 
543 595 33 0 
544 600 93 0 
544 592 28 0 
544 576 58 0 
546 705 74 0 
549 755 52 0 
550 751 80 0 
550 658 27 0 
551 563 53 0 
552 772 64 0 
552 625 34 0 
552 606 4 0 
554 740 6 0 
555 563 120 0 
557 753 26 0 
557 748 22 0 
557 723 64 0 
558 634 29 0 
561 658 86 0 
562 724 86 0 
564 720 51 0 
564 613 53 0 
565 579 25 0 
566 713 63 0 
566 601 23 0 
568 754 42 0 
568 720 20 0 
568 600 63 0 
570 771 15 0 
570 665 30 0 
572 766 49 0 
573 609 4 0 
574 670 8 0 
575 685 20 0 
575 642 37 0 
576 629 70 0 
578 721 101 0 
579 681 25 0 
580 623 23 0 
581 704 72 0 
581 679 46 0 
582 692 64 0 
584 756 78 0 
584 742 101 0 
584 727 76 0 
585 725 39 0 
585 694 44 0 
585 622 49 0 
587 762 52 0 
587 642 23 0 
589 784 13 0 
589 769 30 0 
589 746 73 0 
589 634 19 0 
590 773 47 0 
590 771 45 0 
591 775 93 0 
591 743 59 0 
592 781 90 0 
592 740 36 0 
592 639 49 0 
592 603 19 0 
594 734 61 0 
595 747 58 0 
595 715 56 0 
596 755 11 0 
596 720 34 0 
596 664 29 0 
597 627 46 0 
598 728 51 0 
598 624 34 0 
599 776 14 0 
599 771 67 0 
599 676 77 0 
601 654 24 0 
602 767 61 0 
602 658 31 0 
602 631 73 0 
603 731 75 0 
605 713 107 0 
605 702 33 0 
608 755 12 0 
609 627 56 0 
611 761 62 0 
611 713 31 0 
612 786 66 0 
614 726 60 0 
614 669 35 0 
614 665 48 0 
615 670 42 0 
617 792 8 0 
618 755 100 0 
618 732 47 0 
618 647 73 0 
619 777 64 0 
620 734 85 0 
621 792 67 0 
621 706 48 0 
621 691 37 0 
623 727 65 0 
623 679 74 0 
626 643 36 0 
627 633 14 0 
629 774 71 0 
630 761 93 0 
630 704 25 0 
631 745 91 0 
632 725 53 0 
634 767 12 0 
636 656 75 0 
637 776 68 0 
637 738 63 0 
638 732 55 0 
639 789 42 0 
642 771 4 0 
642 747 13 0 
642 711 30 0 
644 708 62 0 
645 682 30 0 
646 799 49 0 
646 665 30 0 
647 685 4 0 
648 737 65 0 
649 744 84 0 
649 711 37 0 
650 669 65 0 
651 797 36 0 
651 752 72 0 
651 747 29 0 
652 798 10 0 
653 668 51 0 
654 675 27 0 
655 729 56 0 
656 781 47 0 
656 704 29 0 
657 753 6 0 
657 728 58 0 
657 670 48 0 
658 787 72 0 
658 706 49 0 
660 772 86 0 
663 712 53 0 
663 704 85 0 
663 671 78 0 
664 789 25 0 
664 709 12 0 
669 772 60 0 
669 694 91 0 
673 769 45 0 
673 748 43 0 
678 786 37 0 
679 734 59 0 
680 790 53 0 
680 745 60 0 
683 759 4 0 
683 715 53 0 
684 743 36 0 
685 768 27 0 
685 717 39 0 
687 753 46 0 
687 706 37 0 
688 701 31 0 
690 789 70 0 
693 753 13 0 
694 711 48 0 
695 781 77 0 
695 703 61 0 
699 707 14 0 
703 756 22 0 
704 719 72 0 
706 753 16 0 
707 790 51 0 
707 714 20 0 
712 766 28 0 
713 739 77 0 
714 799 75 0 
716 745 83 0 
716 733 61 0 
718 740 33 0 
720 796 32 0 
720 768 60 0 
720 732 42 0 
723 778 50 0 
723 753 68 0 
724 779 78 0 
727 741 61 0 
740 749 30 0 
742 770 29 0 
744 785 33 0 
746 785 67 0 
747 769 16 0 
748 754 55 0 
749 772 15 0 
754 789 76 0 
754 775 73 0 
760 782 21 0 
760 776 49 0 
762 774 60 0 
768 790 21 0 
773 779 104 0 
777 782 24 0 
781 785 77 0 
