#GRAPH (#nodes #edges id uu vv ww xx yy zz):
#800 3970 geo(0,{800,100,3,0.006,0.000,0.000}) 100 
#
VERTICES (index name u v w x y z):
0 0 98 35 
1 1 52 61 
2 2 35 56 
3 3 47 35 
4 4 44 48 
5 5 43 82 
6 6 72 49 
7 7 60 11 
8 8 71 87 
9 9 47 77 
10 10 1 58 
11 11 97 52 
12 12 39 25 
13 13 6 63 
14 14 62 6 
15 15 61 34 
16 16 51 40 
17 17 62 25 
18 18 60 18 
19 19 44 82 
20 20 25 80 
21 21 33 5 
22 22 83 78 
23 23 54 97 
24 24 17 69 
25 25 87 26 
26 26 28 66 
27 27 17 26 
28 28 49 85 
29 29 12 78 
30 30 86 12 
31 31 99 28 
32 32 60 42 
33 33 44 68 
34 34 78 51 
35 35 25 94 
36 36 98 70 
37 37 52 88 
38 38 77 66 
39 39 9 72 
40 40 34 67 
41 41 97 57 
42 42 70 83 
43 43 84 16 
44 44 88 49 
45 45 38 4 
46 46 71 57 
47 47 86 77 
48 48 37 49 
49 49 3 12 
50 50 33 87 
51 51 68 62 
52 52 32 88 
53 53 21 29 
54 54 54 5 
55 55 19 84 
56 56 5 89 
57 57 49 82 
58 58 46 41 
59 59 13 57 
60 60 53 32 
61 61 50 71 
62 62 93 15 
63 63 77 3 
64 64 37 47 
65 65 53 47 
66 66 12 60 
67 67 55 13 
68 68 80 71 
69 69 29 52 
70 70 66 58 
71 71 15 51 
72 72 37 60 
73 73 66 7 
74 74 58 58 
75 75 65 95 
76 76 76 85 
77 77 50 5 
78 78 65 47 
79 79 49 44 
80 80 44 28 
81 81 15 29 
82 82 13 26 
83 83 3 13 
84 84 87 49 
85 85 84 37 
86 86 2 82 
87 87 11 57 
88 88 21 18 
89 89 10 76 
90 90 70 69 
91 91 61 36 
92 92 44 41 
93 93 62 73 
94 94 92 41 
95 95 81 40 
96 96 50 48 
97 97 98 9 
98 98 87 79 
99 99 46 96 
100 100 11 32 
101 101 9 65 
102 102 45 8 
103 103 90 17 
104 104 15 12 
105 105 92 6 
106 106 23 21 
107 107 84 85 
108 108 89 58 
109 109 73 20 
110 110 34 18 
111 111 17 17 
112 112 16 67 
113 113 41 41 
114 114 6 78 
115 115 48 59 
116 116 18 38 
117 117 13 59 
118 118 72 28 
119 119 8 59 
120 120 39 5 
121 121 56 93 
122 122 40 85 
123 123 96 70 
124 124 33 17 
125 125 44 61 
126 126 24 81 
127 127 57 10 
128 128 48 72 
129 129 63 11 
130 130 45 33 
131 131 52 74 
132 132 5 1 
133 133 0 18 
134 134 78 93 
135 135 89 62 
136 136 45 71 
137 137 50 15 
138 138 17 6 
139 139 84 41 
140 140 23 65 
141 141 14 0 
142 142 14 56 
143 143 13 89 
144 144 7 91 
145 145 6 5 
146 146 43 91 
147 147 44 75 
148 148 13 50 
149 149 18 19 
150 150 49 59 
151 151 81 23 
152 152 92 24 
153 153 75 6 
154 154 12 40 
155 155 94 29 
156 156 79 22 
157 157 53 67 
158 158 85 40 
159 159 39 12 
160 160 66 95 
161 161 62 12 
162 162 2 71 
163 163 40 33 
164 164 21 98 
165 165 74 61 
166 166 36 13 
167 167 63 2 
168 168 91 6 
169 169 11 60 
170 170 0 60 
171 171 35 93 
172 172 83 53 
173 173 4 14 
174 174 39 18 
175 175 70 12 
176 176 50 0 
177 177 89 56 
178 178 70 19 
179 179 78 21 
180 180 74 8 
181 181 37 54 
182 182 56 1 
183 183 54 14 
184 184 1 77 
185 185 66 56 
186 186 42 81 
187 187 32 47 
188 188 23 3 
189 189 92 82 
190 190 35 66 
191 191 60 97 
192 192 7 89 
193 193 86 18 
194 194 2 15 
195 195 72 83 
196 196 42 57 
197 197 22 83 
198 198 70 33 
199 199 11 63 
200 200 37 99 
201 201 79 58 
202 202 46 3 
203 203 38 77 
204 204 2 47 
205 205 27 93 
206 206 48 24 
207 207 82 76 
208 208 66 91 
209 209 38 0 
210 210 23 50 
211 211 90 41 
212 212 77 12 
213 213 71 28 
214 214 74 76 
215 215 83 54 
216 216 66 22 
217 217 95 21 
218 218 43 8 
219 219 82 41 
220 220 60 20 
221 221 51 35 
222 222 66 13 
223 223 52 54 
224 224 85 62 
225 225 55 56 
226 226 64 69 
227 227 81 71 
228 228 64 13 
229 229 19 39 
230 230 55 45 
231 231 6 30 
232 232 64 85 
233 233 17 77 
234 234 5 68 
235 235 46 56 
236 236 78 55 
237 237 47 68 
238 238 14 60 
239 239 23 10 
240 240 9 53 
241 241 1 1 
242 242 17 30 
243 243 83 52 
244 244 31 96 
245 245 62 24 
246 246 85 8 
247 247 93 57 
248 248 66 88 
249 249 46 59 
250 250 5 64 
251 251 67 78 
252 252 53 69 
253 253 0 84 
254 254 39 43 
255 255 4 96 
256 256 77 86 
257 257 27 84 
258 258 35 91 
259 259 95 12 
260 260 56 74 
261 261 5 91 
262 262 89 34 
263 263 64 0 
264 264 90 63 
265 265 44 22 
266 266 91 72 
267 267 46 77 
268 268 69 54 
269 269 18 14 
270 270 0 7 
271 271 27 17 
272 272 23 54 
273 273 82 98 
274 274 31 67 
275 275 38 14 
276 276 70 60 
277 277 66 35 
278 278 62 77 
279 279 3 88 
280 280 61 77 
281 281 34 51 
282 282 95 24 
283 283 17 45 
284 284 1 31 
285 285 26 95 
286 286 74 99 
287 287 50 80 
288 288 89 45 
289 289 46 80 
290 290 16 24 
291 291 43 55 
292 292 66 26 
293 293 84 78 
294 294 29 43 
295 295 79 19 
296 296 69 6 
297 297 54 25 
298 298 29 35 
299 299 41 76 
300 300 41 70 
301 301 3 64 
302 302 95 57 
303 303 57 35 
304 304 45 66 
305 305 86 13 
306 306 43 3 
307 307 98 98 
308 308 33 60 
309 309 8 23 
310 310 26 40 
311 311 76 47 
312 312 13 60 
313 313 95 67 
314 314 20 81 
315 315 57 83 
316 316 63 48 
317 317 97 97 
318 318 62 62 
319 319 5 31 
320 320 67 63 
321 321 83 84 
322 322 87 62 
323 323 30 24 
324 324 79 46 
325 325 74 84 
326 326 98 34 
327 327 16 33 
328 328 74 10 
329 329 65 24 
330 330 41 4 
331 331 69 53 
332 332 59 14 
333 333 8 43 
334 334 32 55 
335 335 24 30 
336 336 94 83 
337 337 61 5 
338 338 26 55 
339 339 54 18 
340 340 38 85 
341 341 40 81 
342 342 42 41 
343 343 2 77 
344 344 26 77 
345 345 83 48 
346 346 85 48 
347 347 61 94 
348 348 3 17 
349 349 12 37 
350 350 9 48 
351 351 46 97 
352 352 66 86 
353 353 9 34 
354 354 42 82 
355 355 99 61 
356 356 41 33 
357 357 27 57 
358 358 94 19 
359 359 2 89 
360 360 29 70 
361 361 50 93 
362 362 63 79 
363 363 48 25 
364 364 18 12 
365 365 73 30 
366 366 39 92 
367 367 11 4 
368 368 31 8 
369 369 25 12 
370 370 7 40 
371 371 60 30 
372 372 91 95 
373 373 9 16 
374 374 70 58 
375 375 79 51 
376 376 30 10 
377 377 81 94 
378 378 30 92 
379 379 27 65 
380 380 86 73 
381 381 61 3 
382 382 36 85 
383 383 75 44 
384 384 86 36 
385 385 87 69 
386 386 26 51 
387 387 63 52 
388 388 35 2 
389 389 56 15 
390 390 18 54 
391 391 70 49 
392 392 21 39 
393 393 94 62 
394 394 86 45 
395 395 47 91 
396 396 18 25 
397 397 41 99 
398 398 45 27 
399 399 85 85 
400 400 84 96 
401 401 79 94 
402 402 90 38 
403 403 17 41 
404 404 49 22 
405 405 17 8 
406 406 70 34 
407 407 94 86 
408 408 50 54 
409 409 85 64 
410 410 58 72 
411 411 80 22 
412 412 27 33 
413 413 9 40 
414 414 41 88 
415 415 23 67 
416 416 19 38 
417 417 3 75 
418 418 57 50 
419 419 35 69 
420 420 59 22 
421 421 78 15 
422 422 37 4 
423 423 24 23 
424 424 15 19 
425 425 82 3 
426 426 28 70 
427 427 54 56 
428 428 35 61 
429 429 85 0 
430 430 45 88 
431 431 31 65 
432 432 75 56 
433 433 53 23 
434 434 31 70 
435 435 60 66 
436 436 3 29 
437 437 68 9 
438 438 88 82 
439 439 3 4 
440 440 4 97 
441 441 77 29 
442 442 69 62 
443 443 26 35 
444 444 81 27 
445 445 23 63 
446 446 52 92 
447 447 69 99 
448 448 89 99 
449 449 89 89 
450 450 68 91 
451 451 96 89 
452 452 89 51 
453 453 39 36 
454 454 31 86 
455 455 13 62 
456 456 19 67 
457 457 79 82 
458 458 69 60 
459 459 27 73 
460 460 34 64 
461 461 30 93 
462 462 83 37 
463 463 22 65 
464 464 67 32 
465 465 22 49 
466 466 17 7 
467 467 23 69 
468 468 94 8 
469 469 77 26 
470 470 90 93 
471 471 96 6 
472 472 36 96 
473 473 84 58 
474 474 46 79 
475 475 35 24 
476 476 0 9 
477 477 85 19 
478 478 6 84 
479 479 61 21 
480 480 56 6 
481 481 55 5 
482 482 27 79 
483 483 98 38 
484 484 87 17 
485 485 80 93 
486 486 47 28 
487 487 33 12 
488 488 76 68 
489 489 43 33 
490 490 29 26 
491 491 59 34 
492 492 28 43 
493 493 17 89 
494 494 43 52 
495 495 28 34 
496 496 65 2 
497 497 52 10 
498 498 78 80 
499 499 44 53 
500 500 76 32 
501 501 44 9 
502 502 53 74 
503 503 58 45 
504 504 33 0 
505 505 6 23 
506 506 89 87 
507 507 52 49 
508 508 92 79 
509 509 41 75 
510 510 94 20 
511 511 65 32 
512 512 43 22 
513 513 88 52 
514 514 16 82 
515 515 96 58 
516 516 20 75 
517 517 21 7 
518 518 35 11 
519 519 34 38 
520 520 25 49 
521 521 0 59 
522 522 19 27 
523 523 63 72 
524 524 54 59 
525 525 72 64 
526 526 83 41 
527 527 49 56 
528 528 28 53 
529 529 35 17 
530 530 84 63 
531 531 63 97 
532 532 69 94 
533 533 21 28 
534 534 34 15 
535 535 96 67 
536 536 36 64 
537 537 5 62 
538 538 45 3 
539 539 52 68 
540 540 4 91 
541 541 22 36 
542 542 38 43 
543 543 82 36 
544 544 79 12 
545 545 2 61 
546 546 1 37 
547 547 53 73 
548 548 43 25 
549 549 70 80 
550 550 23 62 
551 551 28 23 
552 552 18 45 
553 553 96 94 
554 554 52 58 
555 555 75 78 
556 556 50 29 
557 557 64 35 
558 558 69 37 
559 559 37 43 
560 560 17 36 
561 561 99 96 
562 562 89 40 
563 563 63 35 
564 564 8 63 
565 565 68 37 
566 566 37 91 
567 567 81 50 
568 568 51 6 
569 569 53 97 
570 570 42 74 
571 571 8 26 
572 572 25 33 
573 573 77 38 
574 574 74 56 
575 575 4 42 
576 576 14 61 
577 577 87 54 
578 578 40 26 
579 579 24 41 
580 580 65 46 
581 581 22 76 
582 582 19 57 
583 583 90 85 
584 584 38 7 
585 585 67 73 
586 586 15 57 
587 587 27 52 
588 588 21 54 
589 589 55 88 
590 590 72 70 
591 591 70 11 
592 592 93 29 
593 593 4 74 
594 594 58 7 
595 595 93 84 
596 596 99 30 
597 597 24 44 
598 598 69 42 
599 599 17 85 
600 600 67 9 
601 601 80 68 
602 602 91 98 
603 603 67 74 
604 604 46 0 
605 605 94 25 
606 606 75 65 
607 607 35 12 
608 608 3 87 
609 609 22 38 
610 610 66 33 
611 611 99 67 
612 612 48 3 
613 613 57 95 
614 614 5 9 
615 615 60 48 
616 616 87 38 
617 617 51 7 
618 618 6 1 
619 619 32 98 
620 620 21 80 
621 621 19 53 
622 622 56 48 
623 623 0 32 
624 624 47 60 
625 625 42 7 
626 626 1 82 
627 627 19 63 
628 628 53 40 
629 629 45 54 
630 630 53 48 
631 631 68 21 
632 632 39 75 
633 633 93 45 
634 634 82 56 
635 635 21 59 
636 636 42 15 
637 637 22 62 
638 638 65 43 
639 639 29 91 
640 640 48 85 
641 641 13 27 
642 642 97 62 
643 643 21 35 
644 644 79 6 
645 645 5 66 
646 646 65 55 
647 647 91 32 
648 648 93 86 
649 649 38 62 
650 650 14 14 
651 651 61 23 
652 652 7 46 
653 653 25 72 
654 654 58 92 
655 655 80 97 
656 656 60 86 
657 657 3 9 
658 658 48 40 
659 659 37 25 
660 660 6 25 
661 661 91 78 
662 662 24 74 
663 663 58 31 
664 664 2 74 
665 665 19 2 
666 666 36 92 
667 667 56 83 
668 668 36 30 
669 669 18 78 
670 670 27 1 
671 671 8 57 
672 672 98 44 
673 673 16 64 
674 674 39 96 
675 675 52 82 
676 676 41 55 
677 677 20 94 
678 678 49 45 
679 679 81 30 
680 680 91 67 
681 681 44 43 
682 682 8 78 
683 683 98 41 
684 684 0 75 
685 685 38 37 
686 686 57 44 
687 687 80 94 
688 688 84 84 
689 689 15 31 
690 690 55 38 
691 691 10 77 
692 692 32 61 
693 693 53 58 
694 694 55 67 
695 695 34 76 
696 696 71 59 
697 697 31 41 
698 698 45 12 
699 699 64 99 
700 700 59 75 
701 701 24 64 
702 702 12 42 
703 703 18 75 
704 704 87 98 
705 705 76 17 
706 706 96 90 
707 707 7 16 
708 708 70 15 
709 709 29 85 
710 710 5 61 
711 711 89 38 
712 712 11 28 
713 713 67 87 
714 714 84 25 
715 715 58 82 
716 716 49 39 
717 717 1 97 
718 718 15 17 
719 719 12 15 
720 720 70 25 
721 721 48 19 
722 722 33 52 
723 723 60 14 
724 724 17 75 
725 725 95 30 
726 726 28 76 
727 727 28 93 
728 728 8 4 
729 729 91 38 
730 730 55 19 
731 731 6 46 
732 732 11 12 
733 733 8 90 
734 734 40 2 
735 735 29 3 
736 736 5 11 
737 737 57 11 
738 738 1 79 
739 739 0 17 
740 740 29 48 
741 741 73 8 
742 742 29 45 
743 743 29 97 
744 744 45 51 
745 745 32 34 
746 746 22 90 
747 747 71 23 
748 748 9 4 
749 749 86 52 
750 750 0 67 
751 751 44 10 
752 752 9 89 
753 753 10 4 
754 754 68 66 
755 755 28 73 
756 756 18 67 
757 757 93 62 
758 758 97 91 
759 759 3 5 
760 760 37 45 
761 761 50 90 
762 762 29 24 
763 763 76 50 
764 764 36 18 
765 765 91 21 
766 766 55 96 
767 767 47 75 
768 768 20 98 
769 769 41 26 
770 770 12 9 
771 771 87 83 
772 772 13 84 
773 773 1 74 
774 774 40 29 
775 775 83 7 
776 776 23 31 
777 777 88 79 
778 778 62 33 
779 779 1 98 
780 780 4 51 
781 781 85 28 
782 782 0 10 
783 783 38 96 
784 784 33 48 
785 785 50 89 
786 786 12 64 
787 787 64 56 
788 788 0 82 
789 789 98 50 
790 790 32 58 
791 791 89 93 
792 792 71 69 
793 793 39 48 
794 794 10 58 
795 795 30 23 
796 796 28 62 
797 797 93 73 
798 798 29 94 
799 799 90 47 
#
EDGES (from-node to-node length a b):
0 713 61 0 
0 630 47 0 
0 536 68 0 
0 363 51 0 
0 37 70 0 
0 7 45 0 
1 698 49 0 
1 534 49 0 
1 465 32 0 
1 379 25 0 
1 81 49 0 
2 726 21 0 
2 555 46 0 
2 343 39 0 
2 211 57 0 
2 36 65 0 
2 16 23 0 
3 754 37 0 
3 570 39 0 
3 470 72 0 
3 393 54 0 
3 287 45 0 
3 202 32 0 
4 662 33 0 
4 644 55 0 
4 61 24 0 
5 779 45 0 
5 519 45 0 
5 352 23 0 
5 151 70 0 
6 661 35 0 
6 571 68 0 
6 491 20 0 
6 284 73 0 
7 692 57 0 
7 606 56 0 
7 534 26 0 
7 192 94 0 
7 52 82 0 
8 602 23 0 
8 564 67 0 
8 445 54 0 
8 201 30 0 
9 761 13 0 
9 734 75 0 
9 688 38 0 
9 629 23 0 
9 445 28 0 
9 303 43 0 
9 119 43 0 
10 733 33 0 
10 672 98 0 
11 375 18 0 
11 210 74 0 
11 176 70 0 
11 129 53 0 
11 70 32 0 
12 527 33 0 
12 449 81 0 
12 388 23 0 
12 26 42 0 
12 24 49 0 
13 412 37 0 
13 338 22 0 
13 293 79 0 
13 115 42 0 
14 629 51 0 
14 613 89 0 
14 337 1 0 
15 526 23 0 
15 379 46 0 
15 62 37 0 
15 20 58 0 
16 771 56 0 
16 652 44 0 
16 503 9 0 
16 501 32 0 
16 189 59 0 
16 25 39 0 
17 764 27 0 
17 631 7 0 
17 466 48 0 
17 333 57 0 
17 200 78 0 
17 163 23 0 
17 98 60 0 
18 430 72 0 
19 385 45 0 
19 268 38 0 
19 106 65 0 
20 691 15 0 
20 533 52 0 
20 433 64 0 
20 365 69 0 
20 321 58 0 
20 224 63 0 
20 82 55 0 
21 436 38 0 
21 203 72 0 
21 173 30 0 
21 161 30 0 
22 713 18 0 
22 677 65 0 
22 629 45 0 
22 312 72 0 
22 233 66 0 
22 182 82 0 
23 588 54 0 
23 566 18 0 
23 549 23 0 
23 199 55 0 
24 622 44 0 
24 519 35 0 
24 364 57 0 
24 317 85 0 
25 584 53 0 
25 548 44 0 
26 717 41 0 
26 561 77 0 
26 258 26 0 
27 771 90 0 
27 684 52 0 
27 441 60 0 
27 308 38 0 
27 174 23 0 
27 153 61 0 
28 349 61 0 
28 223 31 0 
29 325 62 0 
29 316 59 0 
29 176 87 0 
30 565 31 0 
30 543 24 0 
30 518 51 0 
30 454 92 0 
30 278 69 0 
30 145 80 0 
30 49 83 0 
31 502 65 0 
31 378 94 0 
31 171 91 0 
31 109 27 0 
31 82 86 0 
32 537 59 0 
32 511 11 0 
32 81 47 0 
33 644 71 0 
34 703 65 0 
34 532 44 0 
34 397 61 0 
34 274 50 0 
34 207 25 0 
35 743 5 0 
35 657 88 0 
35 575 56 0 
35 568 92 0 
35 500 80 0 
35 351 21 0 
35 255 21 0 
36 748 111 0 
36 667 44 0 
36 559 67 0 
36 421 59 0 
36 388 93 0 
36 201 22 0 
36 198 46 0 
36 123 2 0 
36 112 82 0 
37 360 29 0 
37 182 87 0 
37 158 58 0 
37 109 71 0 
37 103 81 0 
38 759 96 0 
38 749 17 0 
38 729 31 0 
38 574 10 0 
38 355 23 0 
38 235 33 0 
39 766 52 0 
39 193 94 0 
39 117 14 0 
39 92 47 0 
39 89 4 0 
39 59 16 0 
40 676 14 0 
40 319 46 0 
40 93 29 0 
40 64 20 0 
41 368 82 0 
42 500 51 0 
42 466 93 0 
42 462 48 0 
42 261 65 0 
42 258 36 0 
43 791 77 0 
43 752 105 0 
43 615 40 0 
43 421 6 0 
44 732 85 0 
44 720 30 0 
44 439 96 0 
44 318 29 0 
45 767 72 0 
45 629 50 0 
45 541 36 0 
45 343 81 0 
45 194 38 0 
46 711 26 0 
46 497 51 0 
46 265 44 0 
46 184 73 0 
46 60 31 0 
47 507 44 0 
47 452 26 0 
47 370 87 0 
47 303 51 0 
48 785 42 0 
48 668 19 0 
48 642 61 0 
48 307 78 0 
48 270 56 0 
49 709 77 0 
49 126 72 0 
50 685 50 0 
50 418 44 0 
50 369 75 0 
50 91 58 0 
51 604 66 0 
51 413 63 0 
52 768 16 0 
52 644 95 0 
52 577 65 0 
52 244 8 0 
52 234 34 0 
52 143 19 0 
53 612 37 0 
53 496 52 0 
53 477 65 0 
54 764 22 0 
54 219 46 0 
54 112 73 0 
55 462 79 0 
55 235 39 0 
55 218 80 0 
55 95 76 0 
56 778 80 0 
56 472 32 0 
56 430 40 0 
56 400 79 0 
56 194 74 0 
56 180 106 0 
57 623 70 0 
57 620 28 0 
57 568 76 0 
57 537 48 0 
57 502 9 0 
57 467 29 0 
57 389 67 0 
58 386 22 0 
59 743 43 0 
59 584 56 0 
59 506 82 0 
59 445 12 0 
59 106 37 0 
60 728 53 0 
60 308 34 0 
60 122 55 0 
61 719 68 0 
61 642 48 0 
61 617 64 0 
61 504 73 0 
61 471 80 0 
61 252 4 0 
61 233 34 0 
62 743 104 0 
62 501 49 0 
62 83 90 0 
62 70 51 0 
63 794 87 0 
63 643 64 0 
63 625 35 0 
63 479 24 0 
63 182 21 0 
63 163 48 0 
64 480 45 0 
64 350 28 0 
64 223 17 0 
64 85 48 0 
64 82 32 0 
65 612 44 0 
65 605 47 0 
65 567 28 0 
65 448 63 0 
65 366 47 0 
65 125 17 0 
65 73 42 0 
66 624 35 0 
66 598 60 0 
66 562 80 0 
66 347 60 0 
66 288 78 0 
66 284 31 0 
66 279 29 0 
66 233 18 0 
66 108 77 0 
67 625 14 0 
67 491 21 0 
67 454 77 0 
67 439 53 0 
67 412 34 0 
67 205 85 0 
68 786 68 0 
68 730 58 0 
68 574 16 0 
68 536 45 0 
68 527 34 0 
68 72 44 0 
69 556 31 0 
69 323 28 0 
69 322 59 0 
70 718 65 0 
70 664 66 0 
70 653 43 0 
70 585 15 0 
70 256 30 0 
70 251 20 0 
70 239 64 0 
70 182 58 0 
70 163 36 0 
70 109 39 0 
71 661 81 0 
71 427 39 0 
71 267 40 0 
72 756 20 0 
72 586 22 0 
72 431 8 0 
72 253 44 0 
72 241 69 0 
73 640 80 0 
73 634 52 0 
73 456 76 0 
73 413 66 0 
73 381 6 0 
73 367 55 0 
73 359 104 0 
73 270 66 0 
74 782 75 0 
74 513 31 0 
74 497 48 0 
74 200 46 0 
74 149 56 0 
75 773 67 0 
75 473 42 0 
75 368 93 0 
75 330 94 0 
76 172 33 0 
77 714 39 0 
77 410 67 0 
77 82 43 0 
78 674 55 0 
78 465 43 0 
78 458 14 0 
78 142 52 0 
79 783 53 0 
79 616 38 0 
79 543 34 0 
79 531 55 0 
79 475 24 0 
79 473 38 0 
79 446 48 0 
79 112 40 0 
80 738 67 0 
80 628 15 0 
80 335 20 0 
80 264 58 0 
80 199 48 0 
81 458 62 0 
81 448 102 0 
82 689 5 0 
82 592 80 0 
82 549 79 0 
82 268 63 0 
82 198 57 0 
83 784 46 0 
83 631 65 0 
83 627 52 0 
83 505 10 0 
83 443 32 0 
83 374 81 0 
83 349 26 0 
83 335 27 0 
83 284 18 0 
84 682 84 0 
84 537 83 0 
84 446 55 0 
84 308 55 0 
85 635 67 0 
85 607 55 0 
85 448 62 0 
85 126 74 0 
85 90 35 0 
86 565 80 0 
86 545 21 0 
86 512 73 0 
86 370 42 0 
86 280 59 0 
86 252 53 0 
86 228 93 0 
86 226 63 0 
86 173 68 0 
87 799 80 0 
87 621 9 0 
87 537 8 0 
87 365 68 0 
88 451 103 0 
88 375 67 0 
88 213 51 0 
88 118 52 0 
89 341 30 0 
89 257 19 0 
89 209 81 0 
90 722 41 0 
90 713 18 0 
90 669 53 0 
90 587 46 0 
90 544 58 0 
91 661 52 0 
91 630 14 0 
92 759 55 0 
92 522 29 0 
92 470 69 0 
93 717 66 0 
93 712 68 0 
93 686 29 0 
93 532 22 0 
93 428 30 0 
93 126 39 0 
94 651 36 0 
94 244 82 0 
96 757 45 0 
96 559 14 0 
96 474 31 0 
96 463 33 0 
96 338 25 0 
97 588 89 0 
97 507 61 0 
97 242 84 0 
97 238 98 0 
97 136 82 0 
98 716 55 0 
98 688 6 0 
98 687 17 0 
98 621 73 0 
98 315 30 0 
98 236 26 0 
98 193 61 0 
98 150 43 0 
99 681 53 0 
99 548 71 0 
99 320 39 0 
99 161 86 0 
100 509 52 0 
100 473 77 0 
100 212 69 0 
100 113 31 0 
101 749 78 0 
101 671 8 0 
101 317 94 0 
102 359 92 0 
102 118 34 0 
102 108 67 0 
103 795 60 0 
103 660 84 0 
103 438 65 0 
103 335 67 0 
103 252 64 0 
103 148 84 0 
104 499 50 0 
104 331 68 0 
104 288 81 0 
104 215 80 0 
105 713 85 0 
105 675 86 0 
105 572 72 0 
105 506 81 0 
105 130 54 0 
106 712 14 0 
106 608 69 0 
106 600 46 0 
106 534 13 0 
106 398 23 0 
106 333 27 0 
107 775 78 0 
107 580 43 0 
107 545 85 0 
107 538 91 0 
107 366 46 0 
107 306 92 0 
107 178 67 0 
108 572 69 0 
108 390 71 0 
108 318 27 0 
109 708 6 0 
109 640 70 0 
109 456 72 0 
109 200 87 0 
110 728 30 0 
110 623 37 0 
111 760 34 0 
111 713 86 0 
111 686 48 0 
111 567 72 0 
111 526 70 0 
111 451 107 0 
111 238 43 0 
111 228 47 0 
111 185 63 0 
111 128 63 0 
112 727 29 0 
112 718 50 0 
112 668 42 0 
112 511 60 0 
113 774 12 0 
113 548 16 0 
113 473 46 0 
113 356 8 0 
114 387 63 0 
114 141 78 0 
115 787 16 0 
115 422 56 0 
115 390 30 0 
115 142 34 0 
115 121 35 0 
116 686 39 0 
116 675 56 0 
116 476 34 0 
116 438 83 0 
116 359 53 0 
116 272 17 0 
117 338 14 0 
118 581 69 0 
118 553 70 0 
118 495 44 0 
118 390 60 0 
118 328 18 0 
119 714 83 0 
119 541 27 0 
119 527 41 0 
119 423 39 0 
119 330 64 0 
119 277 63 0 
119 247 85 0 
119 210 17 0 
119 184 19 0 
120 384 56 0 
120 258 86 0 
121 783 18 0 
121 736 97 0 
121 629 41 0 
121 387 42 0 
121 179 75 0 
122 761 11 0 
122 716 47 0 
122 439 89 0 
122 373 76 0 
122 366 7 0 
122 323 62 0 
122 216 68 0 
123 702 89 0 
123 205 73 0 
123 182 80 0 
124 656 74 0 
124 613 82 0 
124 569 82 0 
124 535 80 0 
124 241 36 0 
124 184 68 0 
124 138 19 0 
125 637 22 0 
125 623 53 0 
125 534 47 0 
125 504 62 0 
125 229 33 0 
126 427 39 0 
126 366 19 0 
126 279 22 0 
126 177 70 0 
127 795 30 0 
127 357 56 0 
127 320 54 0 
127 176 12 0 
128 672 57 0 
128 633 52 0 
128 605 66 0 
128 603 19 0 
128 497 62 0 
128 431 18 0 
128 390 35 0 
129 630 38 0 
129 572 44 0 
129 519 40 0 
129 245 13 0 
130 530 49 0 
130 477 42 0 
130 358 51 0 
130 155 49 0 
131 781 57 0 
131 752 46 0 
131 586 41 0 
131 548 50 0 
132 417 74 0 
132 372 127 0 
132 234 67 0 
132 221 57 0 
132 152 90 0 
133 232 93 0 
134 763 43 0 
134 719 102 0 
134 686 53 0 
134 352 14 0 
134 270 116 0 
134 218 92 0 
134 160 12 0 
135 738 90 0 
135 712 85 0 
135 531 44 0 
135 398 56 0 
135 367 97 0 
135 231 89 0 
135 218 71 0 
136 354 11 0 
137 758 89 0 
137 637 55 0 
137 422 17 0 
137 230 30 0 
138 465 43 0 
139 508 39 0 
140 582 9 0 
140 250 18 0 
140 179 70 0 
141 632 79 0 
141 600 54 0 
141 562 85 0 
141 491 56 0 
141 406 66 0 
141 360 72 0 
142 500 66 0 
142 478 29 0 
142 361 52 0 
142 225 41 0 
142 219 70 0 
143 789 94 0 
143 701 27 0 
143 581 16 0 
143 533 62 0 
143 224 77 0 
144 734 95 0 
144 631 93 0 
144 623 59 0 
144 569 46 0 
145 646 77 0 
145 607 30 0 
146 500 68 0 
146 414 4 0 
146 170 53 0 
146 166 78 0 
147 784 29 0 
147 722 25 0 
147 701 23 0 
147 564 38 0 
147 421 69 0 
147 339 58 0 
147 279 43 0 
148 704 88 0 
148 499 31 0 
148 284 22 0 
148 225 42 0 
148 165 62 0 
149 624 50 0 
149 432 68 0 
149 251 77 0 
149 180 57 0 
150 506 49 0 
150 482 30 0 
151 509 66 0 
151 331 32 0 
151 269 64 0 
151 237 56 0 
151 152 11 0 
152 713 68 0 
152 498 58 0 
152 374 40 0 
152 267 70 0 
153 544 7 0 
153 488 62 0 
153 395 89 0 
153 336 79 0 
153 171 96 0 
154 775 78 0 
154 673 24 0 
154 546 11 0 
154 516 36 0 
154 406 58 0 
154 221 39 0 
155 678 48 0 
155 663 36 0 
155 507 47 0 
155 473 31 0 
155 472 89 0 
155 268 35 0 
155 229 76 0 
155 184 105 0 
156 633 27 0 
156 580 28 0 
156 549 59 0 
156 530 41 0 
156 167 26 0 
157 791 44 0 
157 598 30 0 
157 559 29 0 
157 425 70 0 
157 359 56 0 
158 797 34 0 
158 668 50 0 
158 515 21 0 
158 408 38 0 
158 325 45 0 
159 779 94 0 
159 739 39 0 
159 558 39 0 
159 506 90 0 
159 408 43 0 
160 720 70 0 
160 600 86 0 
160 253 67 0 
160 238 63 0 
161 592 35 0 
161 534 28 0 
161 404 16 0 
161 384 34 0 
162 449 89 0 
162 334 34 0 
162 175 90 0 
163 519 8 0 
163 509 42 0 
163 407 76 0 
163 382 52 0 
164 372 70 0 
164 368 91 0 
164 192 17 0 
164 190 35 0 
165 653 50 0 
165 513 17 0 
165 478 72 0 
165 339 47 0 
166 790 45 0 
166 545 59 0 
166 514 72 0 
166 458 57 0 
166 420 25 0 
167 500 33 0 
167 461 97 0 
167 336 87 0 
168 740 75 0 
168 654 92 0 
168 650 77 0 
168 473 52 0 
168 233 103 0 
169 740 22 0 
169 618 59 0 
169 550 12 0 
169 319 30 0 
171 648 58 0 
171 474 18 0 
171 399 51 0 
171 263 97 0 
172 597 60 0 
172 304 40 0 
172 253 89 0 
172 203 51 0 
173 547 77 0 
173 247 99 0 
174 761 73 0 
174 686 32 0 
174 556 16 0 
174 277 32 0 
174 210 36 0 
175 734 32 0 
175 290 55 0 
175 262 29 0 
176 717 109 0 
176 639 93 0 
176 556 29 0 
176 537 77 0 
176 211 57 0 
177 486 50 0 
177 426 63 0 
177 328 48 0 
177 231 87 0 
177 203 55 0 
178 640 70 0 
178 583 69 0 
178 436 68 0 
178 241 71 0 
179 700 57 0 
179 672 30 0 
180 752 104 0 
180 751 30 0 
180 708 8 0 
180 703 87 0 
180 415 78 0 
180 284 77 0 
181 619 44 0 
181 328 57 0 
181 258 37 0 
181 257 32 0 
182 725 49 0 
182 627 72 0 
182 607 24 0 
182 479 21 0 
182 342 42 0 
182 243 58 0 
183 742 40 0 
183 644 26 0 
183 626 86 0 
183 608 89 0 
183 507 35 0 
184 722 41 0 
184 693 55 0 
184 617 86 0 
184 568 87 0 
184 442 70 0 
184 378 33 0 
185 790 34 0 
185 780 62 0 
185 756 49 0 
185 724 53 0 
185 374 4 0 
185 334 34 0 
185 186 35 0 
186 402 64 0 
186 368 74 0 
186 298 48 0 
186 201 44 0 
186 192 36 0 
187 434 23 0 
187 338 10 0 
187 196 14 0 
188 641 26 0 
188 610 52 0 
188 531 102 0 
190 730 51 0 
190 627 16 0 
191 760 57 0 
191 685 64 0 
191 476 107 0 
191 436 89 0 
191 219 60 0 
192 791 82 0 
192 752 2 0 
192 576 29 0 
192 470 83 0 
192 468 119 0 
192 272 38 0 
193 769 46 0 
193 704 80 0 
193 601 50 0 
193 581 86 0 
193 528 68 0 
193 407 68 0 
193 296 21 0 
193 206 38 0 
194 711 90 0 
194 655 113 0 
194 263 64 0 
194 211 92 0 
195 626 71 0 
195 465 60 0 
195 402 48 0 
195 393 30 0 
196 790 10 0 
196 689 37 0 
196 451 63 0 
196 410 22 0 
196 377 54 0 
196 219 43 0 
197 757 74 0 
197 685 49 0 
197 606 56 0 
197 434 16 0 
197 424 64 0 
197 377 60 0 
198 624 35 0 
198 517 55 0 
198 504 50 0 
198 342 29 0 
198 322 34 0 
198 208 58 0 
199 769 48 0 
199 700 49 0 
199 642 86 0 
200 624 40 0 
200 611 70 0 
200 604 99 0 
200 522 74 0 
200 364 89 0 
200 320 47 0 
200 253 40 0 
200 233 30 0 
201 698 57 0 
201 584 65 0 
201 259 49 0 
202 797 84 0 
202 723 18 0 
202 710 71 0 
202 407 96 0 
202 254 41 0 
203 795 55 0 
203 792 34 0 
203 785 17 0 
203 592 73 0 
203 321 46 0 
203 301 37 0 
204 732 36 0 
204 580 63 0 
204 248 76 0 
205 516 19 0 
206 654 69 0 
206 565 24 0 
206 562 44 0 
206 268 37 0 
207 689 81 0 
207 449 15 0 
207 413 81 0 
207 405 94 0 
207 393 18 0 
207 303 48 0 
208 274 42 0 
209 741 36 0 
209 711 64 0 
209 683 73 0 
209 498 89 0 
209 410 75 0 
209 213 43 0 
210 731 17 0 
210 336 78 0 
210 313 74 0 
210 228 55 0 
211 519 56 0 
211 335 67 0 
212 731 79 0 
212 678 43 0 
212 634 44 0 
212 464 22 0 
212 463 76 0 
212 321 72 0 
213 779 99 0 
213 574 28 0 
213 476 73 0 
213 410 46 0 
213 322 38 0 
213 218 34 0 
214 697 55 0 
214 654 23 0 
214 578 60 0 
214 394 33 0 
214 305 64 0 
214 253 74 0 
216 676 41 0 
216 311 27 0 
216 270 68 0 
217 779 122 0 
217 744 58 0 
217 413 88 0 
218 626 85 0 
218 618 38 0 
218 499 45 0 
218 267 69 0 
218 249 51 0 
219 795 55 0 
219 739 85 0 
219 634 15 0 
219 561 58 0 
219 423 61 0 
219 370 75 0 
219 258 69 0 
219 225 31 0 
220 774 22 0 
220 741 18 0 
220 590 51 0 
220 552 49 0 
221 538 33 0 
221 396 34 0 
221 257 55 0 
222 723 6 0 
222 647 31 0 
222 410 60 0 
222 294 48 0 
222 249 50 0 
223 637 31 0 
223 469 38 0 
223 249 8 0 
224 429 62 0 
224 240 77 0 
225 573 28 0 
225 471 65 0 
225 329 34 0 
226 585 5 0 
226 347 25 0 
227 397 49 0 
227 265 61 0 
228 784 47 0 
228 675 70 0 
228 512 23 0 
228 354 72 0 
228 342 36 0 
229 694 46 0 
229 685 19 0 
229 605 76 0 
229 564 26 0 
229 491 40 0 
229 341 47 0 
230 630 4 0 
230 464 18 0 
231 643 16 0 
231 381 61 0 
231 238 31 0 
232 726 37 0 
232 685 55 0 
232 579 59 0 
232 395 18 0 
232 385 28 0 
233 756 10 0 
233 748 73 0 
233 686 52 0 
233 538 79 0 
233 481 81 0 
234 629 42 0 
234 511 70 0 
234 396 45 0 
234 267 42 0 
234 255 28 0 
235 775 61 0 
235 733 51 0 
235 531 44 0 
235 393 48 0 
236 791 40 0 
236 652 72 0 
237 272 28 0 
237 240 41 0 
238 484 85 0 
238 326 88 0 
239 428 52 0 
239 399 97 0 
240 771 84 0 
240 770 44 0 
240 767 44 0 
240 546 18 0 
240 493 37 0 
240 418 48 0 
241 793 60 0 
241 445 66 0 
241 387 80 0 
242 797 87 0 
242 693 46 0 
242 677 64 0 
242 627 33 0 
243 629 38 0 
243 497 52 0 
243 303 31 0 
244 689 67 0 
244 602 60 0 
245 759 62 0 
245 728 58 0 
245 526 27 0 
245 452 38 0 
246 549 74 0 
246 351 97 0 
246 261 115 0 
247 586 78 0 
247 466 91 0 
247 308 60 0 
248 536 38 0 
248 383 45 0 
249 622 15 0 
249 543 43 0 
249 517 58 0 
249 297 35 0 
249 265 37 0 
250 775 97 0 
250 646 61 0 
250 486 55 0 
251 592 55 0 
251 557 43 0 
251 516 47 0 
251 404 59 0 
252 573 39 0 
252 445 31 0 
253 754 70 0 
253 609 51 0 
253 541 53 0 
253 398 73 0 
254 737 37 0 
254 706 74 0 
254 385 55 0 
255 784 56 0 
255 781 106 0 
255 734 101 0 
255 509 43 0 
255 392 59 0 
255 340 36 0 
256 741 78 0 
256 641 87 0 
256 435 26 0 
256 419 45 0 
256 316 40 0 
257 722 33 0 
258 690 57 0 
258 520 43 0 
258 397 10 0 
259 465 82 0 
259 461 104 0 
260 675 9 0 
260 526 43 0 
260 507 25 0 
261 485 75 0 
262 704 64 0 
262 692 63 0 
262 684 98 0 
262 534 58 0 
262 476 92 0 
262 343 97 0 
263 516 87 0 
263 395 93 0 
264 725 33 0 
264 678 45 0 
264 567 16 0 
264 445 67 0 
264 269 87 0 
265 476 46 0 
265 383 38 0 
265 298 20 0 
266 600 67 0 
267 786 36 0 
267 769 51 0 
267 646 29 0 
267 425 82 0 
267 394 51 0 
268 771 34 0 
268 679 27 0 
268 356 35 0 
268 343 71 0 
269 562 76 0 
270 543 87 0 
270 489 50 0 
271 767 61 0 
271 629 41 0 
271 591 43 0 
271 506 94 0 
271 307 108 0 
271 292 40 0 
272 741 68 0 
272 462 62 0 
272 407 78 0 
273 778 68 0 
273 607 98 0 
273 476 121 0 
273 442 38 0 
273 426 61 0 
274 710 27 0 
274 687 56 0 
275 507 38 0 
276 726 45 0 
278 519 48 0 
279 774 70 0 
279 676 50 0 
279 659 72 0 
281 671 27 0 
281 537 31 0 
282 621 81 0 
282 600 32 0 
282 586 87 0 
283 410 49 0 
283 301 24 0 
284 546 6 0 
284 466 29 0 
284 350 19 0 
285 745 61 0 
285 436 70 0 
286 709 47 0 
286 471 96 0 
287 412 52 0 
287 308 26 0 
288 774 52 0 
288 729 7 0 
288 632 58 0 
288 529 61 0 
289 608 44 0 
290 668 21 0 
290 542 29 0 
290 430 70 0 
290 382 64 0 
291 793 8 0 
291 604 55 0 
291 538 52 0 
291 398 28 0 
292 695 59 0 
292 653 62 0 
292 605 28 0 
292 489 24 0 
294 797 71 0 
294 431 22 0 
295 776 57 0 
295 763 31 0 
295 664 95 0 
295 439 77 0 
295 343 96 0 
296 793 52 0 
296 770 57 0 
296 765 27 0 
296 510 29 0 
296 438 78 0 
296 437 3 0 
296 402 38 0 
296 368 38 0 
297 781 31 0 
297 474 55 0 
297 465 40 0 
298 761 59 0 
298 565 39 0 
298 435 44 0 
299 792 31 0 
299 785 16 0 
299 349 49 0 
299 318 25 0 
300 454 19 0 
300 431 11 0 
301 387 61 0 
302 766 56 0 
302 739 103 0 
302 600 56 0 
302 547 45 0 
302 486 56 0 
302 452 8 0 
303 709 57 0 
303 554 24 0 
304 717 54 0 
304 530 39 0 
304 357 20 0 
305 542 57 0 
305 466 69 0 
305 409 51 0 
305 408 55 0 
305 395 87 0 
306 731 57 0 
306 673 67 0 
306 372 104 0 
307 701 81 0 
307 397 57 0 
308 775 73 0 
308 689 34 0 
308 622 26 0 
309 701 44 0 
309 425 77 0 
310 784 11 0 
310 441 52 0 
310 384 60 0 
311 551 54 0 
312 789 86 0 
312 788 26 0 
312 546 26 0 
312 322 74 0 
313 524 42 0 
314 756 14 0 
314 606 57 0 
314 589 36 0 
314 481 84 0 
314 475 59 0 
314 410 39 0 
315 770 87 0 
315 685 50 0 
315 555 19 0 
315 460 30 0 
315 360 31 0 
316 378 55 0 
317 732 121 0 
317 624 62 0 
317 415 80 0 
318 642 35 0 
318 536 26 0 
318 467 40 0 
318 427 10 0 
318 413 57 0 
318 359 66 0 
318 338 37 0 
319 740 29 0 
319 443 21 0 
319 375 77 0 
320 678 25 0 
320 624 20 0 
321 784 62 0 
321 707 102 0 
321 559 62 0 
321 374 29 0 
323 721 19 0 
323 539 49 0 
323 515 74 0 
323 377 87 0 
324 507 27 0 
324 367 80 0 
325 552 68 0 
325 530 23 0 
325 357 54 0 
326 390 82 0 
327 768 65 0 
327 607 28 0 
328 738 100 0 
328 671 81 0 
328 560 63 0 
328 493 97 0 
328 339 22 0 
329 744 34 0 
329 717 97 0 
329 648 68 0 
329 620 71 0 
329 515 46 0 
329 410 49 0 
329 405 51 0 
330 753 31 0 
330 662 72 0 
330 659 21 0 
330 629 50 0 
330 506 96 0 
331 796 42 0 
331 792 16 0 
331 421 39 0 
332 766 82 0 
332 647 37 0 
332 459 67 0 
333 732 31 0 
333 688 86 0 
333 532 80 0 
333 391 62 0 
333 386 20 0 
334 671 24 0 
334 602 73 0 
335 653 42 0 
335 361 68 0 
336 716 63 0 
336 703 76 0 
336 664 92 0 
336 395 48 0 
337 721 19 0 
337 695 76 0 
337 559 45 0 
338 594 58 0 
339 791 83 0 
339 781 33 0 
339 653 61 0 
339 648 78 0 
339 561 90 0 
339 355 62 0 
339 349 46 0 
340 658 46 0 
340 521 46 0 
341 649 19 0 
341 644 85 0 
342 747 34 0 
342 471 64 0 
342 358 56 0 
343 604 89 0 
343 499 48 0 
344 789 77 0 
344 722 26 0 
344 691 16 0 
344 415 10 0 
344 371 58 0 
345 599 76 0 
346 773 88 0 
346 632 53 0 
346 404 44 0 
347 583 30 0 
348 688 105 0 
349 499 36 0 
349 419 39 0 
350 710 14 0 
350 668 32 0 
351 718 86 0 
351 702 65 0 
351 539 30 0 
351 402 74 0 
352 410 16 0 
353 787 59 0 
353 590 73 0 
353 416 11 0 
353 406 61 0 
355 441 39 0 
355 365 40 0 
356 596 58 0 
356 536 31 0 
356 527 24 0 
356 474 46 0 
356 445 35 0 
357 719 45 0 
358 767 73 0 
359 704 85 0 
359 553 94 0 
360 715 31 0 
360 657 66 0 
360 523 34 0 
361 755 30 0 
361 744 42 0 
361 620 32 0 
361 376 85 0 
362 602 34 0 
362 478 57 0 
362 441 52 0 
362 433 57 0 
362 384 49 0 
364 786 52 0 
364 762 16 0 
364 707 12 0 
365 784 44 0 
365 578 33 0 
365 369 51 0 
366 781 79 0 
366 697 52 0 
367 782 13 0 
367 565 66 0 
367 543 78 0 
367 395 94 0 
368 771 94 0 
368 404 23 0 
369 648 100 0 
369 519 28 0 
370 694 55 0 
370 598 62 0 
370 484 83 0 
371 741 26 0 
371 637 50 0 
371 581 60 0 
372 467 73 0 
373 483 92 0 
374 463 49 0 
374 449 36 0 
375 692 48 0 
375 662 60 0 
375 384 17 0 
376 432 64 0 
377 732 108 0 
377 677 61 0 
377 530 31 0 
378 505 73 0 
379 772 24 0 
379 671 21 0 
379 453 31 0 
379 395 33 0 
380 623 95 0 
380 526 32 0 
380 523 23 0 
381 772 94 0 
381 707 56 0 
381 443 47 0 
382 795 62 0 
382 466 80 0 
382 434 16 0 
383 778 17 0 
383 543 11 0 
384 709 75 0 
384 634 20 0 
384 454 74 0 
386 661 70 0 
386 539 31 0 
386 494 17 0 
387 597 40 0 
387 545 62 0 
387 443 41 0 
387 392 44 0 
388 613 96 0 
388 439 32 0 
389 497 6 0 
390 775 80 0 
390 553 88 0 
391 724 59 0 
391 688 38 0 
392 739 30 0 
392 435 47 0 
393 506 25 0 
394 418 29 0 
396 679 63 0 
396 565 51 0 
396 528 30 0 
397 406 71 0 
398 739 46 0 
398 684 66 0 
398 579 25 0 
399 653 61 0 
399 597 73 0 
399 551 84 0 
399 484 68 0 
399 479 68 0 
400 672 54 0 
400 648 13 0 
400 593 83 0 
400 570 47 0 
400 565 61 0 
401 568 92 0 
402 667 56 0 
402 661 40 0 
403 666 54 0 
403 629 31 0 
403 597 8 0 
403 474 48 0 
403 452 73 0 
404 589 66 0 
404 579 31 0 
405 559 40 0 
405 520 42 0 
406 701 55 0 
406 576 62 0 
407 799 39 0 
407 740 75 0 
407 458 36 0 
408 793 13 0 
408 674 43 0 
408 644 56 0 
410 684 58 0 
410 639 35 0 
410 467 35 0 
411 535 48 0 
412 549 64 0 
412 475 12 0 
413 757 87 0 
414 796 29 0 
414 667 16 0 
414 557 58 0 
414 437 83 0 
415 615 42 0 
415 612 69 0 
415 468 92 0 
417 681 52 0 
417 640 46 0 
417 594 87 0 
417 420 77 0 
418 777 42 0 
418 662 41 0 
418 557 17 0 
418 463 38 0 
418 445 36 0 
419 668 39 0 
419 503 33 0 
419 455 23 0 
420 605 35 0 
421 618 73 0 
421 499 51 0 
423 572 10 0 
424 743 79 0 
424 714 69 0 
424 481 42 0 
424 445 45 0 
425 520 73 0 
426 507 32 0 
427 757 39 0 
427 748 69 0 
427 696 17 0 
427 672 46 0 
427 617 49 0 
427 601 29 0 
428 705 60 0 
428 645 30 0 
429 788 118 0 
429 645 104 0 
429 612 37 0 
429 496 20 0 
430 680 51 0 
430 522 66 0 
430 449 44 0 
431 749 57 0 
431 655 59 0 
431 531 45 0 
431 432 45 0 
432 653 52 0 
432 558 20 0 
432 524 21 0 
433 749 44 0 
433 680 58 0 
433 621 45 0 
433 456 56 0 
434 693 25 0 
435 785 25 0 
435 686 22 0 
435 612 64 0 
435 505 69 0 
435 490 51 0 
436 758 113 0 
436 452 89 0 
437 577 49 0 
437 516 82 0 
438 575 93 0 
439 680 108 0 
439 648 122 0 
439 621 52 0 
440 495 67 0 
442 722 37 0 
442 615 17 0 
444 679 3 0 
446 731 65 0 
446 527 36 0 
446 514 37 0 
446 494 41 0 
447 750 76 0 
447 489 71 0 
448 664 91 0 
450 616 56 0 
451 649 64 0 
452 663 37 0 
453 658 10 0 
453 657 45 0 
453 517 34 0 
453 508 68 0 
454 656 29 0 
454 606 49 0 
455 653 16 0 
455 604 70 0 
455 526 73 0 
456 560 31 0 
456 555 57 0 
457 653 55 0 
458 621 50 0 
458 571 70 0 
458 501 57 0 
459 594 73 0 
459 482 6 0 
460 617 59 0 
461 732 83 0 
461 612 92 0 
463 693 32 0 
464 795 38 0 
464 764 34 0 
464 649 42 0 
464 602 70 0 
465 564 20 0 
465 524 34 0 
466 667 85 0 
466 591 53 0 
466 471 79 0 
467 648 72 0 
468 533 76 0 
469 779 105 0 
469 564 78 0 
470 695 59 0 
470 591 84 0 
472 798 7 0 
472 742 51 0 
472 681 54 0 
473 619 66 0 
474 718 69 0 
474 596 72 0 
475 789 68 0 
475 765 56 0 
475 710 48 0 
475 662 51 0 
475 499 30 0 
476 712 22 0 
477 744 51 0 
477 540 108 0 
478 663 74 0 
478 577 86 0 
479 661 64 0 
479 660 55 0 
479 605 33 0 
479 574 37 0 
479 551 33 0 
480 760 43 0 
480 535 73 0 
481 783 93 0 
481 699 94 0 
481 663 26 0 
482 555 48 0 
482 506 63 0 
482 491 55 0 
483 749 18 0 
483 682 98 0 
485 527 48 0 
486 695 50 0 
487 649 50 0 
487 582 47 0 
489 783 63 0 
489 613 64 0 
490 594 35 0 
492 624 25 0 
492 528 10 0 
492 520 7 0 
493 736 79 0 
493 635 30 0 
494 775 60 0 
494 543 42 0 
495 717 69 0 
495 598 42 0 
496 571 62 0 
497 774 22 0 
497 579 42 0 
498 745 65 0 
498 656 19 0 
499 522 36 0 
500 778 14 0 
500 756 68 0 
500 579 53 0 
502 596 64 0 
503 582 41 0 
504 793 48 0 
504 602 114 0 
504 574 69 0 
504 517 14 0 
504 507 53 0 
505 666 75 0 
505 619 79 0 
505 612 47 0 
506 603 26 0 
506 535 21 0 
507 649 19 0 
508 718 99 0 
509 757 54 0 
509 711 61 0 
509 665 76 0 
512 675 61 0 
513 782 98 0 
513 681 45 0 
513 678 40 0 
513 548 52 0 
514 741 93 0 
514 667 40 0 
516 799 75 0 
516 675 33 0 
517 603 81 0 
517 575 39 0 
518 657 32 0 
519 647 57 0 
520 771 71 0 
520 525 49 0 
521 544 92 0 
522 772 57 0 
522 748 25 0 
522 670 27 0 
522 608 62 0 
522 563 45 0 
523 733 58 0 
524 798 43 0 
524 681 19 0 
524 652 49 0 
524 598 23 0 
524 544 53 0 
525 716 34 0 
525 650 77 0 
525 623 79 0 
526 562 6 0 
527 687 49 0 
527 664 50 0 
528 646 37 0 
529 744 35 0 
530 554 32 0 
531 640 19 0 
532 644 89 0 
532 595 26 0 
534 751 11 0 
534 656 76 0 
535 762 80 0 
535 674 64 0 
536 703 21 0 
536 694 19 0 
536 651 48 0 
537 640 49 0 
538 680 79 0 
538 657 42 0 
538 656 84 0 
540 705 103 0 
542 721 26 0 
542 624 19 0 
543 670 65 0 
543 649 51 0 
543 608 94 0 
544 721 32 0 
544 583 74 0 
545 594 78 0 
546 798 64 0 
546 755 45 0 
546 732 27 0 
546 618 36 0 
546 610 65 0 
547 741 68 0 
547 561 51 0 
548 734 23 0 
548 637 43 0 
549 551 71 0 
550 762 38 0 
550 562 70 0 
551 688 83 0 
551 611 84 0 
551 565 42 0 
552 778 46 0 
552 730 45 0 
552 661 80 0 
553 710 97 0 
554 659 36 0 
555 776 70 0 
556 798 68 0 
556 782 53 0 
556 693 29 0 
557 670 50 0 
557 608 80 0 
558 666 64 0 
558 638 7 0 
559 704 74 0 
560 791 92 0 
560 767 49 0 
561 763 51 0 
562 700 46 0 
563 676 30 0 
563 663 6 0 
564 641 36 0 
567 749 5 0 
567 680 20 0 
567 667 41 0 
569 793 51 0 
570 794 36 0 
570 730 57 0 
570 662 18 0 
571 629 46 0 
572 725 70 0 
572 672 74 0 
573 672 22 0 
574 626 77 0 
576 645 10 0 
577 633 11 0 
578 631 28 0 
580 704 56 0 
580 660 63 0 
581 779 30 0 
581 690 50 0 
582 745 26 0 
582 618 57 0 
583 718 101 0 
584 695 69 0 
584 660 37 0 
585 772 55 0 
585 643 60 0 
586 682 22 0 
587 606 50 0 
590 729 37 0 
591 710 82 0 
592 684 104 0 
592 608 107 0 
593 677 26 0 
598 754 24 0 
599 765 98 0 
599 736 75 0 
599 656 43 0 
602 757 36 0 
603 672 43 0 
604 774 30 0 
605 774 54 0 
606 784 45 0 
606 634 11 0 
607 781 52 0 
608 700 57 0 
609 765 71 0 
610 732 59 0 
610 627 56 0 
611 769 71 0 
611 709 72 0 
612 792 70 0 
612 669 81 0 
613 755 36 0 
614 671 48 0 
615 755 41 0 
616 685 49 0 
617 788 91 0 
618 790 63 0 
618 710 60 0 
619 770 91 0 
620 735 77 0 
620 627 17 0 
621 641 27 0 
622 713 41 0 
622 632 32 0 
623 662 48 0 
624 739 64 0 
624 633 48 0 
625 708 29 0 
626 787 68 0 
626 780 31 0 
627 775 85 0 
627 693 34 0 
627 650 49 0 
628 757 46 0 
629 789 53 0 
629 650 51 0 
631 777 61 0 
635 714 72 0 
636 696 53 0 
636 671 54 0 
638 701 46 0 
639 747 80 0 
639 720 78 0 
639 673 30 0 
641 709 60 0 
642 785 54 0 
643 718 19 0 
646 659 41 0 
647 797 41 0 
647 714 10 0 
650 776 19 0 
651 744 32 0 
652 746 46 0 
653 732 62 0 
656 679 60 0 
658 687 63 0 
659 697 17 0 
660 786 39 0 
660 763 74 0 
660 730 49 0 
660 683 93 0 
664 784 40 0 
666 731 55 0 
666 720 75 0 
667 778 50 0 
668 735 28 0 
669 745 46 0 
671 755 26 0 
672 711 11 0 
674 723 85 0 
675 734 81 0 
678 715 38 0 
679 742 54 0 
680 774 64 0 
680 750 91 0 
680 694 36 0 
681 771 59 0 
682 688 76 0 
684 773 1 0 
687 755 56 0 
688 769 72 0 
689 725 80 0 
690 759 62 0 
691 754 59 0 
692 723 55 0 
694 738 55 0 
694 722 27 0 
695 703 16 0 
696 703 55 0 
697 710 33 0 
698 699 89 0 
699 713 12 0 
701 769 42 0 
701 761 37 0 
702 790 26 0 
706 773 96 0 
707 785 85 0 
707 773 58 0 
710 793 36 0 
710 742 29 0 
711 742 60 0 
715 793 39 0 
715 782 92 0 
722 773 39 0 
722 729 60 0 
723 745 34 0 
724 778 62 0 
727 778 69 0 
732 776 22 0 
733 794 32 0 
736 789 101 0 
739 777 108 0 
740 780 25 0 
743 752 22 0 
744 792 32 0 
748 751 36 0 
751 795 19 0 
752 758 88 0 
753 782 12 0 
760 770 44 0 
761 765 80 0 
766 781 74 0 
775 793 60 0 
