#GRAPH (#nodes #edges id uu vv ww xx yy zz):
#800 3800 geo(0,{800,100,3,0.006,0.000,0.000}) 100 
#
VERTICES (index name u v w x y z):
0 0 78 61 
1 1 8 33 
2 2 94 85 
3 3 45 60 
4 4 93 31 
5 5 63 99 
6 6 46 77 
7 7 54 36 
8 8 46 47 
9 9 92 84 
10 10 11 29 
11 11 90 23 
12 12 74 0 
13 13 55 78 
14 14 78 24 
15 15 2 19 
16 16 27 35 
17 17 6 99 
18 18 62 45 
19 19 60 77 
20 20 29 58 
21 21 91 72 
22 22 47 45 
23 23 76 62 
24 24 7 63 
25 25 12 99 
26 26 32 12 
27 27 77 45 
28 28 94 89 
29 29 4 32 
30 30 45 14 
31 31 44 20 
32 32 55 1 
33 33 16 87 
34 34 14 19 
35 35 0 85 
36 36 84 66 
37 37 37 33 
38 38 90 50 
39 39 59 14 
40 40 77 79 
41 41 38 75 
42 42 2 48 
43 43 48 33 
44 44 1 80 
45 45 93 41 
46 46 33 35 
47 47 84 9 
48 48 63 74 
49 49 47 78 
50 50 39 88 
51 51 64 8 
52 52 71 76 
53 53 88 51 
54 54 22 54 
55 55 71 94 
56 56 34 26 
57 57 54 69 
58 58 12 73 
59 59 41 68 
60 60 43 17 
61 61 73 17 
62 62 57 24 
63 63 43 32 
64 64 64 22 
65 65 39 70 
66 66 62 80 
67 67 90 72 
68 68 40 83 
69 69 14 82 
70 70 53 43 
71 71 68 46 
72 72 44 66 
73 73 74 17 
74 74 10 76 
75 75 42 0 
76 76 2 15 
77 77 94 20 
78 78 36 27 
79 79 24 5 
80 80 87 55 
81 81 61 20 
82 82 95 5 
83 83 65 3 
84 84 67 64 
85 85 73 8 
86 86 67 63 
87 87 72 32 
88 88 84 77 
89 89 36 70 
90 90 99 16 
91 91 13 60 
92 92 55 50 
93 93 96 50 
94 94 83 23 
95 95 67 23 
96 96 76 38 
97 97 28 75 
98 98 83 43 
99 99 5 89 
100 100 6 80 
101 101 36 21 
102 102 81 96 
103 103 57 27 
104 104 63 12 
105 105 84 40 
106 106 89 65 
107 107 64 39 
108 108 6 63 
109 109 63 41 
110 110 63 1 
111 111 61 33 
112 112 11 30 
113 113 40 69 
114 114 67 54 
115 115 6 15 
116 116 99 65 
117 117 35 42 
118 118 69 73 
119 119 90 69 
120 120 74 82 
121 121 9 58 
122 122 71 63 
123 123 39 68 
124 124 17 43 
125 125 9 67 
126 126 32 85 
127 127 26 71 
128 128 35 57 
129 129 47 40 
130 130 18 86 
131 131 24 62 
132 132 89 73 
133 133 52 4 
134 134 84 56 
135 135 67 13 
136 136 58 88 
137 137 82 86 
138 138 57 21 
139 139 2 13 
140 140 86 24 
141 141 49 65 
142 142 57 12 
143 143 38 39 
144 144 48 52 
145 145 66 44 
146 146 82 63 
147 147 55 10 
148 148 54 92 
149 149 49 24 
150 150 86 38 
151 151 59 69 
152 152 26 90 
153 153 72 43 
154 154 83 87 
155 155 75 44 
156 156 42 65 
157 157 55 94 
158 158 35 59 
159 159 27 47 
160 160 52 79 
161 161 62 63 
162 162 30 33 
163 163 4 48 
164 164 17 19 
165 165 95 37 
166 166 50 39 
167 167 96 91 
168 168 63 30 
169 169 33 72 
170 170 5 38 
171 171 60 79 
172 172 97 49 
173 173 87 11 
174 174 90 67 
175 175 11 6 
176 176 79 31 
177 177 95 19 
178 178 60 65 
179 179 75 1 
180 180 72 1 
181 181 92 71 
182 182 7 48 
183 183 79 69 
184 184 55 65 
185 185 5 71 
186 186 21 36 
187 187 47 48 
188 188 61 66 
189 189 29 67 
190 190 26 42 
191 191 42 25 
192 192 18 19 
193 193 51 12 
194 194 13 73 
195 195 58 90 
196 196 89 61 
197 197 38 93 
198 198 59 47 
199 199 82 48 
200 200 93 7 
201 201 91 43 
202 202 3 67 
203 203 52 25 
204 204 94 53 
205 205 86 39 
206 206 55 85 
207 207 25 60 
208 208 71 44 
209 209 48 67 
210 210 68 98 
211 211 67 39 
212 212 66 83 
213 213 76 68 
214 214 51 60 
215 215 27 18 
216 216 25 7 
217 217 79 36 
218 218 94 35 
219 219 24 80 
220 220 0 63 
221 221 0 12 
222 222 49 57 
223 223 46 66 
224 224 94 51 
225 225 31 55 
226 226 29 49 
227 227 4 40 
228 228 14 8 
229 229 34 47 
230 230 37 73 
231 231 0 76 
232 232 37 50 
233 233 6 28 
234 234 54 26 
235 235 74 72 
236 236 67 87 
237 237 10 4 
238 238 18 81 
239 239 92 53 
240 240 9 4 
241 241 78 79 
242 242 73 66 
243 243 64 36 
244 244 81 27 
245 245 31 99 
246 246 86 47 
247 247 25 9 
248 248 5 64 
249 249 80 86 
250 250 95 2 
251 251 67 98 
252 252 9 65 
253 253 80 83 
254 254 29 20 
255 255 8 28 
256 256 72 8 
257 257 50 15 
258 258 72 29 
259 259 48 72 
260 260 90 96 
261 261 75 12 
262 262 62 40 
263 263 84 33 
264 264 94 12 
265 265 69 69 
266 266 59 42 
267 267 48 54 
268 268 75 77 
269 269 23 33 
270 270 52 56 
271 271 2 34 
272 272 38 58 
273 273 99 10 
274 274 10 75 
275 275 3 25 
276 276 10 54 
277 277 60 71 
278 278 37 14 
279 279 0 29 
280 280 28 7 
281 281 23 72 
282 282 45 58 
283 283 35 62 
284 284 11 10 
285 285 11 92 
286 286 33 26 
287 287 10 12 
288 288 88 43 
289 289 26 81 
290 290 13 1 
291 291 46 80 
292 292 85 21 
293 293 60 57 
294 294 75 50 
295 295 93 10 
296 296 97 88 
297 297 52 80 
298 298 96 22 
299 299 10 78 
300 300 56 32 
301 301 86 29 
302 302 27 31 
303 303 35 14 
304 304 27 96 
305 305 9 73 
306 306 30 77 
307 307 75 27 
308 308 56 39 
309 309 52 84 
310 310 8 71 
311 311 32 21 
312 312 45 31 
313 313 5 95 
314 314 39 62 
315 315 45 42 
316 316 22 80 
317 317 37 12 
318 318 32 23 
319 319 54 1 
320 320 99 32 
321 321 68 61 
322 322 98 12 
323 323 30 90 
324 324 65 80 
325 325 35 38 
326 326 35 48 
327 327 67 46 
328 328 21 94 
329 329 44 1 
330 330 69 23 
331 331 74 84 
332 332 70 76 
333 333 71 5 
334 334 80 53 
335 335 36 95 
336 336 46 57 
337 337 5 87 
338 338 82 77 
339 339 87 71 
340 340 3 54 
341 341 17 27 
342 342 46 99 
343 343 41 32 
344 344 43 36 
345 345 2 25 
346 346 45 70 
347 347 39 61 
348 348 93 95 
349 349 79 21 
350 350 37 3 
351 351 82 74 
352 352 76 99 
353 353 78 12 
354 354 64 94 
355 355 49 38 
356 356 37 49 
357 357 10 55 
358 358 26 32 
359 359 62 38 
360 360 39 52 
361 361 37 10 
362 362 22 27 
363 363 29 56 
364 364 85 31 
365 365 94 98 
366 366 62 52 
367 367 43 84 
368 368 60 26 
369 369 97 59 
370 370 92 11 
371 371 97 60 
372 372 4 67 
373 373 16 18 
374 374 79 9 
375 375 14 38 
376 376 72 22 
377 377 41 84 
378 378 15 35 
379 379 76 67 
380 380 94 39 
381 381 78 35 
382 382 35 31 
383 383 32 83 
384 384 91 78 
385 385 95 3 
386 386 71 67 
387 387 27 23 
388 388 47 98 
389 389 65 65 
390 390 94 15 
391 391 36 74 
392 392 46 23 
393 393 50 97 
394 394 81 17 
395 395 86 37 
396 396 76 98 
397 397 89 98 
398 398 81 70 
399 399 83 99 
400 400 28 79 
401 401 91 68 
402 402 85 79 
403 403 10 88 
404 404 6 68 
405 405 45 80 
406 406 73 3 
407 407 35 99 
408 408 71 54 
409 409 86 46 
410 410 35 28 
411 411 81 35 
412 412 47 7 
413 413 57 90 
414 414 76 2 
415 415 65 23 
416 416 16 76 
417 417 63 49 
418 418 85 90 
419 419 68 33 
420 420 28 51 
421 421 73 87 
422 422 80 64 
423 423 49 63 
424 424 73 12 
425 425 58 85 
426 426 33 90 
427 427 97 18 
428 428 52 87 
429 429 89 56 
430 430 3 17 
431 431 17 78 
432 432 92 47 
433 433 97 74 
434 434 73 69 
435 435 60 46 
436 436 52 83 
437 437 46 49 
438 438 71 17 
439 439 91 63 
440 440 9 26 
441 441 15 1 
442 442 38 98 
443 443 99 40 
444 444 80 35 
445 445 84 30 
446 446 25 61 
447 447 72 85 
448 448 17 99 
449 449 16 37 
450 450 19 59 
451 451 11 2 
452 452 14 90 
453 453 9 10 
454 454 59 35 
455 455 39 28 
456 456 1 41 
457 457 15 91 
458 458 62 67 
459 459 92 64 
460 460 94 22 
461 461 44 21 
462 462 66 88 
463 463 82 31 
464 464 24 85 
465 465 27 57 
466 466 22 25 
467 467 23 68 
468 468 27 74 
469 469 62 96 
470 470 2 71 
471 471 21 57 
472 472 61 70 
473 473 77 61 
474 474 93 20 
475 475 53 58 
476 476 61 2 
477 477 41 14 
478 478 43 14 
479 479 88 89 
480 480 99 89 
481 481 87 42 
482 482 44 76 
483 483 19 23 
484 484 74 14 
485 485 1 12 
486 486 68 0 
487 487 32 7 
488 488 38 62 
489 489 44 53 
490 490 64 45 
491 491 62 73 
492 492 16 69 
493 493 3 23 
494 494 51 87 
495 495 39 13 
496 496 60 80 
497 497 76 83 
498 498 66 70 
499 499 9 9 
500 500 18 72 
501 501 51 96 
502 502 41 78 
503 503 60 93 
504 504 17 58 
505 505 2 99 
506 506 22 84 
507 507 77 62 
508 508 62 30 
509 509 68 19 
510 510 53 99 
511 511 96 0 
512 512 0 5 
513 513 58 45 
514 514 79 75 
515 515 46 68 
516 516 85 83 
517 517 60 92 
518 518 92 52 
519 519 12 60 
520 520 43 65 
521 521 23 39 
522 522 43 29 
523 523 19 67 
524 524 53 79 
525 525 15 52 
526 526 10 26 
527 527 69 98 
528 528 91 24 
529 529 17 84 
530 530 12 23 
531 531 43 56 
532 532 26 86 
533 533 48 60 
534 534 92 10 
535 535 94 93 
536 536 27 45 
537 537 68 14 
538 538 60 31 
539 539 88 68 
540 540 29 75 
541 541 14 37 
542 542 98 61 
543 543 32 64 
544 544 51 62 
545 545 92 67 
546 546 74 73 
547 547 29 68 
548 548 43 85 
549 549 9 86 
550 550 29 79 
551 551 62 48 
552 552 83 93 
553 553 64 90 
554 554 85 24 
555 555 55 43 
556 556 86 18 
557 557 39 81 
558 558 86 82 
559 559 98 10 
560 560 70 77 
561 561 71 31 
562 562 12 69 
563 563 15 98 
564 564 60 75 
565 565 47 88 
566 566 16 0 
567 567 70 56 
568 568 47 15 
569 569 98 17 
570 570 72 65 
571 571 95 44 
572 572 39 41 
573 573 55 86 
574 574 25 92 
575 575 59 29 
576 576 38 78 
577 577 91 35 
578 578 96 11 
579 579 52 42 
580 580 44 17 
581 581 26 9 
582 582 78 82 
583 583 51 36 
584 584 13 5 
585 585 8 25 
586 586 32 28 
587 587 96 51 
588 588 52 72 
589 589 89 22 
590 590 74 16 
591 591 17 25 
592 592 40 57 
593 593 30 22 
594 594 10 29 
595 595 77 15 
596 596 75 49 
597 597 77 13 
598 598 84 34 
599 599 10 71 
600 600 30 89 
601 601 33 36 
602 602 98 44 
603 603 58 76 
604 604 88 59 
605 605 19 68 
606 606 36 28 
607 607 69 38 
608 608 12 90 
609 609 50 91 
610 610 30 88 
611 611 89 55 
612 612 50 60 
613 613 61 8 
614 614 32 16 
615 615 77 39 
616 616 68 6 
617 617 21 98 
618 618 61 61 
619 619 72 71 
620 620 3 18 
621 621 75 91 
622 622 84 78 
623 623 23 17 
624 624 68 95 
625 625 58 0 
626 626 5 47 
627 627 75 65 
628 628 38 8 
629 629 24 9 
630 630 90 52 
631 631 53 87 
632 632 12 7 
633 633 40 32 
634 634 65 99 
635 635 38 67 
636 636 14 63 
637 637 61 88 
638 638 26 83 
639 639 14 16 
640 640 98 90 
641 641 68 97 
642 642 34 36 
643 643 6 32 
644 644 56 77 
645 645 88 85 
646 646 73 13 
647 647 64 14 
648 648 54 88 
649 649 39 98 
650 650 21 24 
651 651 7 88 
652 652 96 57 
653 653 39 78 
654 654 17 35 
655 655 76 56 
656 656 17 3 
657 657 91 12 
658 658 93 64 
659 659 54 9 
660 660 37 44 
661 661 39 73 
662 662 96 44 
663 663 88 70 
664 664 8 45 
665 665 92 87 
666 666 9 89 
667 667 94 48 
668 668 43 69 
669 669 60 13 
670 670 71 3 
671 671 15 5 
672 672 70 96 
673 673 45 32 
674 674 92 33 
675 675 72 80 
676 676 0 77 
677 677 54 45 
678 678 91 32 
679 679 88 34 
680 680 55 60 
681 681 92 34 
682 682 92 9 
683 683 99 97 
684 684 66 91 
685 685 1 89 
686 686 80 74 
687 687 64 64 
688 688 57 10 
689 689 24 72 
690 690 44 92 
691 691 68 83 
692 692 48 31 
693 693 20 7 
694 694 72 45 
695 695 10 40 
696 696 78 96 
697 697 20 55 
698 698 51 40 
699 699 93 22 
700 700 57 30 
701 701 74 13 
702 702 86 87 
703 703 64 62 
704 704 12 0 
705 705 31 17 
706 706 18 52 
707 707 52 23 
708 708 12 48 
709 709 39 15 
710 710 74 77 
711 711 59 7 
712 712 94 61 
713 713 13 40 
714 714 28 11 
715 715 20 36 
716 716 83 19 
717 717 77 23 
718 718 16 88 
719 719 57 76 
720 720 33 18 
721 721 52 86 
722 722 63 4 
723 723 42 78 
724 724 57 1 
725 725 31 91 
726 726 47 14 
727 727 83 81 
728 728 76 52 
729 729 91 5 
730 730 98 55 
731 731 33 16 
732 732 59 82 
733 733 76 95 
734 734 98 15 
735 735 13 4 
736 736 74 67 
737 737 14 72 
738 738 4 83 
739 739 34 13 
740 740 37 55 
741 741 50 44 
742 742 3 63 
743 743 58 36 
744 744 76 57 
745 745 73 97 
746 746 35 83 
747 747 68 59 
748 748 16 10 
749 749 27 11 
750 750 21 70 
751 751 59 19 
752 752 30 11 
753 753 51 80 
754 754 81 33 
755 755 80 61 
756 756 97 14 
757 757 94 11 
758 758 29 53 
759 759 37 53 
760 760 88 80 
761 761 99 46 
762 762 80 70 
763 763 25 36 
764 764 63 51 
765 765 0 43 
766 766 72 30 
767 767 56 84 
768 768 87 54 
769 769 93 71 
770 770 7 66 
771 771 64 67 
772 772 24 34 
773 773 83 21 
774 774 2 81 
775 775 6 9 
776 776 65 15 
777 777 54 99 
778 778 98 3 
779 779 1 27 
780 780 61 0 
781 781 81 13 
782 782 79 95 
783 783 8 46 
784 784 8 9 
785 785 64 50 
786 786 2 63 
787 787 57 52 
788 788 30 78 
789 789 32 1 
790 790 48 45 
791 791 33 29 
792 792 89 2 
793 793 74 80 
794 794 74 41 
795 795 72 53 
796 796 86 71 
797 797 45 30 
798 798 86 1 
799 799 14 50 
#
EDGES (from-node to-node length a b):
0 779 84 0 
0 771 15 0 
0 441 87 0 
0 97 52 0 
1 658 90 0 
1 611 84 0 
1 609 72 0 
1 9 98 0 
2 689 71 0 
2 496 34 0 
2 474 65 0 
2 467 73 0 
2 369 26 0 
2 238 76 0 
2 195 36 0 
3 797 30 0 
3 776 49 0 
3 559 73 0 
3 426 32 0 
3 265 26 0 
4 675 53 0 
4 256 31 0 
4 101 58 0 
4 87 21 0 
4 81 34 0 
5 732 17 0 
5 626 78 0 
5 511 104 0 
5 384 35 0 
6 501 20 0 
6 225 27 0 
7 739 30 0 
7 415 17 0 
7 387 30 0 
7 56 22 0 
8 442 52 0 
8 282 11 0 
9 722 85 0 
9 335 57 0 
9 132 11 0 
10 563 69 0 
11 756 11 0 
11 568 44 0 
11 336 56 0 
11 125 92 0 
12 571 49 0 
12 353 13 0 
12 301 31 0 
13 732 6 0 
13 728 33 0 
13 598 53 0 
13 580 62 0 
13 353 70 0 
14 797 34 0 
14 673 34 0 
14 607 17 0 
14 559 24 0 
14 307 4 0 
14 302 51 0 
14 249 62 0 
14 134 33 0 
15 483 17 0 
15 332 89 0 
15 328 77 0 
15 221 7 0 
15 129 50 0 
15 22 52 0 
16 334 56 0 
16 256 52 0 
16 236 66 0 
16 219 45 0 
16 190 7 0 
16 153 46 0 
16 149 25 0 
17 668 48 0 
17 615 93 0 
17 487 96 0 
17 471 45 0 
17 111 86 0 
18 641 52 0 
18 552 52 0 
18 435 2 0 
18 350 49 0 
18 275 62 0 
18 132 39 0 
18 116 42 0 
18 32 45 0 
19 732 5 0 
19 698 38 0 
19 697 46 0 
19 581 76 0 
19 565 17 0 
19 369 41 0 
19 293 20 0 
19 205 46 0 
20 793 50 0 
20 469 50 0 
20 193 51 0 
21 454 49 0 
21 428 42 0 
21 419 45 0 
21 399 28 0 
21 151 32 0 
22 740 14 0 
22 689 35 0 
22 450 31 0 
22 287 50 0 
23 305 68 0 
23 223 30 0 
23 119 16 0 
23 108 70 0 
24 673 49 0 
24 517 60 0 
24 412 69 0 
25 766 91 0 
25 724 108 0 
25 491 56 0 
25 214 55 0 
26 654 27 0 
26 564 69 0 
26 401 81 0 
26 313 87 0 
26 291 69 0 
26 253 86 0 
26 139 30 0 
26 121 51 0 
27 647 34 0 
27 556 28 0 
27 346 41 0 
27 268 32 0 
28 779 112 0 
28 761 43 0 
28 653 56 0 
28 443 49 0 
28 280 105 0 
28 245 64 0 
28 186 90 0 
28 120 21 0 
29 760 97 0 
29 673 41 0 
29 507 79 0 
29 389 69 0 
29 234 50 0 
29 218 90 0 
29 93 94 0 
29 51 65 0 
30 788 66 0 
30 700 20 0 
30 170 47 0 
30 34 31 0 
31 781 38 0 
31 572 22 0 
31 452 76 0 
31 230 53 0 
31 123 48 0 
32 688 9 0 
32 593 33 0 
32 512 55 0 
32 361 20 0 
33 656 84 0 
33 292 95 0 
33 56 64 0 
34 780 51 0 
34 593 16 0 
34 425 79 0 
34 291 69 0 
35 677 67 0 
35 444 94 0 
35 349 102 0 
35 268 75 0 
35 264 119 0 
35 201 100 0 
35 85 106 0 
36 756 54 0 
36 755 6 0 
36 743 40 0 
36 580 63 0 
36 503 36 0 
36 159 60 0 
37 404 47 0 
37 267 24 0 
38 381 19 0 
38 306 66 0 
38 291 53 0 
38 232 53 0 
38 115 91 0 
39 513 31 0 
39 294 39 0 
39 216 35 0 
39 116 65 0 
40 744 22 0 
40 136 21 0 
40 117 56 0 
40 98 36 0 
40 60 71 0 
41 795 40 0 
41 642 39 0 
41 442 23 0 
41 231 38 0 
41 129 36 0 
41 72 11 0 
42 604 87 0 
42 521 23 0 
42 459 91 0 
42 391 43 0 
42 286 38 0 
42 220 15 0 
43 463 34 0 
43 451 48 0 
43 313 75 0 
43 247 33 0 
43 63 5 0 
44 314 42 0 
44 264 115 0 
44 162 55 0 
44 94 100 0 
45 677 39 0 
45 615 16 0 
45 554 19 0 
45 434 34 0 
45 386 34 0 
45 110 50 0 
46 289 47 0 
46 232 16 0 
46 194 43 0 
47 766 24 0 
47 697 79 0 
47 620 81 0 
47 612 61 0 
47 585 78 0 
47 561 26 0 
47 506 97 0 
47 273 15 0 
47 111 33 0 
48 228 82 0 
49 773 67 0 
49 734 81 0 
49 602 61 0 
49 525 41 0 
49 394 70 0 
50 781 86 0 
50 579 48 0 
50 529 22 0 
50 496 22 0 
50 421 34 0 
50 324 27 0 
50 321 40 0 
50 132 52 0 
51 696 89 0 
51 626 71 0 
51 537 7 0 
51 425 77 0 
51 415 15 0 
51 300 25 0 
51 283 61 0 
51 207 65 0 
52 612 26 0 
52 369 31 0 
52 248 67 0 
53 449 73 0 
53 145 23 0 
54 783 16 0 
54 706 4 0 
54 654 20 0 
54 517 54 0 
54 223 27 0 
55 636 65 0 
55 585 93 0 
55 278 87 0 
56 719 55 0 
56 306 51 0 
56 287 28 0 
56 171 59 0 
56 157 71 0 
56 150 53 0 
57 508 40 0 
57 155 33 0 
57 89 18 0 
58 436 41 0 
58 394 89 0 
58 373 55 0 
58 272 30 0 
59 765 48 0 
59 623 54 0 
59 556 67 0 
59 341 48 0 
59 186 38 0 
59 71 35 0 
60 705 12 0 
60 581 19 0 
60 520 48 0 
60 313 87 0 
61 712 49 0 
61 688 17 0 
61 460 22 0 
62 692 11 0 
62 520 43 0 
62 131 50 0 
63 732 52 0 
63 707 13 0 
63 240 44 0 
63 111 18 0 
64 733 74 0 
64 545 53 0 
64 485 64 0 
65 280 64 0 
65 153 43 0 
66 650 69 0 
66 568 67 0 
66 405 17 0 
66 391 27 0 
66 273 79 0 
67 737 76 0 
67 707 62 0 
68 601 48 0 
68 512 88 0 
69 656 79 0 
69 353 95 0 
69 332 56 0 
69 260 77 0 
69 184 44 0 
70 718 58 0 
70 679 36 0 
70 600 51 0 
70 309 41 0 
70 255 47 0 
70 203 18 0 
71 797 28 0 
71 738 74 0 
71 636 57 0 
71 316 57 0 
71 241 34 0 
72 703 20 0 
72 559 78 0 
72 480 60 0 
72 376 52 0 
73 677 34 0 
73 595 4 0 
73 476 20 0 
74 796 76 0 
74 704 76 0 
74 506 14 0 
74 333 94 0 
74 225 30 0 
74 100 6 0 
75 652 79 0 
75 291 80 0 
76 584 15 0 
76 496 87 0 
76 459 102 0 
76 417 70 0 
76 388 94 0 
76 374 77 0 
76 373 14 0 
76 148 93 0 
76 111 62 0 
77 718 103 0 
77 527 82 0 
77 505 121 0 
77 424 22 0 
77 415 29 0 
78 563 74 0 
78 434 56 0 
78 224 63 0 
78 160 54 0 
79 603 79 0 
79 417 59 0 
79 384 99 0 
79 295 69 0 
79 185 69 0 
80 638 67 0 
80 310 81 0 
80 304 73 0 
81 736 49 0 
81 606 26 0 
81 487 32 0 
81 356 38 0 
81 152 78 0 
82 752 65 0 
82 139 93 0 
83 777 97 0 
83 661 75 0 
83 530 57 0 
83 230 75 0 
84 615 27 0 
84 367 31 0 
84 256 56 0 
84 98 26 0 
85 731 41 0 
85 418 83 0 
85 414 7 0 
85 230 74 0 
85 104 11 0 
86 589 47 0 
86 263 34 0 
86 209 19 0 
86 158 32 0 
87 784 68 0 
87 711 28 0 
87 619 39 0 
87 205 16 0 
87 111 11 0 
88 730 26 0 
88 588 32 0 
88 466 81 0 
88 436 33 0 
88 232 54 0 
88 219 60 0 
88 125 76 0 
88 110 79 0 
89 763 36 0 
89 147 63 0 
89 112 47 0 
90 222 65 0 
90 171 74 0 
90 169 87 0 
91 455 41 0 
91 443 88 0 
91 227 22 0 
91 222 36 0 
92 493 59 0 
92 452 57 0 
92 375 43 0 
92 212 35 0 
92 130 52 0 
93 737 85 0 
93 404 92 0 
93 95 40 0 
94 638 83 0 
94 570 43 0 
94 567 35 0 
94 485 83 0 
94 291 68 0 
94 107 25 0 
95 730 45 0 
95 640 74 0 
95 622 58 0 
95 605 66 0 
95 556 20 0 
95 377 66 0 
95 321 38 0 
96 588 42 0 
97 642 39 0 
97 550 4 0 
97 343 45 0 
97 309 26 0 
98 475 34 0 
99 521 53 0 
99 498 64 0 
99 165 104 0 
100 580 74 0 
100 562 13 0 
100 534 111 0 
100 520 40 0 
100 290 79 0 
100 167 91 0 
100 129 57 0 
100 118 63 0 
101 281 53 0 
101 238 63 0 
101 190 23 0 
102 754 63 0 
103 786 66 0 
103 392 12 0 
103 374 28 0 
104 731 30 0 
104 668 60 0 
104 449 53 0 
104 303 28 0 
105 516 43 0 
105 330 23 0 
105 281 69 0 
106 302 71 0 
106 261 55 0 
106 206 39 0 
106 181 7 0 
106 161 27 0 
107 790 17 0 
107 672 57 0 
107 336 25 0 
107 327 8 0 
108 470 9 0 
108 440 37 0 
108 332 65 0 
109 585 57 0 
109 468 49 0 
109 316 57 0 
109 298 38 0 
110 327 45 0 
110 148 91 0 
110 112 60 0 
111 624 62 0 
111 485 64 0 
112 789 36 0 
112 632 23 0 
112 174 87 0 
113 724 70 0 
113 533 12 0 
113 334 43 0 
113 311 49 0 
113 244 59 0 
114 623 57 0 
114 409 21 0 
114 286 44 0 
114 197 49 0 
114 175 74 0 
115 632 10 0 
115 304 84 0 
116 573 49 0 
116 561 44 0 
117 698 16 0 
117 621 63 0 
117 555 20 0 
117 528 59 0 
117 304 55 0 
117 147 38 0 
118 366 22 0 
119 724 76 0 
119 420 65 0 
119 138 58 0 
120 654 74 0 
120 615 43 0 
120 371 32 0 
120 307 55 0 
120 257 71 0 
121 712 85 0 
121 319 73 0 
122 456 73 0 
123 628 60 0 
123 406 73 0 
123 335 27 0 
123 305 30 0 
124 701 64 0 
124 316 37 0 
125 716 88 0 
125 581 60 0 
125 381 76 0 
125 316 18 0 
125 284 57 0 
126 718 16 0 
126 313 29 0 
126 237 84 0 
126 144 37 0 
127 641 49 0 
127 638 12 0 
127 589 80 0 
127 415 62 0 
128 305 31 0 
129 661 34 0 
129 272 20 0 
130 766 78 0 
130 523 19 0 
130 453 77 0 
130 440 61 0 
130 359 65 0 
130 182 40 0 
131 661 19 0 
131 222 25 0 
131 132 66 0 
132 645 12 0 
132 292 52 0 
132 193 72 0 
133 797 27 0 
133 424 22 0 
133 245 97 0 
133 135 17 0 
134 642 54 0 
134 238 71 0 
134 186 66 0 
135 532 84 0 
136 796 33 0 
136 750 41 0 
136 716 73 0 
136 629 86 0 
136 446 43 0 
136 259 19 0 
136 174 38 0 
137 334 33 0 
138 500 64 0 
138 480 80 0 
138 393 76 0 
138 372 70 0 
138 278 21 0 
139 731 31 0 
139 692 49 0 
139 298 94 0 
140 681 12 0 
140 299 93 0 
141 654 44 0 
141 608 45 0 
141 542 49 0 
141 151 11 0 
142 162 34 0 
143 783 31 0 
143 781 50 0 
143 773 48 0 
143 740 16 0 
143 522 11 0 
143 384 66 0 
143 173 56 0 
144 694 25 0 
144 681 48 0 
144 494 35 0 
144 311 35 0 
145 768 23 0 
145 676 74 0 
145 600 58 0 
145 329 48 0 
145 259 33 0 
145 189 44 0 
146 763 63 0 
146 702 24 0 
146 668 39 0 
146 609 43 0 
146 228 87 0 
146 150 25 0 
147 296 89 0 
147 216 30 0 
147 177 41 0 
148 736 32 0 
148 652 55 0 
148 451 100 0 
148 240 99 0 
149 790 21 0 
149 637 65 0 
149 372 62 0 
149 340 55 0 
149 325 20 0 
150 517 60 0 
150 488 54 0 
150 358 60 0 
150 267 41 0 
151 722 65 0 
151 665 38 0 
151 454 34 0 
152 586 62 0 
152 509 82 0 
152 342 22 0 
152 242 53 0 
153 767 44 0 
153 633 34 0 
153 475 24 0 
153 172 26 0 
154 476 88 0 
154 303 87 0 
155 216 62 0 
156 527 43 0 
156 499 65 0 
156 410 38 0 
156 360 13 0 
157 521 64 0 
157 467 41 0 
157 356 48 0 
157 317 84 0 
157 212 16 0 
158 469 46 0 
158 336 11 0 
158 312 30 0 
159 583 26 0 
159 474 71 0 
159 419 43 0 
159 343 21 0 
159 214 27 0 
159 170 24 0 
160 782 31 0 
160 459 43 0 
160 407 26 0 
161 728 18 0 
161 657 59 0 
161 634 36 0 
161 514 21 0 
161 218 43 0 
162 620 31 0 
162 389 47 0 
162 375 17 0 
162 233 25 0 
163 436 59 0 
163 423 47 0 
163 314 38 0 
163 258 71 0 
164 779 18 0 
164 709 22 0 
164 685 72 0 
164 588 64 0 
164 397 107 0 
164 363 39 0 
164 275 15 0 
164 196 83 0 
165 792 36 0 
165 716 22 0 
165 680 46 0 
165 661 67 0 
165 536 68 0 
166 598 34 0 
166 532 53 0 
166 254 28 0 
167 704 124 0 
167 553 32 0 
167 250 89 0 
167 216 110 0 
168 366 22 0 
170 720 34 0 
170 654 12 0 
170 620 20 0 
170 547 38 0 
170 489 42 0 
170 478 45 0 
170 375 9 0 
170 302 23 0 
170 297 63 0 
171 718 45 0 
171 552 27 0 
171 493 80 0 
172 716 33 0 
172 680 43 0 
172 624 54 0 
172 511 49 0 
173 584 74 0 
173 521 70 0 
173 373 71 0 
173 319 34 0 
174 728 21 0 
174 603 33 0 
174 597 56 0 
174 325 62 0 
174 236 30 0 
175 552 113 0 
175 534 81 0 
175 451 4 0 
175 412 36 0 
175 225 53 0 
175 216 14 0 
176 752 53 0 
176 681 13 0 
176 444 4 0 
176 381 4 0 
176 330 13 0 
177 646 23 0 
177 544 62 0 
177 208 35 0 
177 195 80 0 
178 679 42 0 
178 526 63 0 
178 510 35 0 
178 465 34 0 
178 200 67 0 
179 796 71 0 
179 720 45 0 
179 556 20 0 
179 285 111 0 
180 612 63 0 
180 390 26 0 
180 298 32 0 
180 270 59 0 
180 194 93 0 
181 648 42 0 
181 591 88 0 
181 509 57 0 
181 232 59 0 
182 790 41 0 
182 766 67 0 
182 669 64 0 
182 538 56 0 
182 327 60 0 
182 184 51 0 
183 710 9 0 
183 562 67 0 
183 440 82 0 
183 433 19 0 
184 784 73 0 
184 363 28 0 
184 216 65 0 
185 702 83 0 
185 609 49 0 
185 560 65 0 
185 339 82 0 
185 188 56 0 
186 738 50 0 
186 729 77 0 
186 561 50 0 
186 315 25 0 
187 775 57 0 
187 751 31 0 
187 552 58 0 
187 471 28 0 
187 444 35 0 
188 687 4 0 
188 557 27 0 
188 435 20 0 
189 719 29 0 
189 605 10 0 
189 600 22 0 
189 448 34 0 
189 398 52 0 
189 327 43 0 
189 317 56 0 
190 617 56 0 
191 314 37 0 
192 460 76 0 
192 445 67 0 
192 227 25 0 
193 751 11 0 
193 734 47 0 
193 585 45 0 
193 518 57 0 
193 419 27 0 
193 228 37 0 
194 733 67 0 
194 646 85 0 
194 555 52 0 
194 539 75 0 
195 699 76 0 
195 576 23 0 
195 373 83 0 
196 522 56 0 
196 455 60 0 
196 319 69 0 
197 757 99 0 
197 753 18 0 
197 677 51 0 
197 674 81 0 
197 496 26 0 
197 362 68 0 
197 280 87 0 
197 265 39 0 
198 780 47 0 
199 655 10 0 
199 429 11 0 
199 379 20 0 
200 667 41 0 
200 378 83 0 
200 370 4 0 
200 277 72 0 
201 666 94 0 
201 665 44 0 
201 466 71 0 
202 441 67 0 
202 336 44 0 
203 790 20 0 
203 788 57 0 
203 736 47 0 
203 730 55 0 
203 707 2 0 
203 571 47 0 
203 508 11 0 
203 483 33 0 
203 339 58 0 
203 233 46 0 
204 681 19 0 
204 664 86 0 
204 327 28 0 
204 206 50 0 
205 761 15 0 
205 753 54 0 
205 613 40 0 
205 559 31 0 
205 430 86 0 
205 212 48 0 
205 207 65 0 
206 705 72 0 
206 648 3 0 
206 419 54 0 
206 308 46 0 
207 768 62 0 
207 579 32 0 
208 754 15 0 
208 688 37 0 
209 612 7 0 
210 708 75 0 
210 670 95 0 
210 644 24 0 
210 641 1 0 
210 590 82 0 
210 276 73 0 
211 772 43 0 
211 757 39 0 
211 588 36 0 
211 493 66 0 
211 417 11 0 
211 413 52 0 
211 266 9 0 
212 609 18 0 
213 637 25 0 
213 472 15 0 
213 247 78 0 
213 244 41 0 
214 240 70 0 
215 688 31 0 
215 683 107 0 
215 428 73 0 
215 365 104 0 
215 253 84 0 
216 775 19 0 
216 444 62 0 
216 390 69 0 
217 761 22 0 
217 271 77 0 
217 219 70 0 
218 733 63 0 
219 768 68 0 
219 620 65 0 
219 453 72 0 
220 689 26 0 
222 698 17 0 
222 677 13 0 
222 453 62 0 
222 449 39 0 
222 445 44 0 
222 234 31 0 
222 227 48 0 
223 749 58 0 
223 604 43 0 
223 335 31 0 
223 333 66 0 
224 785 30 0 
224 617 87 0 
224 448 91 0 
224 331 39 0 
224 247 81 0 
225 606 27 0 
226 606 22 0 
227 594 13 0 
227 580 46 0 
227 490 60 0 
227 461 44 0 
228 789 19 0 
228 640 117 0 
228 455 32 0 
229 382 16 0 
230 457 28 0 
231 446 29 0 
231 386 72 0 
231 373 60 0 
231 286 60 0 
232 686 49 0 
232 679 53 0 
232 454 27 0 
232 398 48 0 
232 319 52 0 
233 686 87 0 
233 496 75 0 
233 461 39 0 
233 343 35 0 
233 249 94 0 
234 667 46 0 
234 424 24 0 
234 284 46 0 
235 666 67 0 
235 623 75 0 
235 586 61 0 
236 734 78 0 
236 568 75 0 
236 561 56 0 
236 341 78 0 
237 671 5 0 
237 517 101 0 
238 577 86 0 
239 710 30 0 
239 432 6 0 
240 786 59 0 
240 379 92 0 
240 298 89 0 
240 276 50 0 
240 244 76 0 
241 697 63 0 
241 582 3 0 
241 465 56 0 
242 677 28 0 
242 646 53 0 
242 560 11 0 
242 372 69 0 
243 613 28 0 
243 536 38 0 
244 495 44 0 
244 461 37 0 
244 277 49 0 
245 656 97 0 
245 441 99 0 
245 340 53 0 
245 302 68 0 
246 779 87 0 
246 708 74 0 
246 628 62 0 
246 524 46 0 
246 395 10 0 
248 796 81 0 
248 784 55 0 
248 734 105 0 
249 753 30 0 
249 546 14 0 
249 419 54 0 
249 404 76 0 
249 396 13 0 
249 337 75 0 
250 554 24 0 
250 473 62 0 
250 434 71 0 
251 786 74 0 
251 687 34 0 
251 488 46 0 
251 375 80 0 
251 336 46 0 
251 275 97 0 
252 772 34 0 
252 407 43 0 
252 302 38 0 
252 292 88 0 
252 270 44 0 
253 700 58 0 
253 695 82 0 
253 505 80 0 
253 372 78 0 
254 411 54 0 
254 362 10 0 
254 277 60 0 
255 426 67 0 
255 394 74 0 
255 311 25 0 
256 697 70 0 
256 470 94 0 
256 395 32 0 
256 385 24 0 
259 550 20 0 
259 492 32 0 
259 442 28 0 
260 643 106 0 
260 415 77 0 
260 376 76 0 
261 503 82 0 
261 409 36 0 
261 374 5 0 
262 689 50 0 
262 687 24 0 
262 428 48 0 
262 313 79 0 
262 302 36 0 
262 276 54 0 
263 721 62 0 
263 703 35 0 
263 689 72 0 
263 620 82 0 
263 586 52 0 
263 558 49 0 
263 420 59 0 
264 653 86 0 
264 632 82 0 
264 475 62 0 
264 453 85 0 
264 333 24 0 
265 551 22 0 
265 497 16 0 
265 478 61 0 
266 796 40 0 
267 759 11 0 
267 412 47 0 
267 358 31 0 
268 594 81 0 
268 288 36 0 
269 688 41 0 
269 627 61 0 
269 479 86 0 
269 427 76 0 
270 726 42 0 
270 709 43 0 
270 566 67 0 
271 378 13 0 
271 371 98 0 
271 273 100 0 
272 646 57 0 
272 401 54 0 
272 334 42 0 
273 387 73 0 
273 369 49 0 
274 748 65 0 
274 601 45 0 
274 452 16 0 
274 419 72 0 
275 667 94 0 
276 794 65 0 
276 680 45 0 
276 641 72 0 
276 487 52 0 
276 308 48 0 
277 709 60 0 
277 675 15 0 
277 538 40 0 
277 434 13 0 
277 333 67 0 
278 596 52 0 
278 545 76 0 
278 486 34 0 
278 483 20 0 
279 679 88 0 
279 539 96 0 
279 325 36 0 
280 687 67 0 
280 675 85 0 
280 492 63 0 
280 438 44 0 
280 404 65 0 
280 403 83 0 
281 731 57 0 
281 579 42 0 
281 517 42 0 
281 434 50 0 
281 295 94 0 
282 740 9 0 
282 549 46 0 
282 525 31 0 
283 734 79 0 
283 721 29 0 
283 423 14 0 
283 397 65 0 
283 353 66 0 
284 673 40 0 
284 578 85 0 
285 713 52 0 
285 702 75 0 
285 625 103 0 
286 749 16 0 
286 704 33 0 
286 368 27 0 
286 334 54 0 
287 708 36 0 
287 620 9 0 
287 605 57 0 
288 787 32 0 
288 688 45 0 
288 561 21 0 
288 557 62 0 
289 749 70 0 
289 574 11 0 
289 421 47 0 
289 364 77 0 
290 761 97 0 
290 753 88 0 
290 560 95 0 
290 551 68 0 
291 798 89 0 
291 596 42 0 
291 297 6 0 
292 363 66 0 
293 569 55 0 
293 369 37 0 
294 478 48 0 
294 468 54 0 
294 396 48 0 
294 356 38 0 
295 662 34 0 
295 596 43 0 
295 357 94 0 
296 702 11 0 
296 619 30 0 
296 600 67 0 
296 464 73 0 
296 443 48 0 
297 683 50 0 
297 656 85 0 
297 626 57 0 
297 601 48 0 
297 370 80 0 
298 774 111 0 
298 536 73 0 
300 776 19 0 
300 447 55 0 
301 547 69 0 
301 404 89 0 
302 715 9 0 
302 708 23 0 
302 689 41 0 
302 323 59 0 
303 750 58 0 
303 746 69 0 
303 679 57 0 
303 310 63 0 
304 521 57 0 
305 561 75 0 
305 333 92 0 
306 686 50 0 
306 595 78 0 
306 574 16 0 
306 538 55 0 
306 502 11 0 
306 497 46 0 
306 451 77 0 
306 424 78 0 
306 357 30 0 
307 645 59 0 
307 491 48 0 
307 466 53 0 
307 439 39 0 
308 508 11 0 
309 354 16 0 
310 582 71 0 
311 504 40 0 
311 370 61 0 
312 740 25 0 
312 609 60 0 
312 589 45 0 
312 483 27 0 
313 791 72 0 
313 702 81 0 
313 599 25 0 
314 429 50 0 
314 408 33 0 
315 513 13 0 
316 472 40 0 
317 657 54 0 
318 693 20 0 
318 673 16 0 
318 435 36 0 
319 445 42 0 
320 760 49 0 
320 694 30 0 
320 474 13 0 
321 769 27 0 
321 489 25 0 
322 702 76 0 
322 584 85 0 
322 570 59 0 
322 549 116 0 
322 499 89 0 
322 466 77 0 
323 691 39 0 
324 656 91 0 
324 617 48 0 
324 593 68 0 
324 538 49 0 
325 733 70 0 
325 542 67 0 
325 499 39 0 
325 343 8 0 
326 787 22 0 
326 543 16 0 
326 355 17 0 
327 554 28 0 
327 418 48 0 
327 394 32 0 
327 330 23 0 
328 722 99 0 
328 652 84 0 
328 578 112 0 
329 667 69 0 
329 611 70 0 
329 555 43 0 
329 424 31 0 
329 416 80 0 
330 640 73 0 
330 590 9 0 
330 584 59 0 
330 566 58 0 
330 563 92 0 
330 511 35 0 
330 469 73 0 
331 624 13 0 
332 511 80 0 
332 498 7 0 
333 677 43 0 
333 433 74 0 
333 417 45 0 
334 791 53 0 
334 778 53 0 
334 644 34 0 
334 579 30 0 
334 500 65 0 
334 421 35 0 
335 749 84 0 
336 705 43 0 
336 632 60 0 
337 662 101 0 
337 401 88 0 
337 344 64 0 
338 446 59 0 
339 785 31 0 
339 778 69 0 
339 686 8 0 
339 540 58 0 
339 494 39 0 
339 473 14 0 
340 513 56 0 
340 476 78 0 
340 444 79 0 
341 754 64 0 
341 629 19 0 
341 388 77 0 
342 349 85 0 
343 746 51 0 
343 692 7 0 
343 572 9 0 
345 394 79 0 
346 783 44 0 
346 502 9 0 
347 519 27 0 
347 490 30 0 
347 417 27 0 
347 362 38 0 
347 359 33 0 
348 524 43 0 
349 711 24 0 
349 706 68 0 
349 688 25 0 
349 685 103 0 
349 657 15 0 
349 413 72 0 
350 797 28 0 
350 723 75 0 
350 507 71 0 
350 442 95 0 
351 687 21 0 
351 377 42 0 
352 709 92 0 
352 395 63 0 
353 708 75 0 
353 446 72 0 
353 407 97 0 
353 362 58 0 
354 529 48 0 
354 505 62 0 
354 450 57 0 
356 761 62 0 
356 677 17 0 
356 668 21 0 
356 359 27 0 
357 744 66 0 
357 719 51 0 
357 702 82 0 
358 664 22 0 
358 494 60 0 
359 573 49 0 
359 371 41 0 
360 691 42 0 
360 535 69 0 
360 522 23 0 
360 506 36 0 
361 541 35 0 
361 404 66 0 
362 664 23 0 
362 610 62 0 
362 578 76 0 
362 568 28 0 
362 502 54 0 
362 434 66 0 
363 742 27 0 
365 701 87 0 
365 411 64 0 
366 739 48 0 
366 411 25 0 
367 749 75 0 
367 434 34 0 
368 700 5 0 
368 552 71 0 
368 489 31 0 
368 485 61 0 
368 483 41 0 
368 414 29 0 
369 453 101 0 
369 389 33 0 
370 622 67 0 
370 553 84 0 
370 531 67 0 
370 411 26 0 
371 501 58 0 
372 779 40 0 
372 731 59 0 
372 407 45 0 
373 753 71 0 
373 550 62 0 
374 763 60 0 
374 728 43 0 
374 646 7 0 
375 696 86 0 
375 447 75 0 
376 640 73 0 
376 520 52 0 
376 395 21 0 
377 734 89 0 
378 752 28 0 
379 614 67 0 
379 609 35 0 
379 519 64 0 
379 444 32 0 
380 575 36 0 
380 461 53 0 
381 707 29 0 
381 596 14 0 
381 576 59 0 
381 447 50 0 
382 431 50 0 
383 638 6 0 
383 575 60 0 
384 648 38 0 
384 633 69 0 
384 609 43 0 
384 443 39 0 
385 759 77 0 
385 683 94 0 
385 578 8 0 
385 386 68 0 
386 638 48 0 
387 401 78 0 
388 714 89 0 
388 633 66 0 
388 532 24 0 
389 786 63 0 
389 409 28 0 
391 746 9 0 
391 681 69 0 
391 622 48 0 
391 435 37 0 
392 566 38 0 
392 451 41 0 
393 490 54 0 
394 678 18 0 
395 581 66 0 
395 417 26 0 
396 633 75 0 
396 512 120 0 
396 400 52 0 
397 744 43 0 
397 670 97 0 
398 538 44 0 
399 798 98 0 
399 643 102 0 
399 618 44 0 
401 464 69 0 
401 431 75 0 
402 757 69 0 
402 539 11 0 
402 466 83 0 
402 425 28 0 
403 686 71 0 
403 610 20 0 
403 602 98 0 
403 529 8 0 
403 494 41 0 
403 433 88 0 
404 799 20 0 
404 798 104 0 
404 794 73 0 
404 646 87 0 
404 430 51 0 
406 573 85 0 
406 539 67 0 
407 789 98 0 
407 526 77 0 
408 761 29 0 
408 716 37 0 
409 702 41 0 
409 673 43 0 
409 540 64 0 
410 570 52 0 
411 451 77 0 
412 655 57 0 
412 500 71 0 
413 585 81 0 
413 524 12 0 
414 572 54 0 
415 685 92 0 
415 579 23 0 
416 617 23 0 
417 513 6 0 
417 442 55 0 
418 751 76 0 
420 739 38 0 
420 705 34 0 
421 721 21 0 
422 719 26 0 
422 545 12 0 
423 485 70 0 
424 796 60 0 
424 610 87 0 
425 765 72 0 
426 753 21 0 
426 559 103 0 
426 465 34 0 
428 629 83 0 
428 538 57 0 
428 456 69 0 
429 786 87 0 
429 653 55 0 
429 454 37 0 
430 697 42 0 
430 565 84 0 
431 488 26 0 
432 755 18 0 
432 674 14 0 
433 772 83 0 
433 749 94 0 
434 778 71 0 
434 775 90 0 
434 482 30 0 
435 578 50 0 
435 463 27 0 
436 755 36 0 
436 650 67 0 
437 658 49 0 
437 493 50 0 
437 490 18 0 
438 760 65 0 
439 797 57 0 
439 555 41 0 
439 547 62 0 
440 766 63 0 
440 674 83 0 
440 664 19 0 
440 637 81 0 
440 515 56 0 
440 474 84 0 
441 666 88 0 
442 646 92 0 
442 472 36 0 
444 681 12 0 
445 630 23 0 
446 705 44 0 
446 698 33 0 
446 507 52 0 
447 604 31 0 
447 592 43 0 
448 705 83 0 
449 786 30 0 
449 718 51 0 
449 707 39 0 
449 683 102 0 
449 635 37 0 
450 538 50 0 
451 747 81 0 
451 745 113 0 
452 649 26 0 
452 524 41 0 
452 464 11 0 
453 681 86 0 
453 555 57 0 
454 653 47 0 
454 562 58 0 
455 616 36 0 
455 548 57 0 
456 571 94 0 
456 459 94 0 
457 614 77 0 
458 641 31 0 
458 560 13 0 
459 594 89 0 
459 536 68 0 
460 715 75 0 
460 678 10 0 
460 660 61 0 
460 611 33 0 
460 586 62 0 
461 684 73 0 
461 563 82 0 
461 553 72 0 
462 513 44 0 
463 713 70 0 
463 549 91 0 
463 546 43 0 
464 675 48 0 
464 673 57 0 
464 562 20 0 
465 654 24 0 
465 554 67 0 
466 655 62 0 
466 569 76 0 
466 500 47 0 
468 711 74 0 
468 628 67 0 
468 498 39 0 
469 799 66 0 
469 616 90 0 
469 517 4 0 
469 509 77 0 
470 706 25 0 
471 473 56 0 
472 772 52 0 
472 547 32 0 
473 738 76 0 
473 500 60 0 
474 666 109 0 
474 590 19 0 
474 539 48 0 
475 592 13 0 
476 652 65 0 
476 530 53 0 
476 495 25 0 
477 688 16 0 
478 641 87 0 
478 635 53 0 
478 574 80 0 
478 500 63 0 
479 581 101 0 
479 571 46 0 
479 510 36 0 
480 577 55 0 
481 784 86 0 
481 777 66 0 
481 775 87 0 
481 622 36 0 
482 679 61 0 
482 671 77 0 
483 598 66 0 
483 564 66 0 
484 737 83 0 
485 674 93 0 
486 770 90 0 
486 767 85 0 
486 761 55 0 
486 537 14 0 
486 526 64 0 
487 748 16 0 
487 617 92 0 
488 779 51 0 
488 721 28 0 
488 693 58 0 
488 627 37 0 
489 748 51 0 
489 719 26 0 
489 710 38 0 
490 713 51 0 
490 510 55 0 
491 556 60 0 
493 760 102 0 
494 726 73 0 
495 755 63 0 
495 719 66 0 
495 668 56 0 
495 660 31 0 
495 607 39 0 
495 533 48 0 
496 606 57 0 
498 784 84 0 
498 622 20 0 
498 509 51 0 
500 785 51 0 
500 678 83 0 
501 799 59 0 
501 768 55 0 
501 763 65 0 
501 640 47 0 
501 514 35 0 
502 711 73 0 
503 776 78 0 
503 584 100 0 
504 781 78 0 
507 798 62 0 
507 687 13 0 
508 749 40 0 
509 774 91 0 
509 748 53 0 
509 731 35 0 
510 602 71 0 
510 560 28 0 
510 558 37 0 
511 741 64 0 
511 674 33 0 
512 747 87 0 
513 688 35 0 
513 661 34 0 
514 732 21 0 
514 673 55 0 
514 641 25 0 
515 721 19 0 
516 759 57 0 
516 530 94 0 
517 627 31 0 
519 602 87 0 
520 668 4 0 
520 656 67 0 
521 780 54 0 
522 790 17 0 
522 648 60 0 
524 547 26 0 
526 796 88 0 
526 710 82 0 
526 552 99 0 
527 643 91 0 
527 582 18 0 
527 551 50 0 
528 686 51 0 
528 648 74 0 
528 602 21 0 
529 773 91 0 
530 724 50 0 
531 732 31 0 
532 699 93 0 
532 640 72 0 
534 792 9 0 
536 697 12 0 
538 793 51 0 
539 646 57 0 
540 761 76 0 
540 632 70 0 
541 614 28 0 
542 734 46 0 
542 569 44 0 
543 700 42 0 
544 704 73 0 
545 733 32 0 
545 732 36 0 
545 588 40 0 
546 629 81 0 
546 565 31 0 
547 632 63 0 
549 799 36 0 
549 784 77 0 
549 615 83 0 
549 576 30 0 
551 782 50 0 
551 765 62 0 
551 676 68 0 
551 648 41 0 
551 587 34 0 
551 554 33 0 
551 553 42 0 
552 694 49 0 
553 751 71 0 
553 749 87 0 
553 631 11 0 
556 602 29 0 
557 755 46 0 
557 741 39 0 
557 576 3 0 
558 729 77 0 
558 711 80 0 
559 649 106 0 
560 681 48 0 
561 611 30 0 
562 604 77 0 
563 744 73 0 
564 770 54 0 
565 743 53 0 
566 617 98 0 
567 677 19 0 
568 789 21 0 
568 762 64 0 
568 759 39 0 
568 719 62 0 
569 790 57 0 
569 782 80 0 
569 676 115 0 
571 657 32 0 
573 770 52 0 
573 730 53 0 
574 603 37 0 
575 691 55 0 
576 623 63 0 
578 771 64 0 
579 762 40 0 
580 794 38 0 
580 670 30 0 
580 641 84 0 
582 615 43 0 
583 757 50 0 
584 778 85 0 
584 752 18 0 
584 700 51 0 
585 747 69 0 
585 682 86 0 
586 698 22 0 
588 631 15 0 
588 601 41 0 
589 604 37 0 
590 637 73 0 
592 796 48 0 
593 729 63 0 
593 690 71 0 
594 731 26 0 
594 635 47 0 
595 746 80 0 
595 597 2 0 
596 703 17 0 
596 629 65 0 
597 664 76 0 
597 650 57 0 
597 620 74 0 
599 676 12 0 
599 671 66 0 
599 603 48 0 
600 732 30 0 
601 676 53 0 
601 619 52 0 
603 777 23 0 
603 692 46 0 
604 774 89 0 
605 734 95 0 
605 680 37 0 
606 629 22 0 
606 623 17 0 
606 609 65 0 
607 745 59 0 
607 610 63 0 
608 768 83 0 
608 714 81 0 
609 756 90 0 
612 707 37 0 
612 701 53 0 
613 797 27 0 
613 645 82 0 
614 797 19 0 
615 783 69 0 
615 746 61 0 
617 727 64 0 
617 714 87 0 
619 692 47 0 
621 695 83 0 
621 646 78 0 
623 786 51 0 
623 756 74 0 
624 717 73 0 
627 764 18 0 
628 645 92 0 
629 797 30 0 
629 748 8 0 
630 737 79 0 
630 647 46 0 
631 743 51 0 
633 729 58 0 
634 757 93 0 
634 669 86 0 
635 789 66 0 
635 711 64 0 
638 785 50 0 
638 673 54 0 
639 762 85 0 
641 688 88 0 
642 707 22 0 
643 700 51 0 
643 694 67 0 
646 784 65 0 
647 699 30 0 
649 765 67 0 
649 682 104 0 
650 716 62 0 
651 767 49 0 
651 736 70 0 
653 660 34 0 
654 796 78 0 
654 742 31 0 
659 788 73 0 
659 689 70 0 
660 725 47 0 
661 758 22 0 
663 739 79 0 
663 734 56 0 
665 709 89 0 
666 785 67 0 
668 718 33 0 
668 685 47 0 
670 796 70 0 
672 735 108 0 
673 746 52 0 
676 791 58 0 
677 712 43 0 
680 768 33 0 
680 704 74 0 
682 749 65 0 
682 718 110 0 
683 785 59 0 
683 688 97 0 
687 789 71 0 
687 737 51 0 
688 738 90 0 
689 797 47 0 
689 784 65 0 
689 743 50 0 
689 710 50 0 
692 757 50 0 
693 793 91 0 
694 703 19 0 
694 699 31 0 
695 771 60 0 
695 743 48 0 
697 773 72 0 
702 745 16 0 
703 774 65 0 
704 742 64 0 
706 733 72 0 
706 725 41 0 
709 752 10 0 
710 777 30 0 
711 719 69 0 
712 794 28 0 
712 772 75 0 
713 750 31 0 
715 720 22 0 
722 765 74 0 
723 767 15 0 
734 750 95 0 
737 795 61 0 
737 788 17 0 
743 799 46 0 
743 790 13 0 
748 749 11 0 
749 767 79 0 
758 788 25 0 
758 760 65 0 
759 789 52 0 
760 762 13 0 
762 796 6 0 
764 783 55 0 
777 785 50 0 
782 783 86 0 
