#GRAPH (#nodes #edges id uu vv ww xx yy zz):
#800 4000 geo(0,{800,100,3,0.006,0.000,0.000}) 100 
#
VERTICES (index name u v w x y z):
0 0 25 63 
1 1 21 26 
2 2 14 42 
3 3 9 77 
4 4 87 65 
5 5 94 61 
6 6 49 95 
7 7 82 9 
8 8 65 89 
9 9 2 48 
10 10 87 16 
11 11 9 21 
12 12 50 39 
13 13 4 44 
14 14 72 44 
15 15 29 84 
16 16 34 19 
17 17 15 17 
18 18 28 14 
19 19 32 87 
20 20 15 62 
21 21 62 34 
22 22 31 29 
23 23 96 72 
24 24 47 3 
25 25 46 29 
26 26 14 30 
27 27 38 76 
28 28 21 71 
29 29 1 24 
30 30 68 90 
31 31 17 28 
32 32 23 26 
33 33 16 53 
34 34 39 81 
35 35 90 75 
36 36 49 72 
37 37 9 13 
38 38 84 68 
39 39 57 42 
40 40 94 81 
41 41 97 74 
42 42 75 12 
43 43 58 52 
44 44 52 58 
45 45 65 52 
46 46 53 99 
47 47 93 63 
48 48 99 63 
49 49 9 54 
50 50 80 41 
51 51 12 8 
52 52 93 71 
53 53 95 98 
54 54 69 17 
55 55 74 82 
56 56 67 57 
57 57 52 24 
58 58 9 33 
59 59 94 52 
60 60 11 99 
61 61 25 25 
62 62 97 3 
63 63 60 87 
64 64 58 23 
65 65 82 98 
66 66 85 90 
67 67 18 48 
68 68 24 78 
69 69 60 74 
70 70 4 26 
71 71 64 14 
72 72 98 87 
73 73 3 56 
74 74 76 51 
75 75 63 46 
76 76 29 88 
77 77 82 34 
78 78 31 15 
79 79 72 46 
80 80 57 19 
81 81 62 49 
82 82 8 32 
83 83 36 86 
84 84 8 26 
85 85 49 97 
86 86 23 90 
87 87 0 1 
88 88 82 21 
89 89 10 45 
90 90 36 95 
91 91 14 76 
92 92 57 36 
93 93 68 41 
94 94 5 96 
95 95 58 86 
96 96 12 28 
97 97 52 20 
98 98 73 28 
99 99 63 79 
100 100 25 77 
101 101 43 34 
102 102 70 66 
103 103 64 24 
104 104 33 82 
105 105 28 31 
106 106 73 12 
107 107 64 66 
108 108 62 36 
109 109 62 78 
110 110 14 23 
111 111 93 45 
112 112 74 34 
113 113 3 43 
114 114 18 16 
115 115 18 7 
116 116 82 38 
117 117 66 74 
118 118 94 57 
119 119 15 81 
120 120 49 20 
121 121 14 8 
122 122 66 3 
123 123 29 86 
124 124 8 31 
125 125 95 55 
126 126 63 56 
127 127 46 79 
128 128 95 60 
129 129 12 80 
130 130 13 25 
131 131 42 76 
132 132 87 48 
133 133 75 45 
134 134 30 3 
135 135 57 74 
136 136 68 69 
137 137 73 66 
138 138 65 55 
139 139 33 46 
140 140 82 83 
141 141 70 38 
142 142 1 39 
143 143 30 5 
144 144 95 80 
145 145 4 28 
146 146 21 24 
147 147 63 45 
148 148 40 15 
149 149 78 93 
150 150 67 53 
151 151 61 12 
152 152 76 30 
153 153 55 1 
154 154 30 51 
155 155 41 44 
156 156 24 97 
157 157 5 68 
158 158 84 91 
159 159 66 4 
160 160 80 99 
161 161 30 21 
162 162 36 76 
163 163 25 96 
164 164 3 13 
165 165 0 10 
166 166 26 95 
167 167 86 99 
168 168 36 15 
169 169 41 51 
170 170 10 83 
171 171 16 24 
172 172 39 63 
173 173 48 79 
174 174 83 43 
175 175 93 3 
176 176 40 29 
177 177 56 36 
178 178 95 48 
179 179 58 57 
180 180 17 67 
181 181 21 18 
182 182 37 31 
183 183 53 42 
184 184 33 0 
185 185 45 61 
186 186 80 83 
187 187 48 12 
188 188 61 80 
189 189 56 88 
190 190 35 55 
191 191 43 73 
192 192 82 74 
193 193 71 54 
194 194 60 22 
195 195 63 90 
196 196 58 14 
197 197 7 19 
198 198 19 95 
199 199 6 45 
200 200 56 92 
201 201 48 91 
202 202 2 24 
203 203 30 42 
204 204 97 79 
205 205 31 3 
206 206 38 18 
207 207 76 64 
208 208 49 86 
209 209 59 77 
210 210 67 95 
211 211 21 42 
212 212 7 56 
213 213 79 92 
214 214 41 69 
215 215 73 46 
216 216 80 25 
217 217 5 40 
218 218 10 88 
219 219 81 53 
220 220 66 35 
221 221 59 60 
222 222 64 6 
223 223 21 39 
224 224 93 89 
225 225 30 88 
226 226 42 94 
227 227 93 4 
228 228 66 22 
229 229 68 8 
230 230 61 2 
231 231 0 61 
232 232 2 17 
233 233 60 37 
234 234 8 62 
235 235 34 55 
236 236 55 73 
237 237 65 12 
238 238 52 0 
239 239 26 26 
240 240 71 94 
241 241 11 76 
242 242 90 36 
243 243 25 14 
244 244 86 86 
245 245 58 87 
246 246 4 87 
247 247 52 4 
248 248 70 94 
249 249 30 57 
250 250 90 55 
251 251 78 53 
252 252 69 95 
253 253 79 65 
254 254 77 11 
255 255 94 93 
256 256 44 92 
257 257 19 14 
258 258 39 99 
259 259 71 87 
260 260 27 56 
261 261 2 65 
262 262 29 99 
263 263 68 37 
264 264 39 72 
265 265 63 76 
266 266 27 3 
267 267 28 75 
268 268 64 17 
269 269 83 86 
270 270 70 3 
271 271 94 78 
272 272 73 4 
273 273 35 43 
274 274 33 35 
275 275 87 18 
276 276 82 41 
277 277 97 76 
278 278 46 96 
279 279 30 48 
280 280 36 72 
281 281 11 27 
282 282 23 86 
283 283 54 53 
284 284 5 80 
285 285 90 18 
286 286 1 46 
287 287 71 81 
288 288 61 95 
289 289 35 68 
290 290 46 13 
291 291 33 31 
292 292 29 53 
293 293 48 67 
294 294 18 6 
295 295 38 66 
296 296 9 7 
297 297 57 1 
298 298 34 81 
299 299 33 69 
300 300 52 82 
301 301 12 0 
302 302 39 26 
303 303 39 32 
304 304 47 22 
305 305 3 9 
306 306 5 6 
307 307 36 59 
308 308 6 98 
309 309 71 97 
310 310 1 64 
311 311 23 68 
312 312 84 60 
313 313 40 1 
314 314 19 39 
315 315 17 89 
316 316 3 93 
317 317 69 53 
318 318 6 27 
319 319 60 77 
320 320 66 13 
321 321 4 74 
322 322 85 38 
323 323 78 85 
324 324 96 30 
325 325 26 48 
326 326 75 80 
327 327 12 20 
328 328 40 42 
329 329 47 93 
330 330 55 6 
331 331 71 0 
332 332 87 35 
333 333 11 92 
334 334 21 58 
335 335 79 82 
336 336 99 73 
337 337 57 10 
338 338 62 56 
339 339 89 86 
340 340 1 11 
341 341 54 8 
342 342 82 73 
343 343 53 71 
344 344 91 23 
345 345 31 42 
346 346 38 78 
347 347 28 72 
348 348 47 46 
349 349 40 39 
350 350 2 67 
351 351 79 46 
352 352 59 29 
353 353 47 11 
354 354 5 92 
355 355 36 80 
356 356 50 46 
357 357 22 64 
358 358 37 30 
359 359 97 94 
360 360 66 58 
361 361 34 94 
362 362 5 25 
363 363 13 43 
364 364 54 9 
365 365 27 18 
366 366 68 92 
367 367 39 15 
368 368 91 17 
369 369 11 33 
370 370 70 55 
371 371 92 52 
372 372 31 17 
373 373 1 54 
374 374 69 4 
375 375 19 96 
376 376 83 92 
377 377 36 45 
378 378 47 34 
379 379 20 85 
380 380 97 49 
381 381 3 98 
382 382 79 87 
383 383 40 62 
384 384 30 12 
385 385 77 74 
386 386 51 91 
387 387 27 92 
388 388 56 26 
389 389 53 43 
390 390 99 93 
391 391 45 74 
392 392 31 57 
393 393 35 80 
394 394 7 32 
395 395 52 59 
396 396 96 80 
397 397 56 8 
398 398 66 63 
399 399 32 79 
400 400 72 18 
401 401 44 9 
402 402 64 53 
403 403 87 59 
404 404 32 52 
405 405 28 59 
406 406 58 27 
407 407 29 59 
408 408 7 12 
409 409 96 23 
410 410 51 97 
411 411 42 22 
412 412 30 99 
413 413 60 58 
414 414 80 30 
415 415 69 79 
416 416 16 55 
417 417 76 98 
418 418 19 70 
419 419 99 23 
420 420 34 0 
421 421 66 23 
422 422 8 28 
423 423 3 40 
424 424 92 95 
425 425 70 97 
426 426 5 22 
427 427 27 44 
428 428 17 47 
429 429 6 37 
430 430 53 35 
431 431 14 84 
432 432 96 20 
433 433 99 68 
434 434 25 64 
435 435 64 19 
436 436 93 83 
437 437 74 50 
438 438 91 0 
439 439 92 17 
440 440 98 10 
441 441 4 40 
442 442 19 4 
443 443 98 65 
444 444 82 72 
445 445 2 36 
446 446 41 50 
447 447 58 62 
448 448 59 32 
449 449 94 51 
450 450 64 57 
451 451 74 59 
452 452 75 76 
453 453 84 20 
454 454 48 54 
455 455 88 27 
456 456 69 46 
457 457 59 16 
458 458 13 74 
459 459 21 76 
460 460 82 25 
461 461 46 41 
462 462 31 61 
463 463 23 94 
464 464 95 99 
465 465 8 45 
466 466 47 49 
467 467 51 94 
468 468 21 40 
469 469 13 88 
470 470 86 52 
471 471 49 73 
472 472 9 86 
473 473 32 58 
474 474 70 62 
475 475 10 48 
476 476 94 98 
477 477 68 43 
478 478 7 83 
479 479 59 58 
480 480 19 27 
481 481 39 58 
482 482 79 78 
483 483 71 29 
484 484 66 48 
485 485 92 97 
486 486 22 46 
487 487 32 96 
488 488 83 69 
489 489 0 17 
490 490 5 57 
491 491 81 38 
492 492 75 44 
493 493 7 9 
494 494 50 12 
495 495 61 47 
496 496 25 72 
497 497 65 70 
498 498 96 54 
499 499 14 61 
500 500 11 48 
501 501 34 43 
502 502 92 67 
503 503 54 55 
504 504 87 60 
505 505 38 1 
506 506 75 87 
507 507 27 77 
508 508 56 87 
509 509 38 26 
510 510 62 88 
511 511 96 49 
512 512 37 46 
513 513 12 73 
514 514 99 88 
515 515 29 52 
516 516 71 7 
517 517 89 38 
518 518 31 40 
519 519 30 91 
520 520 70 6 
521 521 5 98 
522 522 46 94 
523 523 54 18 
524 524 85 70 
525 525 89 81 
526 526 67 90 
527 527 77 44 
528 528 50 76 
529 529 45 86 
530 530 14 64 
531 531 39 44 
532 532 55 63 
533 533 1 31 
534 534 18 47 
535 535 85 26 
536 536 65 63 
537 537 11 72 
538 538 32 15 
539 539 98 6 
540 540 77 69 
541 541 22 68 
542 542 41 71 
543 543 21 94 
544 544 94 12 
545 545 86 61 
546 546 96 76 
547 547 90 69 
548 548 2 93 
549 549 93 27 
550 550 89 6 
551 551 49 74 
552 552 12 50 
553 553 72 63 
554 554 59 18 
555 555 73 13 
556 556 95 69 
557 557 43 94 
558 558 64 84 
559 559 44 1 
560 560 1 75 
561 561 77 79 
562 562 69 15 
563 563 17 17 
564 564 18 14 
565 565 78 28 
566 566 17 96 
567 567 50 32 
568 568 39 45 
569 569 69 93 
570 570 28 71 
571 571 67 48 
572 572 16 36 
573 573 83 12 
574 574 45 53 
575 575 0 88 
576 576 69 49 
577 577 61 88 
578 578 74 81 
579 579 90 42 
580 580 43 16 
581 581 34 21 
582 582 38 96 
583 583 8 54 
584 584 86 90 
585 585 48 88 
586 586 27 1 
587 587 37 0 
588 588 61 72 
589 589 24 39 
590 590 73 72 
591 591 79 43 
592 592 32 0 
593 593 8 24 
594 594 79 47 
595 595 34 10 
596 596 98 54 
597 597 53 66 
598 598 8 74 
599 599 6 70 
600 600 71 27 
601 601 84 73 
602 602 3 68 
603 603 32 60 
604 604 61 3 
605 605 90 5 
606 606 39 13 
607 607 34 90 
608 608 47 74 
609 609 85 53 
610 610 30 61 
611 611 89 66 
612 612 17 75 
613 613 33 49 
614 614 65 49 
615 615 27 71 
616 616 39 33 
617 617 3 78 
618 618 30 92 
619 619 74 27 
620 620 34 85 
621 621 4 66 
622 622 24 25 
623 623 49 30 
624 624 59 7 
625 625 64 58 
626 626 35 57 
627 627 6 33 
628 628 54 44 
629 629 25 37 
630 630 82 61 
631 631 23 4 
632 632 15 64 
633 633 59 76 
634 634 37 56 
635 635 7 49 
636 636 58 96 
637 637 83 14 
638 638 21 99 
639 639 67 59 
640 640 43 95 
641 641 78 48 
642 642 35 66 
643 643 30 83 
644 644 46 18 
645 645 31 71 
646 646 37 29 
647 647 46 91 
648 648 32 82 
649 649 26 75 
650 650 93 94 
651 651 82 70 
652 652 85 2 
653 653 29 22 
654 654 93 46 
655 655 97 92 
656 656 77 61 
657 657 12 37 
658 658 94 54 
659 659 28 89 
660 660 50 65 
661 661 25 42 
662 662 73 33 
663 663 76 84 
664 664 88 8 
665 665 95 33 
666 666 8 69 
667 667 42 2 
668 668 60 86 
669 669 58 9 
670 670 36 18 
671 671 3 61 
672 672 54 90 
673 673 24 16 
674 674 23 50 
675 675 86 37 
676 676 25 27 
677 677 64 94 
678 678 98 15 
679 679 73 99 
680 680 72 24 
681 681 44 71 
682 682 21 47 
683 683 5 50 
684 684 0 28 
685 685 74 5 
686 686 90 80 
687 687 75 85 
688 688 69 55 
689 689 54 39 
690 690 4 62 
691 691 74 73 
692 692 40 20 
693 693 57 62 
694 694 37 66 
695 695 80 23 
696 696 99 89 
697 697 97 65 
698 698 96 18 
699 699 36 82 
700 700 29 62 
701 701 35 24 
702 702 95 91 
703 703 88 26 
704 704 30 25 
705 705 15 42 
706 706 63 96 
707 707 52 47 
708 708 8 87 
709 709 54 65 
710 710 3 90 
711 711 96 28 
712 712 20 49 
713 713 59 23 
714 714 99 55 
715 715 27 47 
716 716 17 95 
717 717 57 50 
718 718 56 73 
719 719 95 6 
720 720 90 61 
721 721 22 57 
722 722 50 0 
723 723 84 47 
724 724 13 68 
725 725 44 31 
726 726 40 97 
727 727 35 50 
728 728 37 88 
729 729 98 46 
730 730 85 68 
731 731 9 37 
732 732 98 51 
733 733 87 98 
734 734 11 83 
735 735 71 95 
736 736 41 26 
737 737 71 49 
738 738 42 11 
739 739 89 94 
740 740 87 80 
741 741 43 49 
742 742 54 68 
743 743 17 93 
744 744 27 64 
745 745 55 65 
746 746 85 69 
747 747 76 13 
748 748 46 28 
749 749 42 54 
750 750 96 85 
751 751 87 74 
752 752 62 79 
753 753 28 50 
754 754 1 7 
755 755 78 34 
756 756 16 82 
757 757 1 69 
758 758 18 24 
759 759 81 59 
760 760 33 26 
761 761 18 94 
762 762 23 32 
763 763 80 46 
764 764 33 75 
765 765 6 77 
766 766 97 45 
767 767 61 51 
768 768 20 64 
769 769 93 64 
770 770 50 33 
771 771 56 39 
772 772 66 9 
773 773 80 65 
774 774 15 43 
775 775 91 13 
776 776 62 92 
777 777 33 84 
778 778 8 79 
779 779 56 38 
780 780 18 32 
781 781 87 87 
782 782 46 89 
783 783 62 59 
784 784 36 49 
785 785 47 87 
786 786 74 24 
787 787 49 61 
788 788 87 15 
789 789 0 39 
790 790 43 14 
791 791 71 77 
792 792 62 70 
793 793 71 84 
794 794 56 59 
795 795 47 84 
796 796 6 4 
797 797 10 15 
798 798 26 45 
799 799 90 30 
#
EDGES (from-node to-node length a b):
0 674 13 0 
0 554 56 0 
0 492 53 0 
0 421 57 0 
0 382 59 0 
0 367 50 0 
0 242 70 0 
0 11 45 0 
1 628 38 0 
1 456 52 0 
1 49 30 0 
2 637 74 0 
2 606 38 0 
2 482 74 0 
2 369 9 0 
2 151 56 0 
3 732 93 0 
3 341 82 0 
4 795 44 0 
4 550 59 0 
4 448 43 0 
4 100 63 0 
5 769 3 0 
5 767 34 0 
5 718 40 0 
5 668 42 0 
5 427 69 0 
5 274 66 0 
5 142 96 0 
5 120 61 0 
5 94 96 0 
6 235 43 0 
6 224 44 0 
6 171 78 0 
6 71 82 0 
7 747 7 0 
7 729 40 0 
7 711 24 0 
7 572 71 0 
7 480 66 0 
7 456 39 0 
7 434 79 0 
7 175 13 0 
8 644 73 0 
8 407 47 0 
8 329 18 0 
9 308 50 0 
9 228 69 0 
10 706 84 0 
10 639 47 0 
10 401 44 0 
10 385 59 0 
10 181 66 0 
10 107 55 0 
10 49 87 0 
11 755 70 0 
11 426 4 0 
11 110 5 0 
11 22 23 0 
12 604 38 0 
12 459 47 0 
12 133 26 0 
12 58 41 0 
12 48 55 0 
13 754 37 0 
13 561 81 0 
13 401 53 0 
13 248 83 0 
13 49 11 0 
14 723 12 0 
14 360 15 0 
14 162 48 0 
15 799 81 0 
15 443 72 0 
16 494 17 0 
16 477 42 0 
16 443 79 0 
16 132 60 0 
16 52 79 0 
17 793 87 0 
17 500 31 0 
17 395 56 0 
17 394 17 0 
17 360 65 0 
18 765 67 0 
18 754 28 0 
18 731 30 0 
18 723 65 0 
18 554 31 0 
18 416 43 0 
18 281 21 0 
19 796 87 0 
19 722 89 0 
19 387 7 0 
19 370 50 0 
19 332 76 0 
19 261 37 0 
19 195 31 0 
20 748 46 0 
20 591 67 0 
20 162 25 0 
21 627 56 0 
21 563 48 0 
21 366 58 0 
21 353 27 0 
21 150 20 0 
21 104 56 0 
22 799 59 0 
22 533 30 0 
22 384 17 0 
22 338 41 0 
22 147 36 0 
23 703 47 0 
23 649 70 0 
23 520 71 0 
23 44 46 0 
24 732 70 0 
24 720 72 0 
24 634 54 0 
24 419 56 0 
24 416 61 0 
24 349 37 0 
24 219 60 0 
24 180 71 0 
24 176 27 0 
24 73 69 0 
25 717 24 0 
25 641 37 0 
25 624 26 0 
25 607 62 0 
25 482 59 0 
26 688 60 0 
26 622 11 0 
26 498 85 0 
26 213 90 0 
26 120 36 0 
27 638 29 0 
27 498 62 0 
27 419 81 0 
27 329 19 0 
28 678 95 0 
28 316 28 0 
28 184 72 0 
28 92 50 0 
29 618 74 0 
29 581 33 0 
29 469 65 0 
29 459 56 0 
29 458 51 0 
29 428 28 0 
29 376 107 0 
29 289 56 0 
29 147 65 0 
29 32 22 0 
30 759 34 0 
30 422 86 0 
30 205 95 0 
31 575 62 0 
31 411 26 0 
31 140 85 0 
31 32 6 0 
32 658 76 0 
32 534 22 0 
32 464 103 0 
32 433 87 0 
33 769 78 0 
33 761 41 0 
33 668 55 0 
33 397 60 0 
33 336 85 0 
33 172 25 0 
33 170 31 0 
34 656 43 0 
34 640 15 0 
34 618 14 0 
34 494 70 0 
34 380 66 0 
35 779 50 0 
35 453 55 0 
35 393 55 0 
35 310 90 0 
35 293 43 0 
35 82 93 0 
36 645 18 0 
36 570 21 0 
36 551 2 0 
36 318 62 0 
37 743 80 0 
37 695 72 0 
37 501 39 0 
37 320 57 0 
38 773 5 0 
38 627 85 0 
38 603 53 0 
38 422 86 0 
38 307 49 0 
39 413 16 0 
39 164 61 0 
39 144 54 0 
39 130 47 0 
39 77 26 0 
40 483 57 0 
40 421 64 0 
40 410 46 0 
40 394 100 0 
40 162 58 0 
40 47 18 0 
41 517 37 0 
41 499 84 0 
41 410 51 0 
41 343 44 0 
41 324 44 0 
41 282 75 0 
41 252 35 0 
41 144 6 0 
42 714 49 0 
42 508 77 0 
42 74 39 0 
43 428 41 0 
43 372 44 0 
44 748 31 0 
44 216 43 0 
44 85 39 0 
45 696 50 0 
45 322 24 0 
46 519 24 0 
46 355 25 0 
46 73 66 0 
46 71 86 0 
46 48 58 0 
47 787 44 0 
47 649 68 0 
47 557 59 0 
47 315 80 0 
47 307 57 0 
48 604 71 0 
48 581 77 0 
48 495 41 0 
48 370 30 0 
49 742 47 0 
49 738 54 0 
49 630 73 0 
49 573 85 0 
49 458 20 0 
49 129 26 0 
49 91 23 0 
49 80 59 0 
49 78 45 0 
49 66 84 0 
50 775 30 0 
50 486 58 0 
50 299 55 0 
50 55 41 0 
51 596 98 0 
51 527 74 0 
51 515 47 0 
51 345 39 0 
52 766 26 0 
52 719 65 0 
52 440 61 0 
52 423 95 0 
52 296 106 0 
52 289 58 0 
52 275 53 0 
52 224 18 0 
52 208 46 0 
52 193 28 0 
53 657 103 0 
53 522 49 0 
53 369 106 0 
53 356 69 0 
53 318 114 0 
53 84 113 0 
53 81 59 0 
54 413 42 0 
54 95 70 0 
55 791 6 0 
55 564 88 0 
55 544 73 0 
55 496 50 0 
55 354 70 0 
55 261 74 0 
55 135 19 0 
56 753 40 0 
56 532 13 0 
56 393 39 0 
56 369 61 0 
56 333 66 0 
56 332 30 0 
56 314 51 0 
56 236 20 0 
56 95 30 0 
57 609 44 0 
57 491 32 0 
57 222 22 0 
58 755 69 0 
58 719 90 0 
58 678 91 0 
58 281 6 0 
58 180 35 0 
58 92 48 0 
59 531 56 0 
59 227 48 0 
60 624 104 0 
60 436 84 0 
60 358 74 0 
60 249 46 0 
61 649 50 0 
61 589 14 0 
61 350 48 0 
61 226 71 0 
62 463 117 0 
62 325 84 0 
62 204 76 0 
62 190 81 0 
62 140 81 0 
63 717 37 0 
63 539 89 0 
63 271 35 0 
64 603 45 0 
64 565 21 0 
64 522 72 0 
64 359 81 0 
64 315 78 0 
64 190 39 0 
65 763 52 0 
65 528 39 0 
65 513 74 0 
65 337 91 0 
65 151 89 0 
66 699 50 0 
66 465 89 0 
66 378 68 0 
66 364 87 0 
66 359 13 0 
67 772 62 0 
67 762 17 0 
67 724 21 0 
67 690 20 0 
67 280 30 0 
67 87 50 0 
68 762 46 0 
68 697 74 0 
68 662 67 0 
68 381 29 0 
68 313 79 0 
69 712 47 0 
69 636 22 0 
69 315 46 0 
69 224 36 0 
69 76 34 0 
70 746 92 0 
70 692 36 0 
70 689 52 0 
70 654 91 0 
70 377 37 0 
70 365 24 0 
70 267 55 0 
71 599 81 0 
71 567 23 0 
71 501 42 0 
71 487 88 0 
71 455 27 0 
71 311 68 0 
71 273 41 0 
72 676 94 0 
72 536 41 0 
72 311 77 0 
72 257 108 0 
72 167 17 0 
73 564 45 0 
73 304 56 0 
73 271 94 0 
73 268 72 0 
74 780 61 0 
74 709 26 0 
74 255 46 0 
75 781 48 0 
75 775 43 0 
75 701 36 0 
75 579 27 0 
75 363 50 0 
75 255 56 0 
76 741 41 0 
76 731 55 0 
76 470 67 0 
76 419 96 0 
77 722 47 0 
77 657 70 0 
77 645 63 0 
77 595 54 0 
77 496 69 0 
77 488 35 0 
77 396 48 0 
77 186 49 0 
78 726 82 0 
78 397 26 0 
78 350 60 0 
78 319 68 0 
79 684 74 0 
79 606 47 0 
79 528 37 0 
79 443 32 0 
79 313 55 0 
80 728 72 0 
80 709 46 0 
80 705 48 0 
80 563 40 0 
80 534 48 0 
80 411 15 0 
80 188 61 0 
81 746 30 0 
81 532 16 0 
81 227 55 0 
81 114 55 0 
82 596 93 0 
82 572 9 0 
82 565 70 0 
82 532 56 0 
82 363 12 0 
83 584 50 0 
83 548 35 0 
84 384 26 0 
84 369 8 0 
84 217 14 0 
85 532 35 0 
85 506 28 0 
85 422 80 0 
86 639 54 0 
86 292 37 0 
86 156 7 0 
86 141 70 0 
87 479 82 0 
88 713 23 0 
88 701 47 0 
88 681 63 0 
88 449 32 0 
88 398 45 0 
89 772 67 0 
89 570 32 0 
89 135 55 0 
90 759 58 0 
90 303 63 0 
90 282 16 0 
91 459 7 0 
91 403 75 0 
92 793 50 0 
92 694 36 0 
92 546 56 0 
92 508 51 0 
92 359 70 0 
92 170 66 0 
93 611 33 0 
93 380 30 0 
93 322 17 0 
94 728 33 0 
94 540 77 0 
94 356 67 0 
95 608 16 0 
95 514 41 0 
95 124 74 0 
96 593 6 0 
96 489 16 0 
96 264 52 0 
96 178 85 0 
97 778 74 0 
97 624 15 0 
97 525 71 0 
97 453 32 0 
97 421 14 0 
97 365 25 0 
97 315 77 0 
97 209 57 0 
97 131 57 0 
97 108 19 0 
98 374 24 0 
98 357 62 0 
99 718 9 0 
99 453 63 0 
99 372 70 0 
99 187 69 0 
100 799 80 0 
100 768 14 0 
100 618 16 0 
100 549 84 0 
100 514 75 0 
100 423 43 0 
100 417 55 0 
100 200 34 0 
101 756 55 0 
101 729 56 0 
101 685 42 0 
102 746 15 0 
102 556 25 0 
102 297 66 0 
102 289 35 0 
102 119 57 0 
103 508 64 0 
103 469 82 0 
103 462 50 0 
103 322 25 0 
103 164 62 0 
104 469 21 0 
104 400 75 0 
104 398 38 0 
104 353 72 0 
104 106 81 0 
105 766 70 0 
105 543 63 0 
105 529 58 0 
105 328 16 0 
106 711 28 0 
106 677 82 0 
106 443 59 0 
106 237 8 0 
107 672 26 0 
107 415 14 0 
107 373 64 0 
107 349 36 0 
107 291 47 0 
107 289 29 0 
107 271 32 0 
108 491 19 0 
108 401 32 0 
108 324 35 0 
109 780 64 0 
109 491 44 0 
109 360 20 0 
109 117 6 0 
110 510 81 0 
110 469 65 0 
110 440 85 0 
111 395 43 0 
112 799 16 0 
112 765 80 0 
112 714 33 0 
112 528 48 0 
112 504 29 0 
112 342 40 0 
112 328 35 0 
112 156 80 0 
113 551 55 0 
113 281 18 0 
113 149 90 0 
114 780 16 0 
114 361 80 0 
114 170 67 0 
114 150 61 0 
115 626 53 0 
115 568 43 0 
115 479 65 0 
115 214 66 0 
116 479 30 0 
116 470 15 0 
116 389 29 0 
116 324 16 0 
116 266 65 0 
116 161 55 0 
116 129 82 0 
117 765 60 0 
117 398 11 0 
118 729 12 0 
118 439 40 0 
118 194 49 0 
118 176 61 0 
118 170 88 0 
118 158 35 0 
119 317 61 0 
120 778 72 0 
120 697 66 0 
120 559 20 0 
120 499 54 0 
120 236 53 0 
120 177 17 0 
120 175 47 0 
121 792 78 0 
121 266 14 0 
121 230 47 0 
121 191 71 0 
122 798 58 0 
122 727 56 0 
122 526 87 0 
122 357 75 0 
122 236 71 0 
122 211 60 0 
123 662 69 0 
123 630 59 0 
123 512 41 0 
123 213 50 0 
123 196 78 0 
124 775 85 0 
124 559 47 0 
124 526 83 0 
124 192 86 0 
125 787 46 0 
125 740 26 0 
125 630 14 0 
125 505 79 0 
126 606 49 0 
126 535 37 0 
126 451 11 0 
127 668 16 0 
127 622 58 0 
127 511 58 0 
127 504 45 0 
127 252 28 0 
128 159 63 0 
129 768 18 0 
129 743 14 0 
129 638 21 0 
129 434 21 0 
130 729 88 0 
130 673 14 0 
130 443 94 0 
130 375 71 0 
130 349 30 0 
130 147 54 0 
131 567 45 0 
131 232 71 0 
131 196 64 0 
131 186 39 0 
132 534 69 0 
132 429 82 0 
132 305 93 0 
132 175 45 0 
133 624 41 0 
133 600 18 0 
133 531 36 0 
133 420 61 0 
133 364 42 0 
133 240 49 0 
133 211 54 0 
133 201 53 0 
133 200 51 0 
134 792 74 0 
134 784 46 0 
134 657 38 0 
134 649 72 0 
134 231 65 0 
135 715 40 0 
135 153 73 0 
136 601 16 0 
136 479 14 0 
136 453 52 0 
136 335 17 0 
136 331 69 0 
137 668 24 0 
137 640 42 0 
137 525 22 0 
137 445 77 0 
137 441 74 0 
137 361 48 0 
137 315 61 0 
137 238 69 0 
138 288 40 0 
138 249 35 0 
138 149 40 0 
139 779 24 0 
139 728 42 0 
139 659 43 0 
139 437 41 0 
139 340 47 0 
139 264 27 0 
139 188 44 0 
140 701 75 0 
140 565 55 0 
140 410 34 0 
140 358 70 0 
141 710 85 0 
141 656 24 0 
141 459 62 0 
141 384 48 0 
142 607 61 0 
142 560 36 0 
142 342 88 0 
142 265 72 0 
143 667 12 0 
143 571 57 0 
143 487 91 0 
143 456 57 0 
143 230 31 0 
143 218 85 0 
144 702 11 0 
144 524 14 0 
144 468 84 0 
144 228 65 0 
145 741 44 0 
145 285 87 0 
145 271 103 0 
146 748 25 0 
146 692 19 0 
146 622 3 0 
146 481 38 0 
146 441 23 0 
146 207 68 0 
146 197 15 0 
147 681 32 0 
147 446 23 0 
147 258 59 0 
147 244 47 0 
148 593 33 0 
148 298 66 0 
148 266 18 0 
149 796 114 0 
149 773 28 0 
149 734 68 0 
149 633 25 0 
149 628 55 0 
149 344 71 0 
149 198 59 0 
150 727 32 0 
150 230 51 0 
151 716 94 0 
151 709 53 0 
151 688 44 0 
151 652 26 0 
151 304 17 0 
151 179 45 0 
152 624 29 0 
152 611 38 0 
152 602 82 0 
152 393 65 0 
153 666 83 0 
153 620 87 0 
153 599 85 0 
153 576 50 0 
153 291 37 0 
154 441 28 0 
154 280 22 0 
154 165 51 0 
155 364 37 0 
155 322 44 0 
155 188 41 0 
155 169 7 0 
156 610 36 0 
156 545 72 0 
156 162 24 0 
157 448 65 0 
157 441 28 0 
157 368 100 0 
157 331 95 0 
157 280 31 0 
158 765 79 0 
159 717 47 0 
159 652 19 0 
159 197 61 0 
160 757 85 0 
160 739 10 0 
160 662 66 0 
160 632 74 0 
160 628 61 0 
160 579 58 0 
160 268 84 0 
160 216 74 0 
161 348 30 0 
161 297 34 0 
162 765 30 0 
162 650 60 0 
162 624 73 0 
162 204 61 0 
163 635 50 0 
164 312 94 0 
164 268 61 0 
164 189 92 0 
165 786 75 0 
165 710 80 0 
165 661 41 0 
165 580 43 0 
165 371 101 0 
165 258 97 0 
165 189 96 0 
166 767 56 0 
166 562 91 0 
166 520 99 0 
166 433 78 0 
166 328 55 0 
166 255 68 0 
167 583 90 0 
167 525 18 0 
167 517 61 0 
168 785 73 0 
168 573 47 0 
168 539 63 0 
168 294 20 0 
169 489 53 0 
169 192 47 0 
170 653 64 0 
170 459 13 0 
170 414 88 0 
171 666 46 0 
171 452 79 0 
171 343 60 0 
171 297 47 0 
172 504 48 0 
172 267 16 0 
173 705 50 0 
173 612 31 0 
173 471 6 0 
173 466 30 0 
173 456 39 0 
173 373 53 0 
174 721 63 0 
174 692 49 0 
174 538 58 0 
174 218 86 0 
174 179 29 0 
175 727 75 0 
175 455 25 0 
175 366 92 0 
175 189 93 0 
176 682 26 0 
177 700 37 0 
177 522 59 0 
178 655 44 0 
178 652 47 0 
178 337 54 0 
178 333 95 0 
179 619 34 0 
179 574 14 0 
179 454 10 0 
179 346 29 0 
180 793 57 0 
180 604 78 0 
180 527 64 0 
180 309 62 0 
180 266 65 0 
180 201 39 0 
181 710 74 0 
181 527 62 0 
181 430 36 0 
181 327 9 0 
182 643 52 0 
182 301 40 0 
183 336 55 0 
184 710 95 0 
184 684 43 0 
184 648 82 0 
184 522 95 0 
184 323 96 0 
184 214 69 0 
185 778 41 0 
185 499 31 0 
185 446 12 0 
185 224 56 0 
186 669 77 0 
186 628 47 0 
186 528 31 0 
187 767 41 0 
187 498 64 0 
187 481 47 0 
187 271 80 0 
188 612 44 0 
188 503 26 0 
189 659 28 0 
189 354 51 0 
189 219 43 0 
190 418 22 0 
190 250 55 0 
191 527 45 0 
191 511 58 0 
191 473 19 0 
191 430 39 0 
191 274 39 0 
192 404 55 0 
192 285 57 0 
192 267 54 0 
193 422 68 0 
193 253 14 0 
194 781 70 0 
194 617 80 0 
195 731 76 0 
195 719 90 0 
195 511 53 0 
195 501 55 0 
195 470 44 0 
195 425 10 0 
195 390 36 0 
196 603 53 0 
196 579 43 0 
196 391 61 0 
196 225 79 0 
197 491 76 0 
197 462 48 0 
197 300 77 0 
197 296 12 0 
197 276 78 0 
197 246 68 0 
197 221 66 0 
198 640 24 0 
198 555 98 0 
198 443 85 0 
198 257 81 0 
199 458 30 0 
199 409 93 0 
199 407 27 0 
199 293 47 0 
199 242 84 0 
200 558 11 0 
200 481 38 0 
201 754 96 0 
201 710 45 0 
201 682 52 0 
201 552 55 0 
201 478 42 0 
201 240 23 0 
202 551 69 0 
202 487 78 0 
203 774 15 0 
203 299 27 0 
203 210 65 0 
204 744 72 0 
204 553 30 0 
204 450 40 0 
204 390 14 0 
205 764 72 0 
205 477 54 0 
205 446 48 0 
205 429 42 0 
206 596 70 0 
206 519 73 0 
207 594 17 0 
207 518 51 0 
207 394 76 0 
208 631 86 0 
208 619 64 0 
208 603 31 0 
209 562 63 0 
209 228 55 0 
209 217 65 0 
210 350 71 0 
210 278 21 0 
211 786 56 0 
211 619 55 0 
211 560 39 0 
211 449 74 0 
211 239 17 0 
212 777 38 0 
212 772 75 0 
212 710 34 0 
212 529 48 0 
212 414 77 0 
213 469 66 0 
213 435 75 0 
214 592 70 0 
214 483 50 0 
214 467 27 0 
214 419 74 0 
214 248 38 0 
215 354 82 0 
215 342 28 0 
216 744 66 0 
216 520 21 0 
216 405 62 0 
216 377 48 0 
216 288 73 0 
217 742 56 0 
217 682 17 0 
217 258 68 0 
218 650 83 0 
218 646 65 0 
219 710 86 0 
219 227 50 0 
220 224 60 0 
221 724 47 0 
221 498 37 0 
221 488 26 0 
222 530 77 0 
222 508 81 0 
222 486 58 0 
222 329 89 0 
222 271 78 0 
223 789 21 0 
223 643 45 0 
223 532 42 0 
223 381 62 0 
225 599 30 0 
225 597 32 0 
225 493 82 0 
225 464 66 0 
226 793 31 0 
226 373 57 0 
226 294 91 0 
226 264 22 0 
227 735 94 0 
227 640 104 0 
227 454 67 0 
227 370 56 0 
227 325 80 0 
227 289 86 0 
228 799 25 0 
228 754 67 0 
228 712 53 0 
229 738 26 0 
229 620 84 0 
229 401 24 0 
229 314 58 0 
229 278 91 0 
230 717 48 0 
230 396 85 0 
230 272 12 0 
231 796 57 0 
231 747 90 0 
231 632 15 0 
231 537 16 0 
231 455 94 0 
232 730 97 0 
232 564 16 0 
232 523 52 0 
232 491 82 0 
233 616 21 0 
233 497 33 0 
233 243 42 0 
234 748 51 0 
234 540 69 0 
234 531 36 0 
235 464 75 0 
235 342 51 0 
236 733 41 0 
236 724 42 0 
236 720 37 0 
236 691 19 0 
236 349 37 0 
236 326 21 0 
237 752 67 0 
237 631 43 0 
237 447 50 0 
238 575 102 0 
238 441 62 0 
238 405 64 0 
238 387 95 0 
239 794 45 0 
240 663 11 0 
240 660 36 0 
240 554 77 0 
241 721 22 0 
241 657 39 0 
241 254 93 0 
242 403 23 0 
243 756 69 0 
243 658 80 0 
243 633 71 0 
243 547 85 0 
243 380 80 0 
244 757 87 0 
244 732 37 0 
244 711 59 0 
244 474 29 0 
245 530 50 0 
246 763 86 0 
246 693 59 0 
246 616 64 0 
246 560 12 0 
246 422 59 0 
246 397 95 0 
246 393 32 0 
246 332 98 0 
247 770 29 0 
247 530 71 0 
247 499 69 0 
247 312 64 0 
248 379 51 0 
248 326 15 0 
249 255 73 0 
250 600 34 0 
250 516 52 0 
250 364 58 0 
250 344 32 0 
250 281 84 0 
251 628 26 0 
251 607 57 0 
251 597 28 0 
252 713 73 0 
252 697 41 0 
252 599 68 0 
252 450 38 0 
253 697 18 0 
253 555 52 0 
253 280 44 0 
254 576 39 0 
254 328 48 0 
254 270 11 0 
255 677 30 0 
255 629 89 0 
255 373 101 0 
256 573 89 0 
256 384 81 0 
256 360 40 0 
257 684 24 0 
257 590 79 0 
257 542 61 0 
258 783 46 0 
258 617 42 0 
258 396 60 0 
259 636 16 0 
259 549 64 0 
260 799 68 0 
260 774 18 0 
260 659 33 0 
260 612 21 0 
260 601 59 0 
260 299 14 0 
260 274 22 0 
261 792 60 0 
261 761 33 0 
261 707 53 0 
261 501 39 0 
261 430 59 0 
262 505 98 0 
262 469 19 0 
262 265 41 0 
263 322 17 0 
264 460 64 0 
264 302 46 0 
265 781 26 0 
265 499 51 0 
266 769 90 0 
266 764 72 0 
266 722 23 0 
266 626 55 0 
266 450 65 0 
267 762 43 0 
267 437 52 0 
268 795 69 0 
268 628 29 0 
268 419 36 0 
268 361 83 0 
268 350 80 0 
269 656 26 0 
269 594 39 0 
269 485 14 0 
269 278 38 0 
270 675 38 0 
270 651 68 0 
270 630 59 0 
271 705 87 0 
271 667 92 0 
271 512 65 0 
272 779 38 0 
272 559 29 0 
273 335 59 0 
274 720 63 0 
275 448 31 0 
276 761 83 0 
276 645 59 0 
276 469 83 0 
276 421 24 0 
277 653 87 0 
277 621 94 0 
277 574 57 0 
277 334 78 0 
277 311 74 0 
278 715 53 0 
278 588 28 0 
278 391 22 0 
279 767 31 0 
279 606 36 0 
279 589 11 0 
279 571 37 0 
279 563 34 0 
279 468 12 0 
280 574 21 0 
280 480 48 0 
280 464 65 0 
280 416 26 0 
281 609 78 0 
281 425 92 0 
282 743 9 0 
283 704 37 0 
283 626 19 0 
283 351 26 0 
284 462 32 0 
284 438 117 0 
285 769 46 0 
285 682 75 0 
285 326 64 0 
286 710 44 0 
286 597 56 0 
286 580 52 0 
286 557 64 0 
286 457 65 0 
286 350 21 0 
286 291 35 0 
287 798 58 0 
287 670 72 0 
287 460 57 0 
287 433 31 0 
287 341 75 0 
289 630 48 0 
289 557 27 0 
289 349 29 0 
289 306 69 0 
290 758 30 0 
290 677 83 0 
290 600 29 0 
290 562 23 0 
291 764 44 0 
291 645 40 0 
291 399 48 0 
291 358 4 0 
292 762 22 0 
292 431 34 0 
292 358 24 0 
293 760 44 0 
293 683 46 0 
293 626 16 0 
294 518 36 0 
294 378 40 0 
294 348 49 0 
295 329 28 0 
296 707 59 0 
296 580 35 0 
297 591 47 0 
297 476 104 0 
297 360 58 0 
297 334 67 0 
298 469 22 0 
298 351 57 0 
298 311 17 0 
299 649 9 0 
299 582 27 0 
299 572 37 0 
299 430 39 0 
299 369 42 0 
300 752 10 0 
300 611 40 0 
300 610 30 0 
300 473 31 0 
300 369 64 0 
301 659 90 0 
301 640 100 0 
301 308 98 0 
302 652 52 0 
302 625 41 0 
302 581 7 0 
302 534 30 0 
302 334 37 0 
303 792 44 0 
303 758 22 0 
304 479 38 0 
304 347 53 0 
305 731 29 0 
305 719 92 0 
305 547 106 0 
305 438 88 0 
306 693 76 0 
306 516 66 0 
306 367 35 0 
306 346 79 0 
307 762 30 0 
307 744 10 0 
307 355 21 0 
308 651 81 0 
308 635 49 0 
308 586 99 0 
308 538 87 0 
308 357 38 0 
308 324 113 0 
309 741 56 0 
309 680 73 0 
309 553 34 0 
309 527 53 0 
310 756 23 0 
310 720 89 0 
310 534 24 0 
310 399 34 0 
310 315 30 0 
311 691 51 0 
311 602 20 0 
311 504 64 0 
311 453 78 0 
313 785 86 0 
313 400 36 0 
314 581 23 0 
314 513 35 0 
316 779 76 0 
316 768 34 0 
316 760 73 0 
316 626 48 0 
316 612 23 0 
316 514 96 0 
316 376 80 0 
317 775 46 0 
317 578 28 0 
317 563 63 0 
317 481 30 0 
318 788 82 0 
318 643 61 0 
318 525 99 0 
318 373 27 0 
320 746 59 0 
320 695 17 0 
320 477 30 0 
321 661 38 0 
321 644 70 0 
321 493 65 0 
321 424 90 0 
322 703 12 0 
322 653 58 0 
322 588 42 0 
322 417 61 0 
323 671 79 0 
323 569 12 0 
323 424 17 0 
324 788 17 0 
324 728 83 0 
324 727 64 0 
324 523 44 0 
324 411 55 0 
325 707 26 0 
325 417 71 0 
326 629 66 0 
327 752 77 0 
327 579 81 0 
327 562 57 0 
327 384 20 0 
328 709 27 0 
329 710 44 0 
330 518 42 0 
330 474 58 0 
331 736 40 0 
332 712 68 0 
332 622 64 0 
332 461 41 0 
333 434 31 0 
335 723 35 0 
335 701 73 0 
335 507 52 0 
335 486 67 0 
336 499 86 0 
336 385 22 0 
337 618 86 0 
339 798 75 0 
339 622 89 0 
340 672 95 0 
341 788 34 0 
341 764 70 0 
341 709 57 0 
341 670 21 0 
341 669 4 0 
342 740 9 0 
342 727 52 0 
342 716 69 0 
342 642 48 0 
342 448 47 0 
343 404 28 0 
343 385 24 0 
344 775 10 0 
344 684 91 0 
344 571 35 0 
345 761 54 0 
345 497 44 0 
346 634 22 0 
346 596 65 0 
346 491 59 0 
347 761 24 0 
347 660 23 0 
347 458 15 0 
347 431 18 0 
347 369 43 0 
348 733 66 0 
348 385 41 0 
349 544 60 0 
349 425 65 0 
350 798 33 0 
350 583 14 0 
350 513 12 0 
350 469 24 0 
351 757 81 0 
351 753 51 0 
351 431 75 0 
351 398 21 0 
352 774 46 0 
353 786 30 0 
354 527 87 0 
355 717 37 0 
355 653 58 0 
355 553 40 0 
357 577 46 0 
357 538 50 0 
357 418 7 0 
358 635 36 0 
358 478 61 0 
359 714 39 0 
359 669 94 0 
359 544 82 0 
359 482 24 0 
360 366 34 0 
361 788 95 0 
361 685 98 0 
361 560 38 0 
361 440 106 0 
362 788 83 0 
362 787 57 0 
362 655 114 0 
362 629 23 0 
362 555 69 0 
362 455 83 0 
363 792 56 0 
363 615 31 0 
363 594 66 0 
363 570 32 0 
363 537 29 0 
363 521 56 0 
364 720 63 0 
364 674 51 0 
364 432 43 0 
365 717 44 0 
366 521 63 0 
367 552 44 0 
367 374 32 0 
368 591 29 0 
368 499 89 0 
369 798 19 0 
369 540 75 0 
369 502 88 0 
372 737 51 0 
372 471 59 0 
372 380 73 0 
373 479 58 0 
374 432 31 0 
375 717 60 0 
375 692 79 0 
375 408 85 0 
376 727 64 0 
376 664 84 0 
376 412 53 0 
377 724 33 0 
377 399 34 0 
379 536 50 0 
379 436 73 0 
380 739 46 0 
380 427 70 0 
380 387 82 0 
381 576 82 0 
381 547 92 0 
381 517 105 0 
383 500 32 0 
385 746 9 0 
385 598 69 0 
385 527 30 0 
385 414 44 0 
385 398 16 0 
385 394 82 0 
386 712 52 0 
386 701 69 0 
386 662 62 0 
387 707 51 0 
387 689 59 0 
387 480 65 0 
388 794 33 0 
388 781 68 0 
388 634 36 0 
388 597 40 0 
388 454 29 0 
389 657 41 0 
389 647 49 0 
389 562 32 0 
389 441 49 0 
390 563 112 0 
390 416 91 0 
391 665 65 0 
391 550 81 0 
391 521 47 0 
392 450 33 0 
392 411 37 0 
393 527 55 0 
393 495 42 0 
393 397 75 0 
394 779 49 0 
394 754 26 0 
394 742 59 0 
394 549 86 0 
394 471 59 0 
394 449 89 0 
395 758 49 0 
395 573 56 0 
395 537 43 0 
396 685 78 0 
396 538 91 0 
396 442 108 0 
397 518 41 0 
397 465 61 0 
398 672 30 0 
398 666 58 0 
398 647 34 0 
398 411 48 0 
399 779 48 0 
399 774 40 0 
399 658 67 0 
400 786 6 0 
400 746 53 0 
400 423 72 0 
401 678 54 0 
401 491 47 0 
402 515 35 0 
403 776 41 0 
403 477 25 0 
403 472 83 0 
404 492 44 0 
405 593 40 0 
405 565 59 0 
406 599 67 0 
406 500 51 0 
406 483 13 0 
406 411 17 0 
407 627 35 0 
407 442 56 0 
408 760 30 0 
408 754 8 0 
408 744 56 0 
408 562 62 0 
409 680 24 0 
409 443 42 0 
410 764 28 0 
410 506 26 0 
410 469 39 0 
411 586 26 0 
411 522 72 0 
412 498 80 0 
412 482 53 0 
413 523 40 0 
414 646 43 0 
414 637 16 0 
415 799 53 0 
415 416 58 0 
416 775 86 0 
416 737 55 0 
416 628 40 0 
416 489 41 0 
416 420 58 0 
418 773 61 0 
418 657 34 0 
418 596 81 0 
418 550 95 0 
418 427 27 0 
418 419 93 0 
422 693 60 0 
422 481 43 0 
424 772 90 0 
424 729 49 0 
425 790 87 0 
425 781 20 0 
425 725 71 0 
425 470 48 0 
426 718 72 0 
426 526 92 0 
426 436 107 0 
427 768 21 0 
427 745 35 0 
427 603 17 0 
427 596 72 0 
427 554 41 0 
428 694 28 0 
428 452 65 0 
429 555 71 0 
429 488 83 0 
430 726 63 0 
430 549 41 0 
430 512 19 0 
430 478 66 0 
430 462 34 0 
431 613 40 0 
432 751 55 0 
432 686 60 0 
432 544 8 0 
433 748 66 0 
433 716 86 0 
433 435 60 0 
434 767 38 0 
434 643 20 0 
434 630 57 0 
435 782 72 0 
435 601 58 0 
435 514 77 0 
435 471 56 0 
436 752 31 0 
436 747 72 0 
436 660 47 0 
436 639 35 0 
437 697 27 0 
437 680 26 0 
437 670 50 0 
437 636 49 0 
438 702 91 0 
438 599 110 0 
438 591 45 0 
438 587 54 0 
438 557 106 0 
438 505 53 0 
439 599 101 0 
439 569 79 0 
439 557 91 0 
440 659 106 0 
440 521 128 0 
441 612 37 0 
441 532 56 0 
442 755 66 0 
442 703 72 0 
443 681 54 0 
443 644 70 0 
443 536 33 0 
443 459 78 0 
444 781 16 0 
445 754 29 0 
447 750 44 0 
447 691 19 0 
447 596 41 0 
448 794 27 0 
448 763 25 0 
448 480 40 0 
449 773 20 0 
449 645 66 0 
449 499 81 0 
450 654 31 0 
451 712 55 0 
451 633 23 0 
452 606 73 0 
452 532 24 0 
452 488 11 0 
453 686 60 0 
453 645 74 0 
453 463 96 0 
454 608 20 0 
455 761 97 0 
455 708 100 0 
455 458 89 0 
456 702 52 0 
456 586 62 0 
456 543 68 0 
457 596 54 0 
459 797 62 0 
459 735 53 0 
459 713 65 0 
459 703 84 0 
461 512 10 0 
462 554 51 0 
463 503 50 0 
463 479 51 0 
464 722 109 0 
464 676 100 0 
464 661 90 0 
466 765 50 0 
466 715 20 0 
466 635 40 0 
467 603 39 0 
468 711 76 0 
468 622 15 0 
469 792 52 0 
469 725 65 0 
469 629 52 0 
469 593 64 0 
469 560 18 0 
469 546 84 0 
470 719 47 0 
470 598 81 0 
471 581 54 0 
471 549 64 0 
472 778 7 0 
473 748 33 0 
473 743 38 0 
474 792 11 0 
474 755 29 0 
474 605 60 0 
475 792 56 0 
475 573 81 0 
475 479 50 0 
476 703 72 0 
476 682 89 0 
476 632 86 0 
476 574 67 0 
476 550 92 0 
476 535 73 0 
477 604 41 0 
477 529 49 0 
478 792 57 0 
478 774 41 0 
478 706 57 0 
478 663 69 0 
478 498 94 0 
478 481 41 0 
479 590 20 0 
482 742 27 0 
482 643 49 0 
482 552 73 0 
483 613 43 0 
484 737 5 0 
484 624 42 0 
484 583 58 0 
484 569 45 0 
484 507 49 0 
485 758 104 0 
486 669 52 0 
486 665 74 0 
486 637 69 0 
486 608 38 0 
486 587 48 0 
487 678 104 0 
487 493 91 0 
488 733 29 0 
488 595 77 0 
489 586 31 0 
490 777 39 0 
490 747 84 0 
490 596 93 0 
491 528 49 0 
492 672 51 0 
494 761 88 0 
494 496 65 0 
495 586 57 0 
496 773 55 0 
496 770 46 0 
496 728 20 0 
496 504 63 0 
497 658 33 0 
497 647 28 0 
498 514 34 0 
499 745 41 0 
499 683 14 0 
499 667 65 0 
499 663 66 0 
499 629 26 0 
499 556 81 0 
499 526 60 0 
500 635 4 0 
500 630 72 0 
501 712 15 0 
502 756 77 0 
502 648 62 0 
502 548 94 0 
506 640 33 0 
507 742 28 0 
507 563 61 0 
507 560 26 0 
509 743 70 0 
509 627 33 0 
509 582 70 0 
510 764 32 0 
510 739 28 0 
510 668 3 0 
511 653 72 0 
511 576 27 0 
511 553 28 0 
512 778 44 0 
512 761 52 0 
512 631 44 0 
512 573 57 0 
513 714 89 0 
513 556 83 0 
514 784 74 0 
514 771 65 0 
515 729 69 0 
515 620 33 0 
516 626 62 0 
517 564 75 0 
518 697 71 0 
519 715 44 0 
519 658 74 0 
519 644 75 0 
520 734 97 0 
521 671 37 0 
521 575 11 0 
522 529 8 0 
523 718 55 0 
523 536 46 0 
524 795 40 0 
524 687 18 0 
524 569 28 0 
525 760 78 0 
525 746 13 0 
526 778 60 0 
526 715 59 0 
526 663 11 0 
527 782 55 0 
527 614 13 0 
528 559 75 0 
529 615 23 0 
530 713 61 0 
531 706 57 0 
532 737 21 0 
532 701 44 0 
532 680 43 0 
532 663 30 0 
532 600 39 0 
533 542 57 0 
534 751 74 0 
534 625 47 0 
534 569 69 0 
535 584 64 0 
536 764 34 0 
537 717 51 0 
538 639 56 0 
539 757 116 0 
539 661 81 0 
541 648 17 0 
542 643 16 0 
543 742 42 0 
543 558 44 0 
545 644 59 0 
546 680 57 0 
546 625 37 0 
546 578 23 0 
549 716 102 0 
549 695 14 0 
549 615 79 0 
549 574 55 0 
549 573 18 0 
550 577 87 0 
551 760 51 0 
551 744 24 0 
553 615 46 0 
554 660 48 0 
554 616 25 0 
555 577 76 0 
556 731 92 0 
556 564 95 0 
558 712 56 0 
558 692 68 0 
559 743 96 0 
559 620 85 0 
560 658 95 0 
561 742 25 0 
561 706 22 0 
562 700 62 0 
562 698 27 0 
563 789 28 0 
563 663 89 0 
564 783 63 0 
565 625 33 0 
566 795 32 0 
566 580 84 0 
567 768 44 0 
567 689 8 0 
567 663 58 0 
568 698 63 0 
568 688 32 0 
568 584 65 0 
570 747 75 0 
570 687 49 0 
572 610 29 0 
574 655 65 0 
574 623 23 0 
575 695 103 0 
575 649 29 0 
577 706 8 0 
577 656 31 0 
579 646 55 0 
580 781 84 0 
580 638 86 0 
580 633 62 0 
581 736 9 0 
581 651 69 0 
582 643 15 0 
583 759 73 0 
585 673 76 0 
585 601 39 0 
586 640 95 0 
588 740 27 0 
589 758 16 0 
589 748 25 0 
589 735 73 0 
591 774 64 0 
591 690 77 0 
593 706 91 0 
595 678 64 0 
596 760 71 0 
596 676 78 0 
596 639 31 0 
597 719 73 0 
598 766 94 0 
598 758 51 0 
598 648 25 0 
599 709 48 0 
599 704 51 0 
599 661 34 0 
600 780 53 0 
600 774 58 0 
600 641 22 0 
602 742 51 0 
602 704 51 0 
603 719 83 0 
604 761 101 0 
604 714 64 0 
604 638 104 0 
605 779 47 0 
605 683 96 0 
606 760 14 0 
607 740 54 0 
607 637 90 0 
608 715 34 0 
608 670 57 0 
612 680 75 0 
613 675 54 0 
615 651 55 0 
616 736 7 0 
617 718 53 0 
619 737 22 0 
619 733 72 0 
619 648 69 0 
620 742 26 0 
624 754 58 0 
626 710 46 0 
626 709 21 0 
626 692 37 0 
626 628 23 0 
628 767 10 0 
628 719 56 0 
629 770 25 0 
631 690 61 0 
632 713 60 0 
633 753 40 0 
633 728 25 0 
636 763 55 0 
637 763 32 0 
637 715 65 0 
638 736 76 0 
638 669 97 0 
639 759 14 0 
639 726 47 0 
640 738 84 0 
641 794 25 0 
641 667 58 0 
643 680 72 0 
644 666 64 0 
645 796 72 0 
645 746 54 0 
649 726 26 0 
651 784 51 0 
653 743 72 0 
654 689 40 0 
656 685 56 0 
657 773 74 0 
658 701 66 0 
659 785 19 0 
659 712 41 0 
659 707 48 0 
660 794 8 0 
660 716 45 0 
661 706 66 0 
661 685 61 0 
662 680 9 0 
665 749 57 0 
665 703 10 0 
666 769 85 0 
667 798 46 0 
667 791 80 0 
667 727 49 0 
670 707 33 0 
671 744 24 0 
672 752 14 0 
672 707 43 0 
679 718 31 0 
679 713 77 0 
679 711 75 0 
680 763 23 0 
684 753 36 0 
684 738 45 0 
684 708 60 0 
685 698 26 0 
687 737 36 0 
688 795 36 0 
688 779 21 0 
690 739 91 0 
692 702 90 0 
693 765 53 0 
696 702 4 0 
698 789 98 0 
698 717 50 0 
699 760 56 0 
700 710 38 0 
702 765 90 0 
702 736 85 0 
703 732 27 0 
707 788 47 0 
707 737 19 0 
707 731 44 0 
711 778 102 0 
712 734 35 0 
715 747 60 0 
717 785 38 0 
721 790 48 0 
722 743 99 0 
723 753 56 0 
723 749 43 0 
725 763 39 0 
726 765 39 0 
728 796 90 0 
728 755 68 0 
738 749 43 0 
740 794 37 0 
742 786 48 0 
751 760 72 0 
758 776 81 0 
762 767 42 0 
764 769 61 0 
767 773 24 0 
767 768 43 0 
775 789 95 0 
784 791 45 0 
786 799 17 0 
790 793 75 0 
