#GRAPH (#nodes #edges id uu vv ww xx yy zz):
#800 3870 geo(0,{800,100,3,0.006,0.000,0.000}) 100 
#
VERTICES (index name u v w x y z):
0 0 90 85 
1 1 45 89 
2 2 45 67 
3 3 90 61 
4 4 20 70 
5 5 22 94 
6 6 71 3 
7 7 63 14 
8 8 44 2 
9 9 60 44 
10 10 43 86 
11 11 18 49 
12 12 16 70 
13 13 11 94 
14 14 54 94 
15 15 78 74 
16 16 16 51 
17 17 56 85 
18 18 12 27 
19 19 92 96 
20 20 1 30 
21 21 37 32 
22 22 6 48 
23 23 17 22 
24 24 60 51 
25 25 26 8 
26 26 99 72 
27 27 42 28 
28 28 83 98 
29 29 70 96 
30 30 56 16 
31 31 77 41 
32 32 64 55 
33 33 6 26 
34 34 18 32 
35 35 90 13 
36 36 42 65 
37 37 86 67 
38 38 54 11 
39 39 62 10 
40 40 2 47 
41 41 67 49 
42 42 59 22 
43 43 32 79 
44 44 54 15 
45 45 88 45 
46 46 85 79 
47 47 24 31 
48 48 8 75 
49 49 43 9 
50 50 66 10 
51 51 76 19 
52 52 75 24 
53 53 47 93 
54 54 78 54 
55 55 78 32 
56 56 29 11 
57 57 46 21 
58 58 84 25 
59 59 45 8 
60 60 10 62 
61 61 37 97 
62 62 82 55 
63 63 46 89 
64 64 76 2 
65 65 9 54 
66 66 94 88 
67 67 50 99 
68 68 69 59 
69 69 98 35 
70 70 80 52 
71 71 96 56 
72 72 93 92 
73 73 37 69 
74 74 50 83 
75 75 15 53 
76 76 55 70 
77 77 45 61 
78 78 93 37 
79 79 73 22 
80 80 65 47 
81 81 5 94 
82 82 42 47 
83 83 8 32 
84 84 51 93 
85 85 64 58 
86 86 99 81 
87 87 29 28 
88 88 68 73 
89 89 64 5 
90 90 17 87 
91 91 46 1 
92 92 7 0 
93 93 88 32 
94 94 12 79 
95 95 24 45 
96 96 60 53 
97 97 57 26 
98 98 74 12 
99 99 27 82 
100 100 94 64 
101 101 33 25 
102 102 38 7 
103 103 43 88 
104 104 49 4 
105 105 30 81 
106 106 76 90 
107 107 76 28 
108 108 92 78 
109 109 55 67 
110 110 89 6 
111 111 4 38 
112 112 45 1 
113 113 74 24 
114 114 29 86 
115 115 97 15 
116 116 21 89 
117 117 31 60 
118 118 61 31 
119 119 94 37 
120 120 55 27 
121 121 39 23 
122 122 6 50 
123 123 28 61 
124 124 96 11 
125 125 84 75 
126 126 52 43 
127 127 79 1 
128 128 0 23 
129 129 74 5 
130 130 26 63 
131 131 29 27 
132 132 64 49 
133 133 97 55 
134 134 25 70 
135 135 40 41 
136 136 81 49 
137 137 20 73 
138 138 32 52 
139 139 69 75 
140 140 97 57 
141 141 86 83 
142 142 47 4 
143 143 40 29 
144 144 84 69 
145 145 13 54 
146 146 36 99 
147 147 97 6 
148 148 47 16 
149 149 74 0 
150 150 69 18 
151 151 4 65 
152 152 86 94 
153 153 39 41 
154 154 56 47 
155 155 49 50 
156 156 76 40 
157 157 66 51 
158 158 55 64 
159 159 32 54 
160 160 27 22 
161 161 45 79 
162 162 6 33 
163 163 40 28 
164 164 82 80 
165 165 92 41 
166 166 38 42 
167 167 12 73 
168 168 21 60 
169 169 32 78 
170 170 20 48 
171 171 65 91 
172 172 28 51 
173 173 25 9 
174 174 35 96 
175 175 9 92 
176 176 39 52 
177 177 8 76 
178 178 37 3 
179 179 10 35 
180 180 72 29 
181 181 50 40 
182 182 12 41 
183 183 41 10 
184 184 12 39 
185 185 44 54 
186 186 83 80 
187 187 97 71 
188 188 25 87 
189 189 21 37 
190 190 63 65 
191 191 25 63 
192 192 71 86 
193 193 79 95 
194 194 94 91 
195 195 69 1 
196 196 87 64 
197 197 20 78 
198 198 71 47 
199 199 73 74 
200 200 54 19 
201 201 12 3 
202 202 13 17 
203 203 55 77 
204 204 70 52 
205 205 11 17 
206 206 79 78 
207 207 91 79 
208 208 91 56 
209 209 28 87 
210 210 20 81 
211 211 78 30 
212 212 0 5 
213 213 45 49 
214 214 61 10 
215 215 12 63 
216 216 17 78 
217 217 45 41 
218 218 11 88 
219 219 3 5 
220 220 41 28 
221 221 38 41 
222 222 93 30 
223 223 39 87 
224 224 33 94 
225 225 83 48 
226 226 10 15 
227 227 23 58 
228 228 20 33 
229 229 68 84 
230 230 52 31 
231 231 31 74 
232 232 2 14 
233 233 53 76 
234 234 8 5 
235 235 25 81 
236 236 93 77 
237 237 12 25 
238 238 50 81 
239 239 6 1 
240 240 33 81 
241 241 95 42 
242 242 26 34 
243 243 90 26 
244 244 18 17 
245 245 69 35 
246 246 96 17 
247 247 59 74 
248 248 24 73 
249 249 80 67 
250 250 47 68 
251 251 55 12 
252 252 16 28 
253 253 63 18 
254 254 85 31 
255 255 88 67 
256 256 71 42 
257 257 19 68 
258 258 57 72 
259 259 17 12 
260 260 65 68 
261 261 50 20 
262 262 40 13 
263 263 87 19 
264 264 32 33 
265 265 34 30 
266 266 87 36 
267 267 12 76 
268 268 55 61 
269 269 30 42 
270 270 33 83 
271 271 92 28 
272 272 70 44 
273 273 93 73 
274 274 83 68 
275 275 80 76 
276 276 22 65 
277 277 95 76 
278 278 14 42 
279 279 17 57 
280 280 26 82 
281 281 60 32 
282 282 49 7 
283 283 34 90 
284 284 47 25 
285 285 90 23 
286 286 82 39 
287 287 94 96 
288 288 99 63 
289 289 72 71 
290 290 54 61 
291 291 95 7 
292 292 86 38 
293 293 90 7 
294 294 75 62 
295 295 4 10 
296 296 65 0 
297 297 97 20 
298 298 88 34 
299 299 93 36 
300 300 49 45 
301 301 35 84 
302 302 21 14 
303 303 50 67 
304 304 95 96 
305 305 88 28 
306 306 61 50 
307 307 72 93 
308 308 96 30 
309 309 45 13 
310 310 43 6 
311 311 83 34 
312 312 43 48 
313 313 38 99 
314 314 47 66 
315 315 26 55 
316 316 70 47 
317 317 36 34 
318 318 81 67 
319 319 85 64 
320 320 54 54 
321 321 40 81 
322 322 77 98 
323 323 55 7 
324 324 8 59 
325 325 82 7 
326 326 32 20 
327 327 67 6 
328 328 42 17 
329 329 73 60 
330 330 41 60 
331 331 13 70 
332 332 32 36 
333 333 67 94 
334 334 33 54 
335 335 55 58 
336 336 40 86 
337 337 86 81 
338 338 2 73 
339 339 69 43 
340 340 51 18 
341 341 11 61 
342 342 73 90 
343 343 54 73 
344 344 12 52 
345 345 61 67 
346 346 65 66 
347 347 73 17 
348 348 45 74 
349 349 13 49 
350 350 97 16 
351 351 3 22 
352 352 13 77 
353 353 3 28 
354 354 2 5 
355 355 23 2 
356 356 81 69 
357 357 31 88 
358 358 37 65 
359 359 91 37 
360 360 57 14 
361 361 1 39 
362 362 52 86 
363 363 46 5 
364 364 52 4 
365 365 83 40 
366 366 84 52 
367 367 77 1 
368 368 23 96 
369 369 26 5 
370 370 53 11 
371 371 42 98 
372 372 78 35 
373 373 37 84 
374 374 50 16 
375 375 33 41 
376 376 37 0 
377 377 21 52 
378 378 46 14 
379 379 75 26 
380 380 20 30 
381 381 37 19 
382 382 92 62 
383 383 23 47 
384 384 96 78 
385 385 60 13 
386 386 14 35 
387 387 89 20 
388 388 40 3 
389 389 55 50 
390 390 7 9 
391 391 27 55 
392 392 49 49 
393 393 99 66 
394 394 21 77 
395 395 62 58 
396 396 18 38 
397 397 16 88 
398 398 99 55 
399 399 41 70 
400 400 6 74 
401 401 15 95 
402 402 23 42 
403 403 99 80 
404 404 34 98 
405 405 52 55 
406 406 90 89 
407 407 8 71 
408 408 2 90 
409 409 47 85 
410 410 60 87 
411 411 57 56 
412 412 77 63 
413 413 17 3 
414 414 41 39 
415 415 42 5 
416 416 14 71 
417 417 48 91 
418 418 24 34 
419 419 18 97 
420 420 28 95 
421 421 20 7 
422 422 2 36 
423 423 38 88 
424 424 49 97 
425 425 44 52 
426 426 96 51 
427 427 48 84 
428 428 57 57 
429 429 43 37 
430 430 44 79 
431 431 42 99 
432 432 87 8 
433 433 6 70 
434 434 8 72 
435 435 47 82 
436 436 16 47 
437 437 59 38 
438 438 70 70 
439 439 65 58 
440 440 98 20 
441 441 47 40 
442 442 56 53 
443 443 16 30 
444 444 83 86 
445 445 63 78 
446 446 43 65 
447 447 17 61 
448 448 28 67 
449 449 34 7 
450 450 98 59 
451 451 8 43 
452 452 20 88 
453 453 74 56 
454 454 90 91 
455 455 47 45 
456 456 7 70 
457 457 11 43 
458 458 89 8 
459 459 22 2 
460 460 17 39 
461 461 36 3 
462 462 56 59 
463 463 92 1 
464 464 79 8 
465 465 10 1 
466 466 15 0 
467 467 38 47 
468 468 72 11 
469 469 83 47 
470 470 10 79 
471 471 86 4 
472 472 53 17 
473 473 84 44 
474 474 26 57 
475 475 3 6 
476 476 59 62 
477 477 60 64 
478 478 91 17 
479 479 79 9 
480 480 54 69 
481 481 63 7 
482 482 99 52 
483 483 18 23 
484 484 81 84 
485 485 86 70 
486 486 76 33 
487 487 53 34 
488 488 81 47 
489 489 48 90 
490 490 72 39 
491 491 64 59 
492 492 34 53 
493 493 93 83 
494 494 40 95 
495 495 27 32 
496 496 37 75 
497 497 57 67 
498 498 80 89 
499 499 97 83 
500 500 6 89 
501 501 55 66 
502 502 35 1 
503 503 37 68 
504 504 56 32 
505 505 74 18 
506 506 37 47 
507 507 73 36 
508 508 32 76 
509 509 36 52 
510 510 97 65 
511 511 72 36 
512 512 54 48 
513 513 62 31 
514 514 84 59 
515 515 92 15 
516 516 0 18 
517 517 91 9 
518 518 72 7 
519 519 96 27 
520 520 23 23 
521 521 64 66 
522 522 26 16 
523 523 12 50 
524 524 19 22 
525 525 50 22 
526 526 3 33 
527 527 38 2 
528 528 48 3 
529 529 87 27 
530 530 57 66 
531 531 8 48 
532 532 76 41 
533 533 23 19 
534 534 23 99 
535 535 27 90 
536 536 23 18 
537 537 22 96 
538 538 18 14 
539 539 56 95 
540 540 6 99 
541 541 9 77 
542 542 36 10 
543 543 30 74 
544 544 42 44 
545 545 72 54 
546 546 61 33 
547 547 97 94 
548 548 91 76 
549 549 66 40 
550 550 40 15 
551 551 73 33 
552 552 98 15 
553 553 88 65 
554 554 67 76 
555 555 83 42 
556 556 14 38 
557 557 64 57 
558 558 71 18 
559 559 74 78 
560 560 72 87 
561 561 14 98 
562 562 43 51 
563 563 1 6 
564 564 3 51 
565 565 88 55 
566 566 80 71 
567 567 24 37 
568 568 15 22 
569 569 77 66 
570 570 48 5 
571 571 73 97 
572 572 18 36 
573 573 52 72 
574 574 1 67 
575 575 92 55 
576 576 11 2 
577 577 34 93 
578 578 59 68 
579 579 54 4 
580 580 8 26 
581 581 60 47 
582 582 65 6 
583 583 41 72 
584 584 14 8 
585 585 15 19 
586 586 97 60 
587 587 58 18 
588 588 28 98 
589 589 62 75 
590 590 96 34 
591 591 59 96 
592 592 47 7 
593 593 92 13 
594 594 25 50 
595 595 64 64 
596 596 20 95 
597 597 1 83 
598 598 41 31 
599 599 89 61 
600 600 7 94 
601 601 12 28 
602 602 38 8 
603 603 80 60 
604 604 74 83 
605 605 28 71 
606 606 13 23 
607 607 94 61 
608 608 13 96 
609 609 46 24 
610 610 56 42 
611 611 37 50 
612 612 70 89 
613 613 1 10 
614 614 8 92 
615 615 11 49 
616 616 50 17 
617 617 48 7 
618 618 61 37 
619 619 53 52 
620 620 41 93 
621 621 26 38 
622 622 52 73 
623 623 30 95 
624 624 90 17 
625 625 17 66 
626 626 90 18 
627 627 64 47 
628 628 84 42 
629 629 48 40 
630 630 94 53 
631 631 12 88 
632 632 72 80 
633 633 24 6 
634 634 80 4 
635 635 99 79 
636 636 83 85 
637 637 51 27 
638 638 63 20 
639 639 20 24 
640 640 18 8 
641 641 0 60 
642 642 11 97 
643 643 72 55 
644 644 76 62 
645 645 75 7 
646 646 43 90 
647 647 62 34 
648 648 61 9 
649 649 73 77 
650 650 27 17 
651 651 30 94 
652 652 71 41 
653 653 10 96 
654 654 29 62 
655 655 77 43 
656 656 89 86 
657 657 80 2 
658 658 42 11 
659 659 38 55 
660 660 32 65 
661 661 38 30 
662 662 53 68 
663 663 24 92 
664 664 66 84 
665 665 30 92 
666 666 65 84 
667 667 18 65 
668 668 27 50 
669 669 55 71 
670 670 24 55 
671 671 16 98 
672 672 51 79 
673 673 55 91 
674 674 19 15 
675 675 18 51 
676 676 59 34 
677 677 38 83 
678 678 81 9 
679 679 42 1 
680 680 86 20 
681 681 91 93 
682 682 87 83 
683 683 79 70 
684 684 90 11 
685 685 70 18 
686 686 42 53 
687 687 95 82 
688 688 7 63 
689 689 22 52 
690 690 90 50 
691 691 16 64 
692 692 12 86 
693 693 43 30 
694 694 87 89 
695 695 84 55 
696 696 62 27 
697 697 60 35 
698 698 26 71 
699 699 97 84 
700 700 77 15 
701 701 18 98 
702 702 75 15 
703 703 16 54 
704 704 53 89 
705 705 7 73 
706 706 84 89 
707 707 11 69 
708 708 41 89 
709 709 38 16 
710 710 53 84 
711 711 94 83 
712 712 78 18 
713 713 60 28 
714 714 30 37 
715 715 19 41 
716 716 66 22 
717 717 44 16 
718 718 78 82 
719 719 69 22 
720 720 71 36 
721 721 47 53 
722 722 16 37 
723 723 98 7 
724 724 81 52 
725 725 6 62 
726 726 71 58 
727 727 11 66 
728 728 45 0 
729 729 56 22 
730 730 20 34 
731 731 95 38 
732 732 15 55 
733 733 31 34 
734 734 73 95 
735 735 5 3 
736 736 94 56 
737 737 77 12 
738 738 0 87 
739 739 21 55 
740 740 75 78 
741 741 62 22 
742 742 68 70 
743 743 5 39 
744 744 82 64 
745 745 24 95 
746 746 15 63 
747 747 50 26 
748 748 25 32 
749 749 49 25 
750 750 11 15 
751 751 43 82 
752 752 66 8 
753 753 17 97 
754 754 36 27 
755 755 92 83 
756 756 15 54 
757 757 11 63 
758 758 4 39 
759 759 26 31 
760 760 32 58 
761 761 9 24 
762 762 89 62 
763 763 13 57 
764 764 71 67 
765 765 10 73 
766 766 60 24 
767 767 35 20 
768 768 98 54 
769 769 80 70 
770 770 14 17 
771 771 67 30 
772 772 93 40 
773 773 1 0 
774 774 34 69 
775 775 90 66 
776 776 7 43 
777 777 60 95 
778 778 58 29 
779 779 52 10 
780 780 66 70 
781 781 63 45 
782 782 49 81 
783 783 59 95 
784 784 39 57 
785 785 81 54 
786 786 81 25 
787 787 75 71 
788 788 48 22 
789 789 39 22 
790 790 66 20 
791 791 56 92 
792 792 81 99 
793 793 46 38 
794 794 85 41 
795 795 71 28 
796 796 33 60 
797 797 15 99 
798 798 30 39 
799 799 86 72 
#
EDGES (from-node to-node length a b):
0 739 75 0 
0 527 98 0 
0 314 47 0 
1 623 16 0 
1 292 65 0 
1 217 48 0 
1 202 79 0 
1 87 63 0 
1 23 73 0 
2 745 35 0 
2 563 75 0 
2 148 51 0 
3 790 48 0 
3 783 46 0 
3 586 7 0 
3 450 8 0 
3 388 77 0 
3 284 56 0 
3 101 67 0 
4 695 66 0 
4 398 80 0 
4 127 91 0 
4 6 84 0 
5 734 51 0 
5 718 57 0 
5 634 107 0 
5 471 110 0 
6 637 31 0 
6 464 9 0 
6 293 19 0 
6 272 41 0 
6 207 79 0 
6 51 17 0 
6 18 64 0 
7 563 63 0 
7 531 65 0 
7 314 54 0 
7 169 71 0 
8 737 34 0 
8 715 46 0 
8 712 38 0 
8 568 35 0 
8 557 59 0 
8 495 34 0 
8 322 102 0 
8 39 20 0 
9 763 49 0 
9 471 48 0 
9 107 23 0 
9 47 38 0 
10 705 38 0 
10 501 23 0 
10 408 41 0 
10 336 3 0 
10 252 64 0 
11 781 45 0 
11 669 43 0 
11 632 62 0 
11 434 25 0 
11 188 39 0 
11 114 39 0 
12 686 31 0 
12 618 56 0 
12 595 48 0 
12 382 76 0 
12 284 55 0 
12 268 40 0 
12 23 48 0 
13 746 31 0 
13 645 108 0 
13 639 71 0 
13 575 90 0 
13 297 113 0 
13 285 106 0 
13 121 76 0 
14 796 40 0 
14 769 35 0 
14 363 89 0 
14 20 83 0 
15 780 13 0 
15 750 89 0 
15 583 37 0 
15 459 91 0 
15 286 35 0 
15 272 31 0 
16 766 52 0 
16 740 65 0 
16 521 50 0 
16 504 44 0 
16 367 79 0 
17 733 57 0 
17 222 66 0 
17 147 89 0 
17 73 25 0 
18 648 52 0 
18 439 61 0 
18 372 66 0 
18 131 17 0 
19 735 127 0 
19 668 80 0 
19 655 55 0 
19 506 74 0 
19 488 50 0 
19 280 67 0 
19 191 75 0 
20 616 51 0 
20 119 93 0 
21 794 49 0 
21 453 44 0 
21 366 51 0 
21 152 79 0 
21 70 47 0 
22 520 30 0 
22 381 42 0 
22 268 51 0 
22 261 52 0 
23 783 84 0 
23 721 43 0 
23 637 34 0 
23 356 79 0 
23 141 92 0 
24 747 27 0 
24 652 15 0 
24 631 61 0 
24 528 49 0 
24 414 22 0 
24 343 23 0 
24 280 46 0 
24 262 43 0 
24 183 45 0 
24 159 28 0 
24 147 58 0 
24 77 18 0 
25 693 28 0 
25 610 45 0 
25 202 16 0 
26 597 99 0 
26 178 93 0 
27 704 62 0 
27 642 76 0 
27 617 22 0 
27 594 28 0 
27 242 17 0 
27 220 1 0 
28 786 73 0 
28 640 111 0 
28 638 81 0 
28 621 83 0 
28 615 87 0 
28 331 75 0 
28 271 71 0 
28 179 96 0 
28 145 83 0 
29 616 81 0 
29 490 57 0 
29 248 51 0 
29 239 115 0 
29 158 35 0 
29 154 51 0 
29 98 84 0 
30 775 60 0 
30 540 97 0 
30 293 35 0 
30 259 39 0 
31 683 29 0 
31 185 35 0 
31 135 37 0 
32 566 23 0 
32 413 70 0 
32 235 47 0 
32 173 60 0 
32 121 41 0 
33 712 72 0 
33 273 99 0 
34 652 54 0 
34 502 35 0 
34 488 65 0 
34 381 23 0 
34 139 67 0 
34 44 40 0 
35 378 44 0 
36 648 59 0 
36 500 43 0 
36 453 33 0 
36 388 62 0 
36 367 73 0 
36 89 64 0 
36 88 27 0 
37 526 90 0 
37 385 60 0 
37 151 82 0 
37 133 16 0 
37 88 19 0 
38 653 96 0 
38 575 58 0 
38 404 89 0 
38 180 25 0 
39 770 49 0 
39 725 76 0 
39 685 11 0 
39 380 47 0 
39 192 77 0 
39 58 27 0 
40 358 39 0 
40 302 38 0 
40 200 59 0 
40 165 90 0 
40 96 58 0 
41 587 32 0 
41 566 26 0 
41 317 34 0 
41 232 74 0 
41 134 47 0 
42 648 13 0 
42 140 52 0 
42 107 18 0 
42 84 71 0 
43 512 38 0 
43 244 64 0 
43 178 76 0 
44 756 55 0 
44 677 70 0 
44 638 10 0 
44 567 37 0 
44 543 64 0 
44 488 42 0 
44 369 30 0 
44 240 69 0 
44 230 16 0 
44 72 86 0 
45 763 76 0 
45 387 25 0 
46 784 51 0 
46 639 85 0 
46 573 34 0 
46 519 53 0 
46 384 11 0 
46 325 72 0 
46 102 86 0 
46 64 78 0 
47 483 10 0 
47 336 57 0 
47 330 34 0 
48 783 55 0 
48 775 82 0 
48 522 62 0 
48 507 76 0 
48 354 70 0 
48 343 46 0 
48 125 76 0 
48 57 66 0 
49 790 25 0 
49 552 55 0 
49 537 89 0 
49 214 18 0 
50 780 60 0 
50 391 60 0 
50 327 4 0 
51 135 42 0 
52 780 47 0 
52 739 62 0 
52 437 21 0 
52 305 14 0 
53 739 46 0 
53 626 86 0 
53 524 76 0 
53 328 76 0 
54 711 33 0 
54 703 62 0 
54 634 50 0 
54 542 61 0 
54 518 47 0 
54 458 47 0 
54 252 67 0 
54 190 19 0 
55 776 72 0 
55 731 18 0 
55 679 48 0 
55 426 26 0 
55 409 61 0 
55 274 36 0 
56 691 55 0 
56 406 99 0 
57 446 44 0 
57 397 73 0 
57 379 29 0 
57 341 53 0 
57 329 47 0 
57 303 46 0 
57 122 49 0 
58 693 41 0 
59 713 25 0 
59 684 45 0 
59 668 46 0 
59 629 32 0 
59 263 43 0 
59 107 37 0 
59 61 89 0 
60 676 56 0 
60 297 97 0 
60 217 41 0 
61 778 71 0 
61 352 31 0 
61 328 80 0 
61 273 61 0 
62 790 38 0 
62 716 37 0 
62 480 31 0 
62 243 30 0 
63 570 84 0 
63 346 30 0 
63 233 15 0 
64 685 17 0 
64 629 47 0 
64 624 21 0 
64 418 61 0 
64 194 91 0 
64 185 61 0 
65 737 80 0 
65 700 78 0 
65 673 59 0 
65 585 36 0 
65 349 6 0 
65 99 33 0 
66 257 78 0 
66 73 60 0 
66 72 4 0 
67 683 41 0 
67 393 59 0 
67 186 38 0 
68 114 48 0 
68 72 41 0 
69 782 67 0 
69 563 101 0 
69 443 82 0 
69 410 64 0 
70 568 72 0 
70 298 20 0 
70 234 86 0 
71 692 89 0 
71 499 27 0 
71 383 74 0 
71 179 89 0 
72 776 99 0 
72 678 84 0 
72 665 63 0 
72 529 65 0 
73 738 41 0 
73 619 23 0 
73 554 31 0 
73 409 19 0 
73 327 70 0 
73 159 16 0 
74 651 23 0 
74 616 66 0 
74 430 7 0 
74 345 19 0 
74 165 59 0 
75 291 92 0 
75 283 42 0 
75 200 52 0 
75 129 76 0 
75 83 22 0 
76 591 26 0 
76 569 22 0 
76 376 72 0 
76 209 32 0 
77 670 22 0 
77 658 50 0 
77 527 59 0 
77 481 57 0 
77 473 43 0 
77 436 32 0 
77 317 28 0 
77 119 55 0 
77 89 59 0 
78 786 17 0 
78 443 77 0 
78 349 81 0 
79 773 75 0 
79 338 87 0 
79 140 42 0 
79 83 66 0 
80 795 20 0 
80 694 47 0 
80 469 18 0 
80 466 69 0 
80 406 49 0 
80 275 33 0 
80 83 59 0 
81 742 67 0 
81 668 49 0 
81 614 4 0 
81 481 105 0 
81 103 38 0 
82 729 29 0 
82 706 59 0 
82 400 45 0 
82 362 40 0 
82 312 1 0 
82 255 50 0 
82 239 58 0 
83 631 56 0 
83 539 79 0 
83 428 55 0 
83 222 85 0 
84 446 29 0 
84 237 78 0 
85 772 34 0 
85 402 44 0 
86 425 62 0 
87 688 41 0 
87 662 47 0 
87 637 22 0 
87 461 26 0 
87 101 5 0 
88 651 43 0 
88 556 64 0 
88 444 20 0 
88 209 42 0 
88 198 26 0 
89 797 106 0 
89 782 77 0 
89 637 26 0 
89 624 29 0 
89 458 25 0 
89 363 18 0 
89 242 48 0 
90 731 92 0 
90 577 18 0 
90 569 64 0 
90 442 52 0 
90 289 57 0 
90 251 84 0 
91 740 82 0 
91 625 71 0 
91 577 93 0 
91 470 86 0 
91 280 83 0 
92 704 100 0 
92 540 99 0 
92 120 55 0 
93 453 28 0 
93 234 84 0 
94 522 65 0 
94 115 106 0 
94 104 84 0 
95 658 38 0 
95 626 71 0 
95 619 30 0 
95 452 43 0 
96 669 19 0 
96 512 8 0 
96 132 6 0 
96 107 30 0 
97 774 49 0 
97 606 44 0 
97 478 35 0 
97 365 30 0 
98 775 56 0 
98 596 99 0 
98 348 68 0 
98 315 64 0 
98 222 26 0 
99 636 56 0 
99 619 40 0 
99 565 67 0 
99 395 42 0 
100 718 24 0 
100 711 19 0 
100 354 109 0 
100 131 75 0 
102 607 78 0 
102 475 35 0 
102 324 60 0 
103 739 40 0 
103 199 33 0 
103 154 43 0 
104 384 88 0 
104 136 55 0 
105 353 59 0 
106 748 77 0 
106 593 79 0 
106 553 28 0 
106 503 45 0 
106 468 79 0 
106 450 38 0 
106 346 26 0 
107 763 69 0 
107 659 47 0 
107 595 38 0 
107 426 30 0 
107 190 39 0 
107 141 56 0 
108 598 69 0 
109 743 57 0 
109 716 46 0 
109 381 51 0 
109 288 44 0 
110 770 76 0 
110 559 74 0 
110 552 13 0 
110 368 112 0 
111 764 73 0 
111 541 39 0 
111 514 83 0 
111 434 34 0 
111 287 107 0 
111 162 5 0 
112 690 67 0 
112 318 75 0 
113 520 51 0 
113 318 44 0 
114 586 73 0 
114 403 70 0 
114 373 8 0 
115 770 83 0 
115 558 26 0 
115 515 5 0 
115 440 5 0 
115 405 60 0 
115 346 60 0 
115 221 64 0 
115 202 84 0 
116 161 26 0 
117 738 41 0 
117 689 12 0 
117 513 42 0 
117 281 40 0 
117 198 42 0 
117 150 57 0 
118 532 18 0 
118 494 67 0 
119 507 21 0 
119 144 34 0 
120 775 52 0 
120 769 50 0 
120 661 17 0 
121 699 84 0 
121 555 48 0 
121 488 48 0 
122 627 58 0 
122 613 40 0 
122 593 94 0 
122 551 69 0 
122 454 93 0 
122 274 79 0 
122 140 91 0 
123 422 36 0 
123 374 50 0 
123 236 67 0 
124 747 48 0 
124 534 114 0 
124 495 72 0 
124 173 71 0 
125 587 63 0 
125 517 66 0 
125 406 15 0 
125 379 50 0 
125 365 35 0 
126 773 67 0 
126 746 42 0 
126 648 35 0 
126 560 48 0 
126 487 9 0 
126 453 26 0 
126 215 45 0 
126 207 53 0 
126 190 25 0 
127 648 20 0 
127 484 83 0 
128 624 90 0 
128 277 109 0 
129 667 82 0 
129 519 31 0 
129 370 22 0 
129 308 33 0 
130 780 41 0 
130 475 61 0 
130 395 36 0 
131 408 69 0 
131 401 69 0 
131 304 95 0 
131 164 75 0 
132 596 64 0 
132 594 39 0 
132 544 23 0 
132 375 32 0 
132 315 38 0 
132 295 72 0 
132 263 38 0 
133 590 21 0 
133 355 91 0 
133 329 25 0 
133 277 21 0 
134 750 57 0 
134 431 34 0 
134 413 67 0 
135 451 32 0 
135 144 52 0 
136 689 59 0 
136 632 32 0 
136 585 72 0 
136 225 2 0 
136 141 34 0 
137 771 64 0 
137 757 13 0 
137 618 55 0 
137 602 67 0 
137 579 77 0 
137 441 43 0 
138 722 22 0 
138 554 42 0 
138 482 67 0 
138 370 46 0 
138 312 12 0 
139 761 79 0 
139 463 77 0 
140 755 26 0 
140 666 42 0 
140 246 40 0 
140 155 49 0 
140 143 64 0 
141 768 31 0 
141 745 63 0 
141 743 92 0 
141 735 114 0 
141 603 24 0 
141 173 96 0 
141 172 66 0 
141 148 78 0 
142 659 52 0 
142 600 98 0 
142 565 65 0 
142 411 53 0 
142 379 36 0 
143 560 66 0 
143 240 52 0 
143 219 44 0 
144 798 62 0 
144 721 40 0 
144 685 53 0 
144 289 12 0 
144 215 72 0 
144 189 71 0 
145 775 78 0 
145 572 19 0 
145 298 78 0 
146 655 69 0 
146 296 103 0 
147 769 66 0 
147 266 32 0 
147 193 91 0 
148 315 44 0 
148 238 65 0 
149 393 71 0 
149 302 55 0 
149 249 67 0 
150 671 96 0 
150 661 33 0 
150 173 45 0 
151 735 62 0 
151 624 98 0 
151 592 72 0 
151 460 29 0 
151 439 61 0 
151 423 41 0 
152 248 65 0 
153 774 28 0 
153 754 14 0 
153 731 56 0 
153 659 14 0 
153 490 33 0 
153 484 60 0 
153 227 23 0 
154 492 23 0 
154 351 59 0 
154 345 21 0 
155 758 46 0 
155 645 50 0 
155 245 25 0 
155 236 52 0 
156 298 13 0 
157 749 31 0 
157 708 45 0 
157 702 37 0 
157 624 42 0 
157 443 54 0 
157 388 55 0 
157 328 42 0 
158 719 44 0 
158 710 20 0 
158 585 60 0 
158 493 42 0 
158 488 31 0 
158 384 43 0 
158 376 66 0 
159 756 17 0 
159 748 23 0 
159 629 21 0 
159 565 56 0 
160 339 47 0 
161 348 5 0 
162 769 83 0 
162 321 59 0 
162 269 26 0 
163 717 13 0 
164 752 74 0 
164 716 60 0 
164 483 86 0 
164 467 55 0 
164 255 14 0 
164 254 49 0 
164 210 62 0 
165 766 36 0 
165 737 33 0 
165 680 22 0 
165 550 58 0 
165 344 81 0 
165 277 35 0 
165 178 67 0 
166 724 44 0 
166 625 32 0 
166 431 57 0 
167 565 78 0 
167 524 51 0 
167 484 70 0 
167 457 30 0 
167 208 81 0 
167 194 84 0 
168 796 12 0 
168 699 80 0 
168 573 33 0 
168 291 91 0 
168 224 36 0 
169 586 67 0 
169 420 17 0 
169 309 66 0 
169 283 12 0 
170 746 16 0 
170 649 60 0 
170 411 38 0 
170 378 43 0 
170 375 15 0 
170 267 29 0 
171 701 48 0 
171 599 38 0 
172 666 50 0 
172 606 32 0 
172 300 22 0 
173 688 57 0 
173 566 83 0 
173 501 64 0 
173 449 9 0 
174 689 46 0 
174 274 56 0 
174 215 40 0 
175 656 80 0 
175 447 32 0 
175 200 86 0 
176 774 18 0 
176 702 52 0 
176 522 38 0 
176 367 64 0 
176 272 32 0 
177 793 54 0 
177 750 61 0 
177 640 69 0 
177 619 51 0 
177 614 16 0 
177 560 65 0 
177 445 55 0 
177 370 79 0 
177 351 54 0 
178 669 70 0 
178 562 48 0 
178 392 48 0 
179 541 42 0 
179 477 58 0 
180 704 63 0 
180 434 77 0 
181 527 40 0 
181 497 28 0 
181 496 37 0 
181 373 46 0 
182 498 83 0 
182 438 65 0 
182 213 34 0 
183 446 55 0 
184 703 16 0 
184 678 75 0 
184 500 50 0 
184 305 77 0 
184 198 60 0 
185 641 44 0 
186 649 10 0 
186 376 92 0 
186 269 65 0 
186 266 44 0 
186 226 98 0 
186 212 112 0 
187 701 83 0 
187 569 21 0 
187 206 19 0 
188 749 66 0 
188 511 69 0 
189 737 61 0 
189 628 63 0 
189 220 22 0 
189 197 41 0 
190 653 61 0 
190 499 38 0 
190 325 61 0 
191 502 63 0 
191 498 61 0 
191 477 35 0 
191 285 76 0 
191 284 44 0 
192 392 43 0 
193 585 99 0 
193 455 59 0 
193 272 52 0 
194 600 87 0 
195 561 112 0 
195 539 95 0 
195 352 94 0 
196 766 48 0 
196 697 40 0 
196 524 80 0 
197 730 44 0 
197 491 48 0 
197 391 24 0 
198 777 49 0 
198 700 33 0 
198 648 39 0 
198 500 77 0 
199 589 11 0 
199 423 38 0 
199 352 60 0 
199 319 16 0 
200 628 38 0 
200 609 9 0 
200 539 76 0 
200 341 60 0 
201 719 60 0 
201 517 79 0 
201 354 10 0 
201 322 115 0 
202 592 35 0 
202 367 66 0 
202 338 57 0 
203 782 7 0 
204 652 11 0 
205 237 8 0 
206 691 65 0 
206 486 45 0 
206 447 64 0 
206 368 59 0 
206 238 29 0 
206 216 62 0 
207 384 5 0 
207 303 43 0 
208 535 72 0 
208 476 33 0 
208 246 39 0 
208 215 79 0 
209 678 94 0 
210 593 99 0 
210 350 101 0 
211 713 18 0 
211 645 23 0 
211 602 46 0 
211 555 13 0 
211 384 51 0 
212 669 86 0 
212 668 52 0 
212 358 70 0 
213 524 37 0 
214 721 45 0 
214 683 63 0 
214 676 24 0 
214 598 29 0 
214 456 81 0 
215 625 6 0 
215 591 57 0 
216 799 69 0 
216 767 61 0 
216 487 57 0 
216 438 54 0 
216 265 51 0 
217 671 64 0 
217 406 66 0 
217 403 67 0 
217 352 48 0 
218 615 39 0 
218 592 89 0 
218 224 23 0 
219 625 63 0 
219 228 33 0 
220 772 53 0 
220 740 60 0 
220 541 59 0 
220 421 30 0 
220 375 15 0 
221 681 74 0 
221 628 46 0 
221 467 6 0 
221 338 48 0 
221 253 34 0 
222 737 24 0 
222 538 77 0 
223 534 20 0 
223 528 84 0 
223 465 91 0 
224 788 74 0 
224 775 64 0 
224 773 99 0 
224 705 33 0 
224 697 65 0 
224 695 64 0 
224 592 88 0 
224 516 83 0 
224 316 60 0 
225 761 78 0 
225 438 26 0 
225 245 19 0 
226 790 56 0 
226 601 13 0 
226 420 82 0 
226 402 30 0 
226 356 89 0 
226 297 87 0 
227 593 82 0 
227 542 50 0 
227 513 47 0 
227 240 25 0 
228 632 70 0 
228 570 40 0 
229 476 24 0 
229 472 69 0 
229 411 30 0 
229 240 35 0 
231 533 56 0 
231 388 72 0 
231 375 33 0 
231 297 85 0 
231 249 49 0 
231 245 54 0 
232 561 85 0 
232 531 35 0 
232 390 7 0 
232 313 92 0 
232 280 72 0 
233 660 24 0 
233 605 25 0 
233 474 33 0 
233 345 12 0 
233 332 45 0 
234 724 87 0 
234 640 10 0 
234 244 16 0 
235 778 62 0 
236 665 65 0 
236 657 76 0 
236 540 90 0 
236 504 58 0 
236 333 31 0 
237 715 17 0 
237 657 72 0 
237 386 10 0 
238 741 60 0 
238 471 85 0 
238 433 45 0 
238 311 57 0 
238 294 31 0 
239 454 123 0 
239 322 120 0 
239 313 103 0 
239 284 48 0 
239 250 79 0 
240 799 54 0 
240 690 65 0 
241 715 76 0 
242 564 29 0 
242 375 10 0 
242 367 61 0 
243 712 14 0 
243 664 63 0 
243 407 94 0 
243 401 102 0 
243 350 12 0 
243 325 21 0 
244 794 71 0 
244 761 11 0 
244 297 79 0 
246 564 99 0 
246 417 88 0 
246 403 63 0 
247 771 45 0 
247 700 62 0 
247 544 34 0 
247 418 53 0 
247 394 38 0 
247 339 33 0 
248 437 49 0 
248 395 41 0 
248 394 5 0 
248 269 32 0 
249 766 47 0 
249 759 65 0 
249 654 51 0 
249 470 71 0 
249 430 38 0 
249 281 40 0 
250 630 49 0 
250 429 31 0 
250 325 70 0 
251 457 54 0 
251 396 45 0 
251 371 87 0 
253 793 26 0 
253 470 81 0 
253 312 36 0 
254 712 15 0 
254 539 70 0 
255 614 84 0 
255 262 72 0 
255 260 23 0 
256 479 34 0 
256 443 56 0 
257 698 8 0 
257 693 45 0 
257 588 31 0 
257 495 37 0 
257 260 46 0 
258 685 56 0 
258 428 15 0 
258 427 15 0 
259 268 62 0 
259 267 64 0 
260 579 65 0 
260 271 48 0 
261 781 28 0 
261 686 34 0 
261 670 44 0 
261 537 81 0 
261 488 41 0 
261 450 62 0 
262 799 75 0 
262 686 40 0 
262 599 69 0 
262 308 59 0 
262 303 55 0 
263 652 27 0 
263 485 51 0 
263 436 76 0 
263 422 87 0 
264 749 19 0 
264 596 63 0 
264 300 21 0 
265 754 4 0 
265 646 61 0 
265 489 62 0 
265 348 45 0 
265 267 51 0 
266 748 62 0 
266 666 53 0 
266 483 70 0 
267 522 62 0 
267 429 50 0 
268 497 6 0 
268 322 43 0 
269 793 16 0 
269 611 11 0 
269 332 6 0 
269 289 51 0 
270 787 44 0 
270 739 30 0 
270 491 39 0 
271 642 106 0 
271 515 13 0 
271 474 72 0 
271 469 21 0 
271 298 7 0 
272 754 38 0 
272 700 30 0 
272 536 54 0 
272 510 34 0 
272 424 57 0 
273 321 54 0 
273 280 68 0 
274 405 34 0 
276 599 67 0 
276 591 48 0 
276 548 70 0 
276 445 43 0 
276 438 48 0 
277 784 59 0 
278 770 25 0 
278 507 59 0 
279 696 54 0 
279 695 67 0 
279 402 16 0 
279 387 81 0 
280 605 11 0 
280 551 68 0 
280 467 37 0 
280 405 37 0 
281 785 30 0 
281 535 67 0 
281 440 40 0 
282 588 93 0 
282 507 38 0 
282 430 72 0 
282 372 40 0 
283 747 66 0 
283 719 76 0 
283 653 25 0 
284 705 62 0 
285 796 68 0 
285 748 66 0 
285 702 17 0 
285 659 61 0 
286 727 76 0 
286 505 22 0 
287 529 69 0 
287 300 68 0 
288 771 46 0 
288 420 78 0 
289 798 53 0 
290 607 40 0 
290 480 8 0 
291 789 58 0 
291 674 76 0 
291 575 48 0 
291 549 44 0 
292 584 78 0 
292 519 15 0 
292 476 36 0 
293 380 74 0 
293 345 67 0 
294 628 22 0 
294 487 36 0 
294 414 41 0 
295 691 55 0 
295 475 4 0 
295 384 114 0 
295 340 48 0 
296 777 95 0 
296 513 31 0 
296 297 38 0 
297 601 85 0 
297 524 78 0 
298 583 60 0 
298 582 36 0 
298 356 36 0 
298 348 59 0 
299 617 54 0 
299 410 61 0 
300 766 24 0 
300 730 31 0 
300 639 36 0 
300 636 52 0 
300 580 45 0 
300 559 41 0 
300 348 29 0 
301 785 55 0 
301 700 81 0 
301 647 57 0 
301 483 63 0 
301 352 23 0 
302 731 78 0 
302 538 3 0 
302 450 89 0 
303 793 29 0 
303 602 60 0 
303 485 36 0 
303 468 60 0 
303 319 35 0 
304 779 96 0 
304 583 59 0 
304 413 121 0 
306 770 57 0 
306 685 33 0 
306 399 28 0 
307 602 92 0 
308 465 91 0 
308 461 66 0 
308 391 73 0 
308 388 62 0 
309 472 9 0 
309 335 46 0 
310 751 76 0 
310 657 37 0 
310 624 48 0 
310 593 49 0 
310 584 29 0 
310 512 43 0 
310 416 71 0 
310 388 4 0 
310 376 8 0 
310 345 64 0 
311 798 53 0 
311 713 24 0 
311 688 81 0 
311 634 30 0 
311 379 11 0 
312 716 35 0 
312 484 52 0 
313 541 36 0 
314 758 51 0 
314 618 32 0 
315 753 43 0 
315 750 43 0 
315 727 19 0 
315 703 10 0 
315 697 39 0 
315 469 58 0 
315 387 72 0 
316 567 47 0 
316 409 44 0 
317 747 16 0 
317 714 7 0 
317 631 59 0 
317 520 17 0 
318 693 53 0 
319 778 44 0 
319 747 52 0 
319 663 67 0 
319 637 50 0 
319 326 69 0 
320 770 54 0 
320 746 40 0 
320 741 33 0 
320 590 47 0 
320 458 58 0 
320 411 4 0 
320 354 71 0 
320 324 46 0 
321 718 38 0 
321 449 74 0 
322 787 27 0 
322 446 47 0 
323 538 38 0 
323 457 57 0 
323 337 80 0 
324 782 47 0 
325 745 105 0 
325 407 98 0 
326 724 59 0 
326 684 59 0 
326 679 21 0 
326 661 12 0 
327 642 107 0 
327 446 64 0 
327 380 53 0 
327 357 90 0 
328 681 90 0 
328 552 56 0 
329 358 36 0 
330 671 45 0 
330 531 35 0 
331 691 7 0 
331 656 78 0 
331 649 60 0 
331 391 21 0 
332 436 19 0 
332 413 36 0 
333 737 83 0 
333 607 43 0 
333 596 47 0 
333 586 45 0 
333 388 95 0 
334 697 33 0 
334 599 56 0 
334 419 46 0 
335 431 43 0 
336 745 18 0 
336 680 80 0 
336 543 16 0 
337 749 67 0 
337 534 66 0 
337 500 80 0 
337 369 97 0 
338 512 58 0 
338 360 81 0 
339 685 25 0 
339 673 50 0 
339 452 67 0 
340 792 86 0 
341 739 12 0 
341 550 54 0 
341 426 86 0 
341 419 37 0 
341 409 43 0 
341 385 69 0 
342 614 65 0 
342 584 101 0 
343 652 36 0 
343 522 64 0 
343 496 17 0 
344 717 48 0 
344 677 40 0 
345 667 43 0 
345 639 59 0 
345 498 29 0 
346 726 10 0 
346 650 62 0 
346 510 32 0 
346 437 29 0 
346 390 81 0 
346 374 52 0 
347 711 69 0 
347 410 71 0 
347 360 16 0 
348 704 17 0 
348 599 46 0 
349 519 86 0 
350 712 19 0 
350 616 47 0 
350 567 76 0 
350 467 67 0 
351 694 107 0 
351 567 26 0 
352 762 77 0 
352 551 74 0 
352 409 35 0 
353 718 92 0 
353 663 67 0 
353 632 86 0 
353 393 103 0 
353 385 59 0 
354 648 59 0 
354 630 104 0 
354 627 75 0 
354 597 78 0 
354 503 72 0 
354 457 39 0 
354 443 29 0 
354 368 93 0 
355 772 80 0 
355 544 46 0 
355 435 84 0 
355 431 99 0 
356 768 23 0 
356 611 48 0 
356 598 55 0 
356 568 81 0 
356 497 24 0 
357 774 19 0 
357 698 18 0 
357 640 81 0 
358 792 56 0 
359 589 48 0 
359 437 32 0 
360 791 78 0 
360 747 14 0 
360 694 81 0 
360 514 52 0 
361 774 45 0 
361 664 79 0 
362 782 6 0 
362 561 40 0 
362 536 74 0 
362 436 53 0 
364 621 43 0 
364 602 15 0 
364 498 89 0 
364 496 73 0 
364 448 67 0 
364 367 25 0 
365 692 85 0 
366 718 31 0 
366 678 43 0 
366 572 68 0 
366 487 36 0 
366 373 57 0 
367 727 93 0 
367 716 24 0 
367 437 41 0 
367 376 40 0 
368 612 48 0 
369 782 79 0 
369 717 21 0 
369 664 89 0 
371 436 57 0 
372 540 96 0 
372 446 46 0 
372 380 58 0 
373 543 12 0 
373 432 91 0 
374 630 57 0 
374 623 81 0 
376 620 93 0 
376 566 83 0 
376 551 49 0 
377 797 47 0 
377 701 46 0 
377 683 61 0 
377 624 77 0 
378 786 37 0 
378 505 28 0 
378 456 68 0 
379 688 77 0 
380 799 78 0 
380 554 66 0 
380 547 100 0 
380 545 57 0 
380 429 24 0 
381 717 8 0 
381 559 70 0 
382 711 21 0 
382 706 28 0 
382 509 57 0 
383 616 40 0 
383 546 40 0 
384 426 27 0 
385 766 11 0 
385 645 16 0 
385 536 37 0 
386 632 73 0 
386 631 53 0 
386 555 69 0 
386 461 39 0 
386 403 96 0 
387 799 52 0 
387 647 30 0 
387 588 99 0 
387 535 94 0 
388 795 40 0 
388 665 90 0 
389 553 36 0 
389 543 35 0 
391 746 14 0 
391 642 45 0 
391 460 19 0 
392 791 44 0 
392 501 18 0 
393 795 47 0 
393 630 14 0 
393 528 81 0 
395 716 36 0 
395 697 23 0 
396 766 44 0 
396 721 33 0 
396 601 12 0 
396 592 42 0 
396 457 9 0 
397 570 89 0 
397 509 41 0 
397 425 46 0 
399 674 59 0 
399 558 60 0 
399 446 5 0 
400 791 53 0 
400 508 26 0 
401 596 5 0 
401 534 9 0 
402 566 64 0 
403 785 32 0 
404 418 65 0 
405 776 47 0 
405 477 12 0 
406 759 86 0 
407 712 88 0 
407 438 62 0 
408 772 104 0 
409 682 40 0 
409 598 54 0 
409 569 36 0 
409 518 82 0 
410 699 37 0 
410 452 40 0 
411 583 23 0 
412 637 44 0 
413 602 22 0 
413 435 85 0 
414 512 16 0 
414 447 33 0 
415 630 71 0 
415 626 50 0 
415 551 42 0 
415 542 8 0 
416 464 91 0 
417 742 29 0 
417 665 18 0 
417 447 43 0 
418 728 40 0 
418 714 7 0 
418 705 43 0 
418 661 15 0 
418 584 28 0 
418 572 6 0 
418 494 63 0 
419 578 50 0 
420 550 81 0 
421 761 20 0 
421 492 48 0 
422 794 83 0 
422 754 35 0 
422 666 79 0 
422 554 76 0 
423 717 72 0 
423 588 14 0 
423 521 34 0 
423 469 61 0 
424 691 47 0 
424 616 80 0 
425 648 46 0 
426 636 36 0 
427 601 67 0 
427 439 31 0 
429 724 41 0 
429 658 26 0 
429 646 53 0 
429 639 26 0 
429 561 68 0 
430 714 44 0 
430 711 50 0 
430 496 8 0 
431 775 58 0 
431 645 98 0 
431 528 96 0 
432 713 34 0 
432 504 39 0 
433 482 95 0 
434 713 68 0 
434 710 47 0 
435 538 74 0 
436 698 26 0 
436 653 49 0 
436 497 46 0 
436 456 25 0 
437 492 29 0 
437 466 58 0 
437 454 61 0 
438 738 72 0 
438 559 9 0 
438 523 61 0 
439 639 56 0 
439 528 58 0 
440 733 68 0 
440 486 26 0 
441 798 17 0 
441 722 31 0 
441 701 65 0 
442 526 57 0 
442 522 48 0 
442 515 52 0 
442 484 40 0 
444 687 13 0 
445 588 40 0 
445 529 56 0 
445 468 68 0 
445 449 77 0 
446 755 52 0 
446 752 61 0 
446 715 34 0 
448 682 61 0 
448 661 38 0 
448 583 14 0 
448 463 92 0 
449 749 23 0 
449 745 89 0 
449 656 96 0 
449 609 21 0 
449 594 44 0 
449 586 82 0 
450 618 43 0 
451 762 83 0 
451 678 81 0 
451 625 25 0 
451 532 68 0 
451 477 56 0 
452 689 36 0 
453 618 23 0 
453 494 52 0 
454 668 75 0 
455 780 31 0 
455 738 63 0 
455 526 46 0 
456 707 4 0 
456 646 41 0 
456 600 24 0 
457 480 50 0 
458 608 116 0 
459 793 43 0 
460 799 76 0 
460 553 76 0 
460 520 17 0 
460 467 22 0 
461 746 64 0 
461 727 68 0 
461 716 36 0 
461 624 56 0 
461 587 27 0 
461 576 25 0 
461 558 38 0 
461 537 94 0 
462 698 32 0 
462 583 20 0 
464 684 11 0 
464 652 34 0 
464 548 69 0 
465 497 81 0 
466 729 47 0 
466 593 78 0 
466 592 33 0 
467 761 37 0 
467 497 28 0 
468 768 50 0 
468 766 18 0 
468 732 72 0 
468 555 33 0 
469 682 36 0 
469 653 88 0 
469 570 55 0 
470 739 26 0 
470 594 33 0 
470 591 52 0 
471 778 38 0 
471 773 85 0 
471 698 90 0 
471 473 40 0 
472 664 68 0 
472 609 10 0 
472 601 42 0 
472 578 51 0 
472 503 53 0 
473 607 20 0 
474 760 6 0 
474 692 32 0 
475 760 60 0 
475 588 95 0 
475 498 113 0 
476 727 48 0 
477 758 61 0 
479 787 62 0 
479 726 50 0 
480 784 19 0 
481 765 85 0 
482 782 58 0 
483 695 73 0 
483 660 44 0 
483 629 34 0 
484 712 66 0 
484 674 93 0 
485 773 110 0 
486 785 22 0 
486 644 29 0 
488 741 31 0 
489 669 20 0 
489 592 83 0 
489 553 47 0 
490 713 16 0 
491 719 37 0 
491 711 38 0 
491 534 57 0 
492 672 31 0 
492 641 35 0 
493 708 52 0 
493 670 74 0 
493 646 50 0 
493 591 36 0 
495 717 23 0 
495 537 64 0 
496 736 60 0 
496 708 15 0 
496 571 42 0 
497 507 35 0 
498 764 24 0 
498 521 28 0 
499 645 79 0 
500 537 17 0 
501 711 43 0 
501 638 47 0 
503 700 66 0 
504 657 38 0 
505 768 43 0 
505 745 92 0 
505 683 52 0 
505 515 18 0 
507 779 33 0 
507 738 89 0 
507 611 39 0 
507 584 65 0 
508 739 24 0 
508 537 22 0 
509 658 41 0 
509 625 24 0 
509 583 21 0 
509 518 58 0 
510 591 49 0 
511 645 29 0 
511 620 65 0 
511 615 62 0 
512 707 48 0 
513 696 4 0 
513 629 17 0 
513 626 31 0 
514 790 43 0 
515 713 35 0 
516 765 56 0 
516 572 25 0 
517 606 79 0 
517 519 19 0 
518 529 25 0 
519 717 53 0 
519 535 93 0 
520 721 38 0 
520 539 79 0 
520 536 5 0 
520 529 64 0 
521 646 32 0 
521 627 19 0 
521 578 5 0 
521 545 14 0 
522 716 40 0 
523 756 5 0 
523 726 60 0 
523 685 66 0 
523 535 43 0 
524 590 78 0 
525 788 2 0 
525 629 18 0 
525 595 44 0 
527 619 52 0 
527 599 78 0 
528 653 100 0 
528 603 65 0 
528 543 73 0 
529 768 29 0 
529 577 85 0 
530 627 20 0 
531 748 23 0 
532 794 9 0 
532 731 19 0 
533 757 46 0 
533 705 56 0 
533 651 75 0 
534 720 79 0 
534 714 62 0 
534 652 75 0 
534 571 50 0 
535 754 64 0 
537 752 98 0 
538 730 20 0 
538 724 74 0 
539 668 54 0 
539 641 66 0 
540 763 43 0 
540 690 97 0 
541 658 74 0 
541 607 86 0 
543 670 20 0 
543 551 59 0 
544 653 61 0 
545 789 46 0 
545 747 36 0 
548 691 76 0 
548 674 94 0 
548 627 40 0 
549 695 23 0 
549 646 55 0 
550 776 43 0 
550 634 41 0 
552 795 30 0 
552 692 112 0 
553 706 24 0 
553 585 86 0 
553 571 35 0 
554 717 64 0 
555 776 76 0 
555 769 28 0 
555 757 75 0 
556 741 51 0 
557 580 64 0 
559 788 62 0 
560 619 40 0 
564 638 68 0 
566 584 91 0 
567 763 23 0 
567 718 70 0 
567 620 59 0 
567 590 72 0 
567 572 6 0 
568 774 51 0 
568 614 70 0 
572 681 93 0 
573 797 46 0 
573 701 43 0 
573 691 37 0 
574 599 88 0 
575 738 97 0 
577 707 33 0 
577 647 65 0 
577 603 57 0 
578 796 27 0 
578 705 52 0 
578 687 39 0 
579 754 29 0 
579 589 71 0 
580 778 50 0 
580 761 2 0 
580 635 105 0 
581 745 60 0 
581 728 49 0 
581 721 14 0 
582 706 85 0 
582 640 47 0 
583 617 65 0 
583 588 29 0 
584 765 65 0 
584 751 79 0 
586 668 71 0 
586 632 32 0 
588 658 88 0 
589 766 51 0 
589 688 56 0 
590 745 94 0 
591 781 51 0 
592 708 82 0 
594 797 50 0 
594 723 85 0 
594 666 52 0 
595 743 64 0 
596 776 54 0 
596 604 55 0 
597 638 88 0 
598 753 70 0 
600 649 68 0 
601 677 61 0 
601 661 26 0 
601 643 66 0 
602 652 47 0 
602 649 77 0 
602 604 83 0 
603 737 48 0 
603 686 39 0 
604 776 78 0 
606 693 31 0 
606 658 31 0 
606 618 50 0 
608 783 46 0 
608 609 79 0 
611 758 35 0 
618 796 36 0 
618 738 79 0 
618 694 58 0 
619 646 39 0 
622 712 61 0 
622 685 58 0 
623 645 99 0 
625 777 52 0 
625 653 31 0 
630 760 62 0 
630 679 74 0 
631 637 72 0 
632 762 25 0 
632 716 58 0 
632 662 22 0 
633 786 60 0 
634 721 59 0 
635 722 93 0 
635 696 64 0 
638 703 58 0 
640 799 93 0 
640 665 85 0 
641 782 53 0 
642 763 40 0 
642 760 44 0 
642 719 95 0 
643 679 62 0 
644 664 24 0 
646 717 74 0 
649 786 53 0 
650 662 57 0 
653 657 117 0 
658 774 59 0 
660 733 31 0 
660 671 37 0 
662 785 31 0 
663 707 26 0 
663 689 40 0 
664 799 23 0 
664 734 13 0 
665 790 80 0 
665 758 59 0 
665 755 63 0 
666 751 22 0 
667 773 67 0 
669 786 53 0 
670 684 79 0 
675 734 70 0 
675 729 48 0 
678 729 28 0 
680 701 103 0 
683 769 1 0 
689 712 66 0 
693 724 44 0 
693 698 44 0 
694 788 78 0 
695 784 45 0 
696 772 34 0 
697 713 7 0 
700 784 57 0 
701 750 83 0 
705 770 56 0 
705 732 20 0 
707 782 40 0 
708 788 67 0 
709 712 40 0 
711 793 66 0 
711 756 84 0 
713 783 67 0 
718 788 67 0 
720 756 59 0 
722 731 79 0 
723 789 61 0 
723 755 76 0 
724 750 79 0 
730 748 5 0 
733 797 67 0 
735 795 71 0 
736 797 90 0 
740 746 62 0 
744 791 38 0 
744 788 54 0 
746 798 28 0 
751 792 42 0 
755 772 43 0 
759 788 24 0 
761 784 45 0 
764 768 30 0 
776 779 56 0 
