#GRAPH (#nodes #edges id uu vv ww xx yy zz):
#800 3918 geo(0,{800,100,3,0.006,0.000,0.000}) 100 
#
VERTICES (index name u v w x y z):
0 0 70 16 
1 1 82 79 
2 2 45 0 
3 3 4 89 
4 4 32 77 
5 5 78 80 
6 6 94 59 
7 7 88 16 
8 8 16 29 
9 9 11 9 
10 10 1 54 
11 11 94 27 
12 12 88 94 
13 13 57 12 
14 14 30 24 
15 15 49 42 
16 16 0 83 
17 17 90 95 
18 18 71 22 
19 19 94 25 
20 20 63 5 
21 21 68 39 
22 22 3 11 
23 23 15 54 
24 24 48 21 
25 25 44 33 
26 26 5 66 
27 27 77 35 
28 28 91 46 
29 29 89 86 
30 30 30 28 
31 31 17 48 
32 32 24 19 
33 33 47 93 
34 34 57 25 
35 35 39 77 
36 36 53 96 
37 37 25 89 
38 38 18 88 
39 39 44 83 
40 40 25 36 
41 41 38 7 
42 42 18 76 
43 43 20 32 
44 44 1 59 
45 45 59 93 
46 46 41 10 
47 47 18 94 
48 48 56 16 
49 49 17 68 
50 50 80 53 
51 51 40 0 
52 52 93 58 
53 53 99 46 
54 54 45 35 
55 55 48 87 
56 56 54 84 
57 57 84 26 
58 58 29 32 
59 59 7 69 
60 60 49 0 
61 61 70 35 
62 62 79 62 
63 63 62 48 
64 64 28 86 
65 65 34 7 
66 66 21 90 
67 67 35 52 
68 68 40 5 
69 69 2 52 
70 70 47 85 
71 71 41 55 
72 72 18 27 
73 73 22 24 
74 74 63 13 
75 75 26 41 
76 76 23 88 
77 77 26 11 
78 78 9 72 
79 79 8 81 
80 80 89 33 
81 81 19 77 
82 82 37 13 
83 83 80 72 
84 84 30 80 
85 85 19 17 
86 86 47 5 
87 87 68 15 
88 88 41 77 
89 89 42 17 
90 90 44 68 
91 91 40 12 
92 92 17 14 
93 93 27 16 
94 94 98 35 
95 95 7 30 
96 96 54 4 
97 97 7 60 
98 98 85 2 
99 99 49 34 
100 100 32 81 
101 101 30 88 
102 102 78 35 
103 103 78 61 
104 104 33 56 
105 105 57 78 
106 106 30 9 
107 107 44 12 
108 108 45 55 
109 109 70 11 
110 110 38 2 
111 111 31 9 
112 112 95 41 
113 113 42 75 
114 114 83 91 
115 115 11 62 
116 116 55 18 
117 117 54 31 
118 118 90 99 
119 119 37 77 
120 120 88 64 
121 121 7 74 
122 122 75 26 
123 123 41 69 
124 124 33 78 
125 125 23 20 
126 126 22 77 
127 127 52 15 
128 128 48 48 
129 129 43 63 
130 130 38 62 
131 131 79 59 
132 132 68 91 
133 133 25 75 
134 134 40 16 
135 135 68 13 
136 136 96 89 
137 137 67 24 
138 138 20 2 
139 139 33 17 
140 140 81 30 
141 141 93 15 
142 142 45 16 
143 143 30 22 
144 144 88 14 
145 145 1 55 
146 146 69 76 
147 147 92 80 
148 148 7 29 
149 149 44 14 
150 150 82 29 
151 151 24 78 
152 152 8 12 
153 153 30 68 
154 154 94 43 
155 155 80 34 
156 156 11 56 
157 157 44 85 
158 158 4 64 
159 159 85 80 
160 160 20 87 
161 161 58 33 
162 162 71 35 
163 163 1 80 
164 164 37 98 
165 165 50 6 
166 166 41 70 
167 167 83 62 
168 168 85 87 
169 169 67 53 
170 170 6 15 
171 171 74 88 
172 172 19 86 
173 173 65 55 
174 174 45 81 
175 175 12 64 
176 176 52 69 
177 177 22 14 
178 178 9 11 
179 179 82 67 
180 180 45 6 
181 181 96 92 
182 182 10 95 
183 183 2 21 
184 184 73 15 
185 185 31 38 
186 186 29 97 
187 187 3 57 
188 188 45 26 
189 189 82 90 
190 190 39 69 
191 191 88 72 
192 192 87 61 
193 193 63 67 
194 194 60 33 
195 195 32 38 
196 196 83 77 
197 197 2 66 
198 198 35 88 
199 199 25 63 
200 200 42 80 
201 201 51 81 
202 202 96 32 
203 203 92 13 
204 204 59 89 
205 205 91 74 
206 206 10 50 
207 207 30 95 
208 208 4 38 
209 209 99 88 
210 210 72 76 
211 211 91 81 
212 212 13 61 
213 213 0 37 
214 214 11 99 
215 215 67 18 
216 216 29 69 
217 217 38 40 
218 218 40 1 
219 219 4 54 
220 220 6 62 
221 221 32 67 
222 222 71 74 
223 223 30 40 
224 224 2 70 
225 225 86 52 
226 226 90 75 
227 227 97 61 
228 228 0 47 
229 229 68 33 
230 230 55 1 
231 231 35 41 
232 232 62 6 
233 233 8 91 
234 234 75 32 
235 235 28 10 
236 236 4 63 
237 237 26 72 
238 238 91 71 
239 239 21 1 
240 240 86 10 
241 241 56 93 
242 242 56 75 
243 243 52 10 
244 244 33 6 
245 245 50 20 
246 246 99 37 
247 247 66 62 
248 248 3 89 
249 249 70 77 
250 250 16 58 
251 251 61 57 
252 252 62 84 
253 253 61 11 
254 254 36 78 
255 255 68 98 
256 256 52 86 
257 257 11 43 
258 258 1 9 
259 259 2 2 
260 260 85 61 
261 261 0 9 
262 262 24 28 
263 263 39 88 
264 264 45 84 
265 265 37 63 
266 266 99 40 
267 267 79 14 
268 268 0 66 
269 269 33 69 
270 270 70 23 
271 271 12 43 
272 272 90 63 
273 273 46 27 
274 274 34 24 
275 275 24 38 
276 276 27 7 
277 277 34 6 
278 278 2 46 
279 279 79 90 
280 280 93 90 
281 281 90 83 
282 282 40 58 
283 283 42 7 
284 284 78 36 
285 285 39 39 
286 286 76 96 
287 287 52 65 
288 288 62 11 
289 289 43 91 
290 290 36 72 
291 291 73 65 
292 292 90 67 
293 293 81 25 
294 294 81 88 
295 295 69 91 
296 296 13 6 
297 297 33 18 
298 298 96 36 
299 299 12 24 
300 300 58 81 
301 301 92 15 
302 302 15 28 
303 303 42 18 
304 304 7 91 
305 305 45 57 
306 306 53 27 
307 307 84 0 
308 308 27 76 
309 309 55 12 
310 310 51 70 
311 311 69 1 
312 312 32 57 
313 313 23 47 
314 314 65 64 
315 315 15 40 
316 316 26 51 
317 317 20 37 
318 318 3 42 
319 319 91 98 
320 320 70 89 
321 321 24 27 
322 322 12 26 
323 323 51 57 
324 324 29 24 
325 325 79 19 
326 326 39 59 
327 327 94 70 
328 328 93 53 
329 329 12 87 
330 330 34 83 
331 331 18 28 
332 332 67 34 
333 333 94 7 
334 334 67 87 
335 335 85 99 
336 336 5 96 
337 337 21 93 
338 338 35 89 
339 339 6 39 
340 340 11 29 
341 341 95 43 
342 342 82 38 
343 343 70 45 
344 344 81 46 
345 345 96 12 
346 346 10 82 
347 347 40 63 
348 348 36 59 
349 349 38 28 
350 350 11 76 
351 351 56 77 
352 352 3 65 
353 353 20 94 
354 354 5 15 
355 355 8 78 
356 356 79 0 
357 357 16 69 
358 358 17 66 
359 359 36 20 
360 360 29 59 
361 361 96 48 
362 362 15 97 
363 363 14 64 
364 364 98 95 
365 365 19 82 
366 366 41 94 
367 367 92 49 
368 368 57 89 
369 369 62 13 
370 370 35 68 
371 371 50 55 
372 372 82 39 
373 373 54 78 
374 374 78 94 
375 375 87 21 
376 376 79 45 
377 377 68 77 
378 378 36 1 
379 379 51 33 
380 380 81 81 
381 381 83 76 
382 382 44 41 
383 383 78 19 
384 384 76 10 
385 385 33 90 
386 386 72 17 
387 387 49 14 
388 388 56 52 
389 389 9 3 
390 390 26 70 
391 391 84 77 
392 392 27 68 
393 393 9 46 
394 394 7 63 
395 395 75 13 
396 396 95 55 
397 397 71 41 
398 398 82 91 
399 399 3 13 
400 400 54 70 
401 401 86 69 
402 402 85 90 
403 403 3 21 
404 404 33 46 
405 405 42 42 
406 406 62 49 
407 407 35 74 
408 408 21 43 
409 409 84 89 
410 410 57 11 
411 411 75 65 
412 412 40 65 
413 413 83 58 
414 414 60 78 
415 415 22 15 
416 416 16 5 
417 417 39 87 
418 418 62 33 
419 419 8 22 
420 420 19 35 
421 421 75 42 
422 422 91 63 
423 423 96 20 
424 424 19 2 
425 425 27 38 
426 426 58 89 
427 427 43 69 
428 428 76 44 
429 429 93 16 
430 430 15 94 
431 431 60 87 
432 432 27 72 
433 433 88 33 
434 434 70 15 
435 435 13 23 
436 436 36 69 
437 437 62 92 
438 438 81 62 
439 439 18 33 
440 440 24 17 
441 441 23 9 
442 442 67 70 
443 443 2 81 
444 444 1 36 
445 445 53 15 
446 446 88 21 
447 447 71 54 
448 448 56 53 
449 449 64 18 
450 450 8 7 
451 451 37 40 
452 452 23 45 
453 453 55 36 
454 454 29 7 
455 455 57 81 
456 456 80 20 
457 457 17 52 
458 458 47 54 
459 459 71 37 
460 460 4 49 
461 461 42 20 
462 462 1 18 
463 463 66 46 
464 464 14 40 
465 465 63 86 
466 466 7 34 
467 467 18 23 
468 468 25 34 
469 469 59 90 
470 470 49 18 
471 471 5 7 
472 472 92 29 
473 473 18 85 
474 474 15 75 
475 475 5 35 
476 476 6 38 
477 477 78 10 
478 478 15 59 
479 479 4 73 
480 480 58 90 
481 481 35 35 
482 482 58 29 
483 483 77 90 
484 484 84 19 
485 485 38 89 
486 486 61 21 
487 487 49 47 
488 488 10 61 
489 489 30 96 
490 490 80 4 
491 491 49 67 
492 492 11 17 
493 493 33 82 
494 494 42 66 
495 495 25 90 
496 496 61 16 
497 497 34 50 
498 498 50 76 
499 499 67 43 
500 500 43 99 
501 501 6 86 
502 502 61 53 
503 503 12 60 
504 504 68 59 
505 505 75 99 
506 506 53 69 
507 507 9 61 
508 508 5 89 
509 509 73 42 
510 510 79 42 
511 511 18 20 
512 512 32 54 
513 513 29 68 
514 514 77 73 
515 515 46 55 
516 516 39 93 
517 517 98 59 
518 518 37 49 
519 519 2 74 
520 520 78 17 
521 521 56 35 
522 522 58 14 
523 523 33 23 
524 524 90 61 
525 525 63 37 
526 526 36 27 
527 527 79 27 
528 528 68 60 
529 529 47 9 
530 530 48 28 
531 531 72 63 
532 532 32 15 
533 533 55 86 
534 534 47 16 
535 535 8 37 
536 536 61 78 
537 537 7 16 
538 538 20 27 
539 539 66 1 
540 540 6 3 
541 541 60 88 
542 542 87 60 
543 543 46 32 
544 544 37 42 
545 545 6 67 
546 546 42 5 
547 547 82 54 
548 548 93 4 
549 549 84 97 
550 550 54 43 
551 551 82 16 
552 552 40 52 
553 553 28 77 
554 554 22 78 
555 555 42 15 
556 556 19 12 
557 557 23 67 
558 558 84 4 
559 559 21 77 
560 560 39 20 
561 561 12 47 
562 562 79 95 
563 563 45 32 
564 564 47 2 
565 565 37 5 
566 566 15 33 
567 567 9 8 
568 568 40 34 
569 569 85 28 
570 570 94 26 
571 571 95 27 
572 572 52 61 
573 573 84 99 
574 574 82 76 
575 575 81 75 
576 576 73 5 
577 577 14 99 
578 578 52 78 
579 579 77 48 
580 580 49 79 
581 581 62 87 
582 582 46 94 
583 583 55 77 
584 584 18 42 
585 585 22 56 
586 586 64 79 
587 587 18 25 
588 588 2 89 
589 589 48 50 
590 590 48 42 
591 591 71 70 
592 592 77 63 
593 593 53 32 
594 594 66 77 
595 595 60 55 
596 596 34 27 
597 597 55 31 
598 598 4 33 
599 599 77 21 
600 600 70 76 
601 601 53 75 
602 602 22 3 
603 603 16 11 
604 604 40 80 
605 605 9 4 
606 606 27 74 
607 607 96 23 
608 608 68 87 
609 609 84 28 
610 610 9 47 
611 611 71 63 
612 612 77 54 
613 613 71 6 
614 614 89 3 
615 615 7 72 
616 616 17 73 
617 617 69 14 
618 618 4 26 
619 619 59 75 
620 620 3 18 
621 621 85 8 
622 622 6 55 
623 623 65 68 
624 624 85 58 
625 625 26 48 
626 626 41 71 
627 627 66 0 
628 628 62 96 
629 629 78 9 
630 630 61 15 
631 631 53 61 
632 632 76 3 
633 633 37 89 
634 634 21 85 
635 635 37 50 
636 636 87 88 
637 637 28 99 
638 638 70 62 
639 639 57 22 
640 640 41 68 
641 641 81 31 
642 642 67 42 
643 643 99 66 
644 644 98 93 
645 645 34 79 
646 646 14 47 
647 647 60 83 
648 648 35 78 
649 649 97 27 
650 650 77 7 
651 651 77 31 
652 652 97 56 
653 653 66 10 
654 654 21 68 
655 655 84 33 
656 656 87 54 
657 657 57 74 
658 658 88 12 
659 659 23 22 
660 660 91 7 
661 661 15 30 
662 662 42 34 
663 663 42 23 
664 664 42 10 
665 665 82 0 
666 666 75 10 
667 667 25 76 
668 668 76 99 
669 669 52 50 
670 670 15 73 
671 671 66 99 
672 672 42 78 
673 673 83 57 
674 674 94 94 
675 675 5 47 
676 676 20 47 
677 677 40 89 
678 678 92 66 
679 679 12 16 
680 680 26 94 
681 681 9 1 
682 682 35 42 
683 683 2 67 
684 684 45 41 
685 685 23 90 
686 686 10 3 
687 687 86 58 
688 688 61 60 
689 689 63 59 
690 690 19 29 
691 691 78 72 
692 692 1 68 
693 693 33 42 
694 694 79 20 
695 695 81 90 
696 696 29 95 
697 697 89 81 
698 698 69 57 
699 699 69 82 
700 700 19 83 
701 701 4 61 
702 702 80 58 
703 703 47 58 
704 704 80 94 
705 705 10 70 
706 706 71 43 
707 707 77 20 
708 708 12 39 
709 709 73 86 
710 710 34 17 
711 711 81 76 
712 712 88 32 
713 713 46 33 
714 714 1 34 
715 715 86 18 
716 716 6 56 
717 717 23 14 
718 718 24 15 
719 719 78 63 
720 720 42 35 
721 721 60 95 
722 722 79 41 
723 723 15 2 
724 724 12 76 
725 725 21 49 
726 726 97 87 
727 727 42 98 
728 728 37 95 
729 729 90 12 
730 730 85 76 
731 731 86 1 
732 732 70 44 
733 733 18 41 
734 734 41 23 
735 735 49 59 
736 736 64 3 
737 737 86 70 
738 738 16 82 
739 739 57 15 
740 740 80 7 
741 741 80 66 
742 742 83 84 
743 743 1 72 
744 744 64 38 
745 745 83 88 
746 746 16 77 
747 747 68 43 
748 748 95 79 
749 749 66 4 
750 750 61 39 
751 751 76 64 
752 752 34 69 
753 753 19 30 
754 754 55 83 
755 755 31 95 
756 756 35 0 
757 757 29 80 
758 758 69 78 
759 759 38 86 
760 760 21 34 
761 761 52 40 
762 762 26 32 
763 763 32 21 
764 764 79 55 
765 765 88 7 
766 766 81 16 
767 767 24 85 
768 768 47 6 
769 769 30 0 
770 770 75 88 
771 771 3 55 
772 772 50 15 
773 773 55 24 
774 774 25 54 
775 775 86 43 
776 776 3 50 
777 777 75 73 
778 778 26 12 
779 779 18 5 
780 780 21 54 
781 781 71 44 
782 782 59 80 
783 783 34 64 
784 784 49 41 
785 785 25 87 
786 786 8 99 
787 787 42 67 
788 788 85 31 
789 789 68 80 
790 790 99 62 
791 791 36 3 
792 792 14 65 
793 793 99 47 
794 794 69 28 
795 795 1 51 
796 796 92 85 
797 797 3 95 
798 798 64 0 
799 799 22 17 
#
EDGES (from-node to-node length a b):
0 768 25 0 
0 696 89 0 
0 673 43 0 
0 493 76 0 
0 449 6 0 
0 371 44 0 
0 283 29 0 
0 235 42 0 
0 208 70 0 
0 69 77 0 
1 208 88 0 
1 169 30 0 
2 423 55 0 
2 420 44 0 
2 246 65 0 
3 695 77 0 
3 671 63 0 
3 223 55 0 
3 182 8 0 
3 99 71 0 
4 597 51 0 
4 531 42 0 
4 433 71 0 
4 266 77 0 
4 264 15 0 
4 182 28 0 
4 164 22 0 
4 88 9 0 
4 52 64 0 
5 582 35 0 
5 382 52 0 
6 785 74 0 
6 464 82 0 
6 457 77 0 
6 367 10 0 
6 96 68 0 
7 795 94 0 
7 784 46 0 
7 298 22 0 
8 613 60 0 
8 566 4 0 
8 536 67 0 
8 504 60 0 
8 353 65 0 
8 351 62 0 
8 264 62 0 
9 517 100 0 
9 199 56 0 
9 21 64 0 
10 452 24 0 
10 159 88 0 
10 74 74 0 
11 713 48 0 
11 594 57 0 
11 532 63 0 
12 614 91 0 
12 377 26 0 
12 193 37 0 
12 121 83 0 
13 535 55 0 
13 315 50 0 
14 713 18 0 
14 412 42 0 
14 307 59 0 
14 59 51 0 
15 769 46 0 
15 618 48 0 
15 538 33 0 
15 530 14 0 
15 206 40 0 
15 80 41 0 
16 756 90 0 
17 380 17 0 
17 364 8 0 
17 93 101 0 
18 770 66 0 
18 178 63 0 
19 649 4 0 
19 590 49 0 
19 455 67 0 
19 300 67 0 
19 47 103 0 
19 39 77 0 
20 539 5 0 
20 456 23 0 
20 308 80 0 
21 728 64 0 
21 667 57 0 
21 607 32 0 
21 408 47 0 
21 227 36 0 
21 64 62 0 
21 42 62 0 
22 566 25 0 
22 343 75 0 
22 212 51 0 
23 253 63 0 
23 138 52 0 
24 684 20 0 
24 301 44 0 
24 231 24 0 
24 74 17 0 
25 377 50 0 
25 189 69 0 
25 160 59 0 
25 154 51 0 
26 798 89 0 
26 741 75 0 
26 653 83 0 
26 41 68 0 
27 731 35 0 
27 435 65 0 
27 386 19 0 
27 274 44 0 
27 207 76 0 
27 175 71 0 
27 57 11 0 
28 605 92 0 
28 521 37 0 
28 324 66 0 
28 118 53 0 
29 726 8 0 
29 414 30 0 
29 369 78 0 
29 310 41 0 
29 178 110 0 
29 69 93 0 
30 752 41 0 
30 477 51 0 
30 393 28 0 
30 164 70 0 
30 107 21 0 
31 730 74 0 
31 649 83 0 
31 481 22 0 
31 439 15 0 
31 338 45 0 
31 92 34 0 
32 678 83 0 
32 504 59 0 
32 479 58 0 
33 760 64 0 
33 432 29 0 
34 743 73 0 
34 691 51 0 
34 596 23 0 
34 495 72 0 
34 286 73 0 
34 252 59 0 
35 351 17 0 
36 787 31 0 
36 714 81 0 
36 489 23 0 
36 449 79 0 
36 411 38 0 
36 163 54 0 
36 151 34 0 
37 603 79 0 
37 535 55 0 
37 407 18 0 
38 559 11 0 
38 533 37 0 
38 64 10 0 
38 61 74 0 
38 54 59 0 
39 733 49 0 
39 421 51 0 
39 291 34 0 
39 169 38 0 
39 72 62 0 
40 494 34 0 
40 351 51 0 
41 368 84 0 
41 233 89 0 
42 734 58 0 
42 432 10 0 
42 318 37 0 
42 291 56 0 
43 546 35 0 
43 231 17 0 
43 122 55 0 
43 88 50 0 
43 66 58 0 
44 734 54 0 
44 318 17 0 
44 100 38 0 
44 99 54 0 
45 765 91 0 
45 456 76 0 
45 438 38 0 
45 329 47 0 
45 154 61 0 
46 311 29 0 
46 216 60 0 
47 689 57 0 
47 545 30 0 
47 472 98 0 
47 441 85 0 
47 272 78 0 
47 253 93 0 
48 729 34 0 
48 606 65 0 
48 200 66 0 
49 626 24 0 
49 568 41 0 
49 377 52 0 
49 348 21 0 
49 321 42 0 
49 214 32 0 
49 71 27 0 
50 532 61 0 
50 531 13 0 
50 416 80 0 
50 347 41 0 
50 178 82 0 
51 748 96 0 
51 578 79 0 
51 456 45 0 
51 259 38 0 
51 229 43 0 
52 683 91 0 
52 641 30 0 
52 356 60 0 
53 358 84 0 
53 176 52 0 
53 103 26 0 
54 470 17 0 
54 431 54 0 
54 337 63 0 
54 94 53 0 
55 379 54 0 
55 297 71 0 
56 664 75 0 
57 748 54 0 
57 711 50 0 
57 462 83 0 
58 667 44 0 
58 581 64 0 
58 504 47 0 
58 409 79 0 
58 252 62 0 
58 135 43 0 
59 666 90 0 
59 621 99 0 
59 303 62 0 
59 277 69 0 
60 776 68 0 
60 686 39 0 
60 272 75 0 
61 640 44 0 
61 594 42 0 
61 530 23 0 
61 506 38 0 
61 459 2 0 
61 250 59 0 
62 684 40 0 
62 658 51 0 
62 593 40 0 
63 661 50 0 
63 446 37 0 
63 416 63 0 
63 393 53 0 
63 158 60 0 
64 692 32 0 
64 691 52 0 
64 528 48 0 
64 449 77 0 
64 445 75 0 
64 227 73 0 
64 191 62 0 
64 67 35 0 
65 726 102 0 
65 686 24 0 
65 397 50 0 
65 365 76 0 
65 244 1 0 
65 84 73 0 
66 644 77 0 
66 437 41 0 
66 223 51 0 
66 158 31 0 
67 773 34 0 
68 469 87 0 
68 442 70 0 
69 738 33 0 
69 546 62 0 
69 395 83 0 
69 264 54 0 
70 737 42 0 
70 677 8 0 
70 395 77 0 
70 322 69 0 
71 711 45 0 
71 669 12 0 
71 622 35 0 
71 584 26 0 
71 509 35 0 
71 418 30 0 
71 406 22 0 
71 74 47 0 
72 735 45 0 
72 734 23 0 
72 462 19 0 
73 498 59 0 
73 427 50 0 
73 391 82 0 
73 141 72 0 
74 760 47 0 
74 564 19 0 
74 392 66 0 
74 386 10 0 
74 269 64 0 
74 108 46 0 
74 105 65 0 
75 637 58 0 
75 614 74 0 
75 363 26 0 
75 353 53 0 
75 331 15 0 
76 748 73 0 
76 534 76 0 
76 395 91 0 
76 388 49 0 
76 273 65 0 
76 176 35 0 
76 129 32 0 
76 93 72 0 
77 663 20 0 
77 464 31 0 
77 307 59 0 
78 586 55 0 
78 417 34 0 
78 416 67 0 
78 317 37 0 
79 495 19 0 
79 466 47 0 
79 126 15 0 
80 767 83 0 
80 704 62 0 
80 612 24 0 
80 592 32 0 
81 734 58 0 
81 664 71 0 
81 475 44 0 
81 391 65 0 
81 373 35 0 
81 139 62 0 
81 132 51 0 
81 86 77 0 
82 763 9 0 
82 650 40 0 
82 631 51 0 
82 493 69 0 
82 464 35 0 
82 315 35 0 
83 471 99 0 
83 422 14 0 
83 280 22 0 
83 272 13 0 
83 221 48 0 
83 139 72 0 
84 226 60 0 
84 153 12 0 
85 740 62 0 
85 667 59 0 
85 397 57 0 
85 375 68 0 
85 169 60 0 
85 88 64 0 
86 677 84 0 
86 589 45 0 
86 576 26 0 
86 247 60 0 
86 236 72 0 
86 104 53 0 
87 386 4 0 
87 291 50 0 
87 145 78 0 
88 644 59 0 
89 691 66 0 
89 684 24 0 
89 570 53 0 
89 466 39 0 
89 425 26 0 
89 314 52 0 
89 193 54 0 
89 177 20 0 
90 503 33 0 
90 237 18 0 
90 132 33 0 
91 748 87 0 
91 499 41 0 
91 286 91 0 
91 155 46 0 
91 154 62 0 
92 499 58 0 
92 391 92 0 
92 354 12 0 
92 268 55 0 
92 236 51 0 
92 227 93 0 
93 763 7 0 
93 760 19 0 
93 681 23 0 
93 537 20 0 
93 294 90 0 
94 379 47 0 
94 351 59 0 
94 310 59 0 
94 124 78 0 
95 664 40 0 
95 432 47 0 
95 391 90 0 
96 728 93 0 
96 713 30 0 
96 314 61 0 
96 113 72 0 
97 357 13 0 
97 347 33 0 
97 232 77 0 
98 112 40 0 
99 781 24 0 
99 738 58 0 
99 737 52 0 
99 629 38 0 
99 455 48 0 
99 417 54 0 
99 345 52 0 
99 263 55 0 
99 163 66 0 
100 298 78 0 
101 730 56 0 
101 688 42 0 
101 170 77 0 
102 542 27 0 
102 409 54 0 
102 398 56 0 
102 349 41 0 
102 228 79 0 
102 189 55 0 
103 680 62 0 
103 563 44 0 
103 538 67 0 
103 528 10 0 
103 492 80 0 
103 436 43 0 
103 220 72 0 
104 629 65 0 
104 394 27 0 
104 327 63 0 
104 205 61 0 
104 200 26 0 
105 702 30 0 
105 615 50 0 
105 250 46 0 
105 211 34 0 
106 630 32 0 
106 577 91 0 
106 455 77 0 
107 772 7 0 
107 611 58 0 
107 585 49 0 
107 555 4 0 
107 456 37 0 
107 382 29 0 
107 344 50 0 
108 422 47 0 
108 351 25 0 
108 314 22 0 
108 137 38 0 
109 794 17 0 
109 784 37 0 
109 705 84 0 
109 405 42 0 
109 267 9 0 
109 232 9 0 
109 148 66 0 
110 637 98 0 
110 508 93 0 
110 303 16 0 
110 282 56 0 
111 239 13 0 
111 113 67 0 
112 662 53 0 
112 291 33 0 
112 262 72 0 
113 691 36 0 
113 337 28 0 
113 325 67 0 
114 585 70 0 
114 573 8 0 
114 472 63 0 
114 412 50 0 
114 354 109 0 
114 336 78 0 
114 311 91 0 
114 287 40 0 
114 232 88 0 
115 799 46 0 
115 537 46 0 
115 422 80 0 
115 403 42 0 
115 395 81 0 
116 662 21 0 
116 453 18 0 
116 423 41 0 
116 417 71 0 
116 399 52 0 
116 244 25 0 
117 756 36 0 
117 727 68 0 
117 702 37 0 
117 571 41 0 
117 495 66 0 
117 441 38 0 
117 197 63 0 
118 678 33 0 
118 581 30 0 
118 243 97 0 
119 465 28 0 
119 254 1 0 
120 351 35 0 
120 199 63 0 
121 504 63 0 
121 436 29 0 
122 507 75 0 
122 473 82 0 
122 189 64 0 
123 469 28 0 
123 437 31 0 
123 421 43 0 
123 373 16 0 
123 334 32 0 
124 753 50 0 
124 726 65 0 
124 354 69 0 
125 693 24 0 
125 550 39 0 
125 527 56 0 
125 260 74 0 
125 176 57 0 
126 455 35 0 
126 320 49 0 
126 143 56 0 
127 398 82 0 
127 164 84 0 
127 151 69 0 
128 667 36 0 
128 658 54 0 
128 633 42 0 
128 279 52 0 
128 211 54 0 
128 164 51 0 
129 786 50 0 
129 771 41 0 
129 673 40 0 
129 598 49 0 
129 355 38 0 
129 200 17 0 
130 704 53 0 
130 585 17 0 
130 463 32 0 
130 260 47 0 
130 179 44 0 
131 672 42 0 
131 293 34 0 
131 133 56 0 
132 665 92 0 
132 252 9 0 
133 533 32 0 
133 374 56 0 
134 784 27 0 
134 646 40 0 
134 466 38 0 
134 160 74 0 
135 694 13 0 
135 665 19 0 
135 580 69 0 
135 403 65 0 
135 155 24 0 
136 589 62 0 
136 439 96 0 
136 434 78 0 
136 376 47 0 
136 352 96 0 
137 718 44 0 
137 608 63 0 
137 305 40 0 
137 271 58 0 
137 241 70 0 
138 757 79 0 
138 658 69 0 
138 579 73 0 
138 161 49 0 
139 595 47 0 
139 304 78 0 
139 174 65 0 
140 672 62 0 
140 526 45 0 
140 465 59 0 
140 406 27 0 
141 197 104 0 
142 665 40 0 
142 578 62 0 
142 568 19 0 
142 499 35 0 
142 288 18 0 
143 673 64 0 
143 663 12 0 
143 660 63 0 
143 483 83 0 
144 759 88 0 
144 707 13 0 
144 647 74 0 
144 486 28 0 
144 480 82 0 
144 369 26 0 
145 649 100 0 
145 584 21 0 
145 542 86 0 
145 533 62 0 
145 513 31 0 
145 360 28 0 
145 323 50 0 
145 163 25 0 
146 483 16 0 
146 411 13 0 
147 713 66 0 
147 362 79 0 
147 286 23 0 
148 780 29 0 
148 712 81 0 
148 680 68 0 
148 461 36 0 
148 447 69 0 
148 265 45 0 
148 263 67 0 
149 677 75 0 
149 581 75 0 
149 391 75 0 
149 365 72 0 
149 237 61 0 
149 171 80 0 
150 721 70 0 
150 265 56 0 
150 175 78 0 
151 785 9 0 
151 505 55 0 
151 479 21 0 
151 420 43 0 
151 260 63 0 
152 543 43 0 
152 270 63 0 
152 156 44 0 
153 733 30 0 
153 390 4 0 
153 322 46 0 
153 277 62 0 
153 184 68 0 
154 689 35 0 
154 682 59 0 
154 572 46 0 
154 524 18 0 
154 465 53 0 
154 354 93 0 
154 244 71 0 
154 159 38 0 
155 743 88 0 
155 294 54 0 
155 232 33 0 
156 474 19 0 
156 422 80 0 
156 394 8 0 
157 437 19 0 
157 414 17 0 
157 340 65 0 
157 248 41 0 
157 197 46 0 
158 442 63 0 
158 412 36 0 
158 334 67 0 
158 229 71 0 
159 788 49 0 
159 747 41 0 
159 592 19 0 
159 415 91 0 
160 786 17 0 
160 766 94 0 
160 433 87 0 
161 372 25 0 
161 230 32 0 
162 697 49 0 
162 683 76 0 
162 428 10 0 
162 214 88 0 
163 535 44 0 
163 377 67 0 
163 289 43 0 
164 719 54 0 
164 485 9 0 
164 459 70 0 
164 395 93 0 
164 357 36 0 
164 218 97 0 
165 795 67 0 
165 670 76 0 
165 612 55 0 
165 425 39 0 
165 307 35 0 
165 295 87 0 
166 668 45 0 
167 583 32 0 
168 468 80 0 
168 314 30 0 
168 270 66 0 
169 759 44 0 
169 732 9 0 
169 645 42 0 
169 604 38 0 
169 546 54 0 
169 417 44 0 
169 388 11 0 
169 239 69 0 
169 214 72 0 
170 695 106 0 
170 611 81 0 
170 573 115 0 
170 397 70 0 
170 285 41 0 
170 219 39 0 
171 687 32 0 
171 463 43 0 
171 296 102 0 
171 271 77 0 
172 718 71 0 
172 468 52 0 
172 229 72 0 
173 595 5 0 
173 383 38 0 
173 339 61 0 
174 644 54 0 
174 519 44 0 
174 262 57 0 
174 203 83 0 
175 272 78 0 
175 271 21 0 
176 332 38 0 
176 228 56 0 
176 179 30 0 
177 634 71 0 
177 353 80 0 
177 344 67 0 
178 439 24 0 
178 417 82 0 
178 259 11 0 
179 786 81 0 
179 778 78 0 
179 719 6 0 
179 649 43 0 
179 571 42 0 
179 549 30 0 
180 531 63 0 
180 505 98 0 
180 453 32 0 
180 345 51 0 
181 704 16 0 
181 626 59 0 
181 621 85 0 
181 421 54 0 
181 234 64 0 
182 790 95 0 
182 495 16 0 
182 466 61 0 
183 783 54 0 
183 596 33 0 
183 548 93 0 
185 406 33 0 
185 278 30 0 
186 731 112 0 
186 574 57 0 
186 272 70 0 
187 779 54 0 
187 736 81 0 
187 399 44 0 
187 334 71 0 
188 772 12 0 
188 511 28 0 
188 466 39 0 
188 444 45 0 
189 665 90 0 
189 648 49 0 
189 437 20 0 
189 417 43 0 
190 646 33 0 
190 643 60 0 
190 338 20 0 
190 264 16 0 
191 368 35 0 
192 499 27 0 
192 452 66 0 
192 330 57 0 
193 218 70 0 
194 566 45 0 
194 323 26 0 
194 269 45 0 
194 243 24 0 
195 796 76 0 
195 724 43 0 
195 453 23 0 
195 292 65 0 
195 229 36 0 
195 210 55 0 
196 409 12 0 
196 351 27 0 
196 226 7 0 
197 563 55 0 
197 439 37 0 
197 281 90 0 
197 244 68 0 
198 596 61 0 
198 466 61 0 
198 398 47 0 
199 562 63 0 
199 508 33 0 
199 398 64 0 
199 273 42 0 
199 268 25 0 
200 534 64 0 
200 484 74 0 
201 547 41 0 
201 492 75 0 
201 461 62 0 
201 386 67 0 
202 759 79 0 
202 703 55 0 
202 621 26 0 
203 787 74 0 
203 535 87 0 
204 500 19 0 
204 384 81 0 
205 724 79 0 
205 713 61 0 
205 683 89 0 
205 641 44 0 
205 442 24 0 
205 318 94 0 
206 754 56 0 
206 459 62 0 
206 311 77 0 
207 769 95 0 
207 706 66 0 
207 326 37 0 
208 568 36 0 
208 371 49 0 
208 368 74 0 
209 686 123 0 
209 429 72 0 
209 343 52 0 
210 616 55 0 
210 499 33 0 
210 377 4 0 
211 727 52 0 
212 683 13 0 
212 590 40 0 
212 567 53 0 
212 525 55 0 
213 728 69 0 
213 703 51 0 
213 626 53 0 
213 597 55 0 
213 347 48 0 
213 214 63 0 
214 440 83 0 
214 265 44 0 
215 791 34 0 
215 728 83 0 
215 707 10 0 
215 358 69 0 
216 578 25 0 
216 462 58 0 
216 452 25 0 
217 773 23 0 
217 754 46 0 
217 617 40 0 
217 276 35 0 
217 241 56 0 
218 768 9 0 
219 678 89 0 
219 600 70 0 
219 255 78 0 
220 497 30 0 
220 470 62 0 
220 449 73 0 
221 776 34 0 
221 385 23 0 
222 639 54 0 
222 600 2 0 
222 367 33 0 
222 308 44 0 
223 712 59 0 
223 672 40 0 
223 627 54 0 
224 772 73 0 
224 736 91 0 
224 692 2 0 
224 588 19 0 
224 317 38 0 
224 298 100 0 
224 264 45 0 
225 793 14 0 
225 245 48 0 
226 698 28 0 
226 514 13 0 
226 499 39 0 
227 718 86 0 
227 710 77 0 
227 632 62 0 
227 617 55 0 
227 510 26 0 
227 257 88 0 
228 789 76 0 
228 597 57 0 
228 445 62 0 
228 241 72 0 
229 352 72 0 
230 763 30 0 
230 681 46 0 
230 645 81 0 
230 610 65 0 
230 539 11 0 
230 359 27 0 
231 797 63 0 
231 784 14 0 
231 598 32 0 
231 562 70 0 
231 484 54 0 
231 282 18 0 
232 303 23 0 
232 302 52 0 
233 609 99 0 
233 591 66 0 
233 542 85 0 
233 517 96 0 
233 425 56 0 
234 380 49 0 
235 601 70 0 
235 593 33 0 
235 409 97 0 
235 257 37 0 
236 691 75 0 
236 656 83 0 
236 582 52 0 
236 470 64 0 
236 425 34 0 
236 357 13 0 
236 250 13 0 
237 785 15 0 
237 628 43 0 
237 274 49 0 
238 297 79 0 
239 741 88 0 
239 659 21 0 
239 476 40 0 
239 464 40 0 
239 317 36 0 
240 752 79 0 
240 619 70 0 
240 424 67 0 
240 388 52 0 
240 285 55 0 
241 324 74 0 
241 260 43 0 
242 692 55 0 
243 770 81 0 
245 741 55 0 
245 633 70 0 
246 545 98 0 
247 789 18 0 
247 766 48 0 
247 672 29 0 
247 647 22 0 
247 511 64 0 
247 338 41 0 
248 784 66 0 
248 625 47 0 
248 611 73 0 
248 590 65 0 
248 542 89 0 
248 383 103 0 
248 376 88 0 
248 305 53 0 
249 374 19 0 
249 320 12 0 
250 619 46 0 
250 580 39 0 
250 325 74 0 
250 323 35 0 
251 443 64 0 
251 382 23 0 
252 690 70 0 
252 422 36 0 
253 798 11 0 
253 432 70 0 
253 386 13 0 
254 774 26 0 
254 681 82 0 
254 489 19 0 
254 313 34 0 
255 797 65 0 
255 757 43 0 
255 750 59 0 
255 679 99 0 
255 617 84 0 
255 570 77 0 
255 514 27 0 
255 418 65 0 
256 361 58 0 
257 483 81 0 
257 445 50 0 
257 310 48 0 
258 396 105 0 
259 532 33 0 
259 515 69 0 
260 676 66 0 
261 676 43 0 
261 570 96 0 
261 292 107 0 
262 702 64 0 
262 640 43 0 
262 509 51 0 
262 401 74 0 
262 389 29 0 
262 381 76 0 
262 371 37 0 
263 711 44 0 
263 708 56 0 
263 705 34 0 
263 485 1 0 
263 307 99 0 
264 786 40 0 
264 766 77 0 
264 427 15 0 
264 397 50 0 
264 395 77 0 
265 691 42 0 
265 649 70 0 
266 696 89 0 
266 500 81 0 
266 462 100 0 
267 672 74 0 
267 607 19 0 
267 587 62 0 
267 509 29 0 
267 495 93 0 
267 470 30 0 
268 401 86 0 
269 616 16 0 
269 577 36 0 
269 426 32 0 
269 398 54 0 
269 331 44 0 
269 323 22 0 
269 303 52 0 
270 698 34 0 
270 561 63 0 
270 531 40 0 
270 475 66 0 
270 277 40 0 
271 762 18 0 
271 451 25 0 
271 381 78 0 
273 779 36 0 
273 435 33 0 
273 369 21 0 
274 629 46 0 
275 717 24 0 
276 776 49 0 
276 642 53 0 
276 608 90 0 
276 579 65 0 
276 560 18 0 
276 471 22 0 
277 737 82 0 
277 625 43 0 
277 558 50 0 
278 738 39 0 
278 681 46 0 
278 620 28 0 
278 615 26 0 
278 600 74 0 
278 580 57 0 
278 572 52 0 
278 544 35 0 
278 500 67 0 
278 368 70 0 
279 747 48 0 
279 479 77 0 
280 744 60 0 
280 410 87 0 
280 407 60 0 
281 733 83 0 
281 591 23 0 
281 293 59 0 
282 642 31 0 
282 639 40 0 
282 453 27 0 
282 404 14 0 
282 290 15 0 
283 701 66 0 
283 593 27 0 
283 305 50 0 
284 760 57 0 
284 738 77 0 
284 546 48 0 
284 490 32 0 
284 313 56 0 
285 711 56 0 
285 569 47 0 
285 487 13 0 
285 288 36 0 
286 441 102 0 
286 311 95 0 
286 288 86 0 
287 743 51 0 
287 649 59 0 
287 540 77 0 
287 531 20 0 
287 417 26 0 
288 698 47 0 
288 614 28 0 
288 549 89 0 
288 360 58 0 
288 349 29 0 
289 572 31 0 
289 507 45 0 
289 452 50 0 
289 315 58 0 
290 760 41 0 
290 602 70 0 
290 349 44 0 
291 761 33 0 
292 698 23 0 
292 473 74 0 
292 328 14 0 
293 757 76 0 
293 481 47 0 
293 399 79 0 
293 359 45 0 
294 757 53 0 
295 670 57 0 
295 629 82 0 
296 600 90 0 
296 555 30 0 
296 446 76 0 
297 552 35 0 
297 363 50 0 
299 706 62 0 
299 345 85 0 
300 673 35 0 
300 389 92 0 
301 642 37 0 
301 560 53 0 
302 690 4 0 
302 674 103 0 
302 410 45 0 
303 620 39 0 
303 564 17 0 
303 515 37 0 
303 324 14 0 
303 319 94 0 
304 652 97 0 
304 452 49 0 
304 353 13 0 
305 557 24 0 
305 418 29 0 
306 645 55 0 
306 626 46 0 
306 577 82 0 
306 565 27 0 
307 780 83 0 
307 621 8 0 
307 366 103 0 
308 692 27 0 
308 427 17 0 
308 312 20 0 
309 756 23 0 
309 655 36 0 
310 759 21 0 
310 620 71 0 
310 581 20 0 
311 565 32 0 
311 525 36 0 
312 684 21 0 
312 658 72 0 
312 587 35 0 
312 318 33 0 
313 407 30 0 
314 677 35 0 
314 629 57 0 
314 559 46 0 
314 476 64 0 
315 565 41 0 
315 325 67 0 
316 447 45 0 
317 769 38 0 
317 752 35 0 
318 660 95 0 
318 505 92 0 
319 753 99 0 
320 409 14 0 
320 394 68 0 
321 650 57 0 
321 424 25 0 
322 647 75 0 
322 428 66 0 
322 424 25 0 
322 400 61 0 
322 345 85 0 
322 344 72 0 
323 687 35 0 
323 524 39 0 
323 406 14 0 
323 392 26 0 
323 337 47 0 
324 778 12 0 
324 764 59 0 
324 696 71 0 
324 672 56 0 
324 614 64 0 
324 487 30 0 
324 353 71 0 
325 686 71 0 
325 589 44 0 
326 722 44 0 
327 720 63 0 
327 687 14 0 
327 385 64 0 
327 347 54 0 
328 788 23 0 
328 536 41 0 
328 496 49 0 
328 460 89 0 
329 557 23 0 
329 539 102 0 
329 392 24 0 
330 771 42 0 
330 585 30 0 
330 451 43 0 
330 420 50 0 
331 701 36 0 
331 637 72 0 
331 382 29 0 
332 712 21 0 
332 572 31 0 
332 447 20 0 
332 411 32 0 
333 361 41 0 
334 741 25 0 
335 766 83 0 
335 746 72 0 
335 622 90 0 
336 666 111 0 
336 648 35 0 
336 533 51 0 
336 372 96 0 
337 771 42 0 
337 654 25 0 
337 636 66 0 
337 593 69 0 
337 588 19 0 
338 777 43 0 
338 716 44 0 
338 556 79 0 
339 790 96 0 
339 787 46 0 
339 653 67 0 
339 564 55 0 
339 519 35 0 
341 785 83 0 
341 607 20 0 
341 517 16 0 
341 440 76 0 
341 364 52 0 
342 726 51 0 
342 453 27 0 
342 351 47 0 
343 718 55 0 
343 655 18 0 
343 591 25 0 
343 357 59 0 
345 671 92 0 
345 370 83 0 
346 738 6 0 
346 681 81 0 
346 621 105 0 
347 419 52 0 
348 795 36 0 
348 593 32 0 
348 440 44 0 
348 371 15 0 
349 682 14 0 
349 658 52 0 
349 603 28 0 
349 465 63 0 
349 365 57 0 
350 592 67 0 
350 543 56 0 
351 697 33 0 
351 592 25 0 
351 413 33 0 
351 378 79 0 
352 640 38 0 
352 636 87 0 
352 605 61 0 
352 482 66 0 
352 451 42 0 
353 716 40 0 
353 676 47 0 
353 618 70 0 
353 613 102 0 
353 545 30 0 
354 677 82 0 
354 412 61 0 
355 494 36 0 
355 475 43 0 
356 694 20 0 
357 625 23 0 
357 493 21 0 
359 607 60 0 
359 549 91 0 
359 439 22 0 
360 609 63 0 
360 428 49 0 
360 378 58 0 
361 681 99 0 
361 622 90 0 
361 542 15 0 
361 512 64 0 
361 485 71 0 
361 476 91 0 
361 364 47 0 
362 711 69 0 
362 688 59 0 
363 763 47 0 
363 689 49 0 
363 661 34 0 
363 630 68 0 
363 525 56 0 
363 498 38 0 
363 470 58 0 
363 439 31 0 
364 786 90 0 
364 745 17 0 
364 742 19 0 
364 677 58 0 
364 670 86 0 
364 639 84 0 
364 547 44 0 
364 542 37 0 
364 526 92 0 
364 514 30 0 
365 747 63 0 
365 667 8 0 
365 633 19 0 
366 789 30 0 
366 582 5 0 
366 554 25 0 
366 552 42 0 
367 644 44 0 
367 507 84 0 
367 499 26 0 
368 717 82 0 
368 684 49 0 
369 742 74 0 
369 596 31 0 
369 509 31 0 
370 614 85 0 
370 491 14 0 
370 380 48 0 
371 679 54 0 
371 591 26 0 
371 442 23 0 
372 630 32 0 
373 773 54 0 
373 549 36 0 
373 465 12 0 
374 720 69 0 
374 690 88 0 
374 636 11 0 
375 702 38 0 
376 765 39 0 
376 721 53 0 
376 675 74 0 
376 442 28 0 
379 795 53 0 
379 533 53 0 
379 403 49 0 
380 757 52 0 
380 731 80 0 
380 420 77 0 
381 486 59 0 
382 779 44 0 
382 766 45 0 
382 685 53 0 
382 649 55 0 
383 592 44 0 
383 472 17 0 
384 406 41 0 
385 762 58 0 
385 631 35 0 
386 760 54 0 
386 740 13 0 
386 443 95 0 
387 783 52 0 
387 392 58 0 
388 621 53 0 
388 567 64 0 
388 390 35 0 
389 789 97 0 
390 688 36 0 
391 761 49 0 
391 720 59 0 
391 596 71 0 
391 537 98 0 
391 441 91 0 
391 414 24 0 
392 774 14 0 
392 671 50 0 
392 662 37 0 
392 585 13 0 
392 566 37 0 
392 537 56 0 
393 764 71 0 
393 708 8 0 
393 588 44 0 
394 761 51 0 
394 752 28 0 
394 612 71 0 
394 541 59 0 
394 509 69 0 
395 723 61 0 
395 591 57 0 
396 746 82 0 
396 728 70 0 
396 576 55 0 
396 497 61 0 
396 472 26 0 
397 769 58 0 
398 680 56 0 
398 506 36 0 
398 475 95 0 
399 753 23 0 
399 735 65 0 
399 645 73 0 
399 589 58 0 
399 551 79 0 
400 752 20 0 
400 715 61 0 
400 659 57 0 
401 691 9 0 
401 669 39 0 
401 620 97 0 
402 459 55 0 
402 452 77 0 
403 733 25 0 
403 425 29 0 
404 573 74 0 
404 506 30 0 
404 431 49 0 
406 701 59 0 
406 468 40 0 
407 785 16 0 
407 601 18 0 
408 630 49 0 
408 450 38 0 
408 421 54 0 
409 796 9 0 
409 655 56 0 
410 489 89 0 
411 591 6 0 
411 554 55 0 
412 748 57 0 
412 677 24 0 
412 571 67 0 
413 789 27 0 
413 729 47 0 
413 491 35 0 
413 455 35 0 
414 711 21 0 
414 674 38 0 
415 537 15 0 
416 782 86 0 
416 777 90 0 
416 735 63 0 
416 426 94 0 
417 612 50 0 
418 751 34 0 
418 630 18 0 
418 530 15 0 
418 518 30 0 
419 628 92 0 
419 597 48 0 
419 592 80 0 
419 529 41 0 
419 475 13 0 
419 445 46 0 
420 578 54 0 
420 560 25 0 
420 468 6 0 
421 696 70 0 
422 793 18 0 
422 705 81 0 
424 467 21 0 
424 441 8 0 
425 775 59 0 
425 621 65 0 
425 603 29 0 
425 545 36 0 
427 607 70 0 
428 742 41 0 
429 538 74 0 
429 536 70 0 
429 523 60 0 
429 472 13 0 
429 451 61 0 
430 758 56 0 
430 746 17 0 
430 576 106 0 
430 546 93 0 
431 730 27 0 
431 542 38 0 
432 789 42 0 
432 599 71 0 
432 584 31 0 
433 593 35 0 
433 543 42 0 
434 657 60 0 
434 578 66 0 
434 528 45 0 
434 510 28 0 
435 761 43 0 
435 739 45 0 
435 594 76 0 
435 501 63 0 
435 448 52 0 
436 590 30 0 
436 446 71 0 
437 540 105 0 
438 786 82 0 
439 734 25 0 
440 696 78 0 
440 622 42 0 
440 553 60 0 
440 542 76 0 
441 796 103 0 
441 536 79 0 
441 477 55 0 
442 610 62 0 
442 550 30 0 
442 444 74 0 
443 788 97 0 
443 702 81 0 
443 698 71 0 
443 483 76 0 
444 760 20 0 
444 568 39 0 
444 551 83 0 
444 508 53 0 
446 791 55 0 
446 743 101 0 
446 623 52 0 
447 554 55 0 
447 527 28 0 
448 741 27 0 
448 558 56 0 
449 665 25 0 
449 657 56 0 
450 461 36 0 
451 703 21 0 
451 613 48 0 
451 510 42 0 
451 509 36 0 
452 629 66 0 
452 539 62 0 
454 747 53 0 
454 655 61 0 
454 576 44 0 
454 540 23 0 
454 536 78 0 
454 518 43 0 
455 489 31 0 
456 770 68 0 
457 756 55 0 
457 525 48 0 
457 513 20 0 
458 706 26 0 
459 726 56 0 
459 687 26 0 
459 565 47 0 
460 767 41 0 
460 513 31 0 
461 651 37 0 
461 519 67 0 
462 592 88 0 
462 534 46 0 
463 693 33 0 
463 584 48 0 
463 516 54 0 
464 761 38 0 
465 624 36 0 
465 589 39 0 
466 619 66 0 
466 606 45 0 
467 786 77 0 
468 748 83 0 
468 603 25 0 
468 554 44 0 
468 520 56 0 
469 744 52 0 
470 791 20 0 
470 531 51 0 
471 695 113 0 
471 484 80 0 
473 640 29 0 
474 773 65 0 
474 601 38 0 
474 568 48 0 
475 757 51 0 
475 709 85 0 
476 771 17 0 
477 729 12 0 
477 632 7 0 
477 579 38 0 
478 768 62 0 
478 515 31 0 
481 722 44 0 
481 605 40 0 
481 528 41 0 
482 672 52 0 
483 688 34 0 
484 788 12 0 
484 740 13 0 
485 653 84 0 
485 504 42 0 
486 788 26 0 
486 551 22 0 
486 544 32 0 
487 796 57 0 
487 728 49 0 
488 694 80 0 
488 691 69 0 
490 574 72 0 
491 619 13 0 
492 613 61 0 
494 768 60 0 
495 643 78 0 
496 779 44 0 
496 696 85 0 
497 778 39 0 
497 637 49 0 
497 559 30 0 
498 514 27 0 
499 522 30 0 
500 623 38 0 
500 612 56 0 
501 721 55 0 
501 644 92 0 
502 772 40 0 
502 771 58 0 
502 745 41 0 
503 742 75 0 
504 642 17 0 
505 778 100 0 
505 643 41 0 
505 607 79 0 
506 558 72 0 
506 530 41 0 
507 747 62 0 
509 530 29 0 
511 690 9 0 
511 663 24 0 
511 607 78 0 
511 530 31 0 
512 785 34 0 
512 618 40 0 
513 676 23 0 
513 547 55 0 
514 648 42 0 
514 575 4 0 
515 535 42 0 
516 757 16 0 
516 536 27 0 
517 752 65 0 
517 579 24 0 
518 699 46 0 
518 587 31 0 
519 767 25 0 
519 642 72 0 
520 526 43 0 
521 744 9 0 
523 683 54 0 
524 726 27 0 
524 687 5 0 
525 792 56 0 
525 756 46 0 
525 665 42 0 
526 789 62 0 
526 556 23 0 
527 550 30 0 
528 592 9 0 
529 741 66 0 
530 751 46 0 
531 721 34 0 
531 601 22 0 
531 572 20 0 
533 675 63 0 
535 742 89 0 
535 632 76 0 
535 590 40 0 
536 752 28 0 
536 708 63 0 
536 640 22 0 
538 770 82 0 
538 687 73 0 
538 672 56 0 
538 629 61 0 
538 540 28 0 
539 717 45 0 
540 785 86 0 
541 721 7 0 
541 657 14 0 
541 592 30 0 
542 681 98 0 
542 610 79 0 
544 778 32 0 
544 584 19 0 
545 730 80 0 
545 575 75 0 
546 770 89 0 
548 714 97 0 
548 633 102 0 
548 598 94 0 
548 559 103 0 
549 636 9 0 
549 635 66 0 
549 574 21 0 
550 758 38 0 
550 747 14 0 
550 652 45 0 
551 622 85 0 
552 680 44 0 
556 734 25 0 
556 558 65 0 
557 620 53 0 
558 714 88 0 
559 798 88 0 
559 702 62 0 
560 748 81 0 
560 561 38 0 
561 783 28 0 
561 714 17 0 
561 677 50 0 
561 599 70 0 
562 799 97 0 
562 616 66 0 
563 639 16 0 
566 680 62 0 
566 642 53 0 
567 737 99 0 
567 690 23 0 
568 795 43 0 
568 582 60 0 
568 574 59 0 
569 674 67 0 
572 784 20 0 
572 723 70 0 
573 772 91 0 
573 647 29 0 
574 736 75 0 
575 792 68 0 
575 765 68 0 
578 756 80 0 
578 700 33 0 
578 697 37 0 
578 605 86 0 
580 771 52 0 
582 656 57 0 
583 705 46 0 
583 668 30 0 
584 641 64 0 
585 768 56 0 
586 792 52 0 
586 709 11 0 
586 677 26 0 
587 718 12 0 
590 695 58 0 
591 681 93 0 
591 620 86 0 
594 774 47 0 
594 644 36 0 
596 792 43 0 
596 636 81 0 
597 764 34 0 
597 759 58 0 
597 690 36 0 
598 752 47 0 
598 617 68 0 
599 667 76 0 
600 759 34 0 
600 708 69 0 
601 756 77 0 
601 720 41 0 
602 755 92 0 
603 617 53 0 
605 749 57 0 
605 705 66 0 
605 699 98 0 
606 786 31 0 
606 617 73 0 
607 768 52 0 
607 665 27 0 
608 740 81 0 
608 652 42 0 
609 622 83 0 
610 762 23 0 
612 702 5 0 
612 673 7 0 
612 637 67 0 
613 696 98 0 
613 693 52 0 
613 617 8 0 
614 794 32 0 
616 667 9 0 
616 626 24 0 
617 700 85 0 
619 764 28 0 
619 693 42 0 
619 657 2 0 
619 634 39 0 
620 736 63 0 
620 691 92 0 
620 622 37 0 
622 724 22 0 
623 723 83 0 
623 716 60 0 
623 670 50 0 
623 656 26 0 
624 642 24 0 
625 636 73 0 
626 687 47 0 
626 638 30 0 
627 663 33 0 
630 708 55 0 
631 745 40 0 
631 734 40 0 
631 714 59 0 
632 777 70 0 
632 719 60 0 
632 653 12 0 
632 633 94 0 
633 654 26 0 
635 738 38 0 
638 790 29 0 
638 706 19 0 
639 790 58 0 
641 666 22 0 
642 783 40 0 
643 672 58 0 
645 783 15 0 
646 679 31 0 
649 791 66 0 
649 697 55 0 
652 794 40 0 
655 724 84 0 
655 717 64 0 
655 701 85 0 
658 784 49 0 
660 706 41 0 
661 729 77 0 
662 677 55 0 
665 725 78 0 
666 743 97 0 
667 673 61 0 
669 708 41 0 
670 738 9 0 
671 756 104 0 
675 769 53 0 
675 737 84 0 
676 751 59 0 
676 721 62 0 
677 795 54 0 
680 690 65 0 
680 681 95 0 
683 727 51 0 
684 751 39 0 
684 737 50 0 
685 739 82 0 
685 728 15 0 
690 755 67 0 
690 701 35 0 
691 761 41 0 
694 706 24 0 
697 752 56 0 
697 742 7 0 
697 703 48 0 
699 784 46 0 
699 782 10 0 
699 773 60 0 
700 775 78 0 
700 765 103 0 
701 782 58 0 
702 792 66 0 
704 797 77 0 
706 783 43 0 
706 781 1 0 
707 778 52 0 
709 796 19 0 
711 745 12 0 
711 717 85 0 
715 716 89 0 
716 745 83 0 
716 717 45 0 
717 773 34 0 
718 722 61 0 
719 796 26 0 
719 795 78 0 
719 720 46 0 
720 744 22 0 
723 759 87 0 
723 755 94 0 
724 795 27 0 
724 757 17 0 
726 771 99 0 
727 745 42 0 
727 733 62 0 
729 772 40 0 
729 755 102 0 
733 783 28 0 
734 747 34 0 
735 797 58 0 
736 762 48 0 
740 789 74 0 
745 787 46 0 
746 748 79 0 
746 747 62 0 
749 770 84 0 
750 773 16 0 
751 791 73 0 
753 783 37 0 
757 761 46 0 
765 797 122 0 
766 788 16 0 
773 780 45 0 
775 799 69 0 
775 776 83 0 
776 794 70 0 
777 796 21 0 
779 789 90 0 
789 793 45 0 
