#GRAPH (#nodes #edges id uu vv ww xx yy zz):
#172 762 geo(0,{100,40,5,0.200,0.250,75.000}) 40
#
VERTICES (index name u v w x y z):
123 123 0 0
124 124 0 0
125 125 0 0
126 126 0 0
127 127 0 0
128 128 0 0
130 130 0 0
131 131 0 0
132 132 0 0
133 133 0 0
134 134 0 0
135 135 0 0
137 137 0 0
138 138 0 0
139 139 0 0
140 140 0 0
141 141 0 0
142 142 0 0
143 143 0 0
144 144 0 0
145 145 0 0
146 146 0 0
147 147 0 0
149 149 0 0
150 150 0 0
151 151 0 0
152 152 0 0
153 153 0 0
154 154 0 0
155 155 0 0
156 156 0 0
157 157 0 0
158 158 0 0
159 159 0 0
160 160 0 0
161 161 0 0
162 162 0 0
163 163 0 0
164 164 0 0
165 165 0 0
166 166 0 0
167 167 0 0
168 168 0 0
169 169 0 0
170 170 0 0
171 171 0 0
172 172 0 0
173 173 0 0
174 174 0 0
175 175 0 0
176 176 0 0
177 177 0 0
178 178 0 0
179 179 0 0
180 180 0 0
181 181 0 0
182 182 0 0
183 183 0 0
184 184 0 0
185 185 0 0
186 186 0 0
187 187 0 0
188 188 0 0
189 189 0 0
193 193 0 0
195 195 0 0
196 196 0 0
197 197 0 0
198 198 0 0
199 199 0 0
200 200 0 0
201 201 0 0
202 202 0 0
203 203 0 0
204 204 0 0
205 205 0 0
206 206 0 0
207 207 0 0
208 208 0 0
209 209 0 0
210 210 0 0
212 212 0 0
213 213 0 0
214 214 0 0
215 215 0 0
216 216 0 0
217 217 0 0
218 218 0 0
219 219 0 0
220 220 0 0
221 221 0 0
222 222 0 0
226 226 0 0
227 227 0 0
228 228 0 0
229 229 0 0
230 230 0 0
231 231 0 0
232 232 0 0
233 233 0 0
234 234 0 0
235 235 0 0
236 236 0 0
237 237 0 0
238 238 0 0
239 239 0 0
241 241 0 0
242 242 0 0
243 243 0 0
244 244 0 0
245 245 0 0
246 246 0 0
247 247 0 0
248 248 0 0
249 249 0 0
250 250 0 0
252 252 0 0
253 253 0 0
254 254 0 0
255 255 0 0
256 256 0 0
257 257 0 0
258 258 0 0
259 259 0 0
260 260 0 0
261 261 0 0
262 262 0 0
264 264 0 0
265 265 0 0
274 274 0 0
275 275 0 0
276 276 0 0
277 277 0 0
278 278 0 0
279 279 0 0
280 280 0 0
281 281 0 0
282 282 0 0
283 283 0 0
284 284 0 0
285 285 0 0
286 286 0 0
287 287 0 0
289 289 0 0
290 290 0 0
291 291 0 0
293 293 0 0
294 294 0 0
295 295 0 0
296 296 0 0
297 297 0 0
299 299 0 0
300 300 0 0
301 301 0 0
302 302 0 0
303 303 0 0
304 304 0 0
305 305 0 0
306 306 0 0
307 307 0 0
308 308 0 0
309 309 0 0
310 310 0 0
311 311 0 0
312 312 0 0
313 313 0 0
314 314 0 0
315 315 0 0
316 316 0 0
317 317 0 0
318 318 0 0
319 319 0 0
#
EDGES (from-node to-node length a b):
123 128 0 0
123 150 0 0
123 151 0 0
123 152 0 0
123 124 0 0
123 125 0 0
123 126 0 0
123 127 0 0
124 178 0 0
124 123 0 0
125 257 0 0
125 274 0 0
125 123 0 0
125 282 0 0
125 127 0 0
126 282 0 0
126 123 0 0
126 127 0 0
127 128 0 0
127 123 0 0
127 125 0 0
127 126 0 0
128 257 0 0
128 123 0 0
128 127 0 0
130 131 0 0
130 260 0 0
130 133 0 0
131 130 0 0
132 202 0 0
132 262 0 0
132 134 0 0
133 130 0 0
133 195 0 0
133 261 0 0
133 134 0 0
133 264 0 0
133 202 0 0
133 203 0 0
133 262 0 0
134 132 0 0
134 261 0 0
134 262 0 0
134 236 0 0
134 237 0 0
134 133 0 0
135 200 0 0
135 201 0 0
137 195 0 0
137 228 0 0
137 202 0 0
137 139 0 0
137 140 0 0
137 141 0 0
137 142 0 0
137 143 0 0
137 144 0 0
137 203 0 0
138 228 0 0
138 140 0 0
138 141 0 0
138 142 0 0
138 143 0 0
139 137 0 0
139 170 0 0
139 227 0 0
140 226 0 0
140 227 0 0
140 137 0 0
140 138 0 0
140 144 0 0
140 145 0 0
140 146 0 0
140 147 0 0
140 170 0 0
141 137 0 0
141 138 0 0
141 144 0 0
141 145 0 0
141 146 0 0
141 147 0 0
141 170 0 0
142 137 0 0
142 138 0 0
142 147 0 0
142 170 0 0
142 227 0 0
143 137 0 0
143 138 0 0
144 137 0 0
144 140 0 0
144 141 0 0
145 140 0 0
145 141 0 0
146 140 0 0
146 141 0 0
147 164 0 0
147 140 0 0
147 141 0 0
147 142 0 0
147 165 0 0
149 152 0 0
149 249 0 0
149 250 0 0
149 158 0 0
149 151 0 0
150 152 0 0
150 249 0 0
150 250 0 0
150 123 0 0
150 156 0 0
150 157 0 0
150 158 0 0
151 123 0 0
151 149 0 0
152 153 0 0
152 123 0 0
152 149 0 0
152 150 0 0
153 152 0 0
154 162 0 0
154 158 0 0
154 159 0 0
155 162 0 0
155 274 0 0
155 158 0 0
156 162 0 0
156 159 0 0
156 157 0 0
156 150 0 0
156 158 0 0
157 244 0 0
157 156 0 0
157 150 0 0
158 244 0 0
158 149 0 0
158 150 0 0
158 154 0 0
158 155 0 0
158 156 0 0
158 159 0 0
159 154 0 0
159 156 0 0
159 282 0 0
159 158 0 0
160 162 0 0
160 236 0 0
160 237 0 0
160 275 0 0
160 276 0 0
160 181 0 0
161 162 0 0
161 275 0 0
161 236 0 0
161 237 0 0
161 179 0 0
161 180 0 0
161 181 0 0
161 276 0 0
162 160 0 0
162 161 0 0
162 168 0 0
162 169 0 0
162 275 0 0
162 276 0 0
162 154 0 0
162 155 0 0
162 156 0 0
163 168 0 0
163 169 0 0
163 170 0 0
163 171 0 0
163 173 0 0
164 147 0 0
164 166 0 0
165 167 0 0
165 168 0 0
165 169 0 0
165 171 0 0
165 147 0 0
165 277 0 0
166 168 0 0
166 169 0 0
166 164 0 0
166 277 0 0
167 165 0 0
167 168 0 0
167 169 0 0
167 170 0 0
167 171 0 0
167 275 0 0
168 162 0 0
168 163 0 0
168 165 0 0
168 166 0 0
168 167 0 0
168 236 0 0
168 170 0 0
168 172 0 0
168 237 0 0
168 174 0 0
169 162 0 0
169 163 0 0
169 165 0 0
169 166 0 0
169 167 0 0
169 236 0 0
169 172 0 0
169 173 0 0
169 174 0 0
169 237 0 0
169 277 0 0
170 163 0 0
170 167 0 0
170 168 0 0
170 172 0 0
170 139 0 0
170 140 0 0
170 141 0 0
170 142 0 0
170 200 0 0
170 178 0 0
170 174 0 0
171 163 0 0
171 165 0 0
171 198 0 0
171 167 0 0
171 200 0 0
171 201 0 0
171 199 0 0
171 172 0 0
171 173 0 0
171 174 0 0
171 177 0 0
171 178 0 0
171 277 0 0
172 168 0 0
172 169 0 0
172 170 0 0
172 171 0 0
172 173 0 0
172 174 0 0
172 175 0 0
173 169 0 0
173 163 0 0
173 172 0 0
173 171 0 0
173 175 0 0
174 168 0 0
174 169 0 0
174 170 0 0
174 171 0 0
174 172 0 0
174 175 0 0
175 172 0 0
175 173 0 0
175 174 0 0
176 178 0 0
177 171 0 0
178 176 0 0
178 170 0 0
178 171 0 0
178 124 0 0
178 282 0 0
179 161 0 0
179 186 0 0
179 239 0 0
179 182 0 0
179 183 0 0
180 161 0 0
180 239 0 0
180 182 0 0
180 183 0 0
180 185 0 0
180 186 0 0
180 285 0 0
181 160 0 0
181 161 0 0
181 239 0 0
181 183 0 0
181 184 0 0
181 185 0 0
181 186 0 0
182 242 0 0
182 179 0 0
182 180 0 0
182 185 0 0
182 186 0 0
182 285 0 0
182 286 0 0
183 241 0 0
183 242 0 0
183 179 0 0
183 180 0 0
183 181 0 0
183 185 0 0
184 181 0 0
185 180 0 0
185 181 0 0
185 182 0 0
185 183 0 0
186 179 0 0
186 180 0 0
186 181 0 0
186 182 0 0
187 289 0 0
187 195 0 0
187 202 0 0
187 203 0 0
187 188 0 0
187 189 0 0
188 289 0 0
188 187 0 0
188 189 0 0
188 229 0 0
189 187 0 0
189 188 0 0
193 200 0 0
193 203 0 0
193 204 0 0
195 196 0 0
195 133 0 0
195 137 0 0
195 201 0 0
195 218 0 0
195 187 0 0
196 195 0 0
196 203 0 0
197 202 0 0
197 203 0 0
198 171 0 0
198 213 0 0
199 290 0 0
199 171 0 0
199 213 0 0
200 193 0 0
200 291 0 0
200 135 0 0
200 170 0 0
200 171 0 0
200 213 0 0
201 203 0 0
201 135 0 0
201 291 0 0
201 202 0 0
201 171 0 0
201 210 0 0
201 195 0 0
201 212 0 0
201 213 0 0
202 291 0 0
202 132 0 0
202 133 0 0
202 137 0 0
202 255 0 0
202 201 0 0
202 217 0 0
202 218 0 0
202 187 0 0
202 197 0 0
203 193 0 0
203 196 0 0
203 197 0 0
203 137 0 0
203 255 0 0
203 201 0 0
203 218 0 0
203 187 0 0
203 133 0 0
204 193 0 0
204 205 0 0
205 204 0 0
206 213 0 0
207 220 0 0
207 294 0 0
207 212 0 0
207 222 0 0
207 214 0 0
208 295 0 0
208 301 0 0
208 212 0 0
208 213 0 0
208 214 0 0
208 220 0 0
208 221 0 0
208 222 0 0
209 295 0 0
209 210 0 0
209 212 0 0
209 213 0 0
209 214 0 0
209 222 0 0
210 201 0 0
210 209 0 0
210 306 0 0
210 216 0 0
210 219 0 0
210 222 0 0
212 201 0 0
212 207 0 0
212 208 0 0
212 209 0 0
212 216 0 0
212 219 0 0
212 222 0 0
213 304 0 0
213 198 0 0
213 199 0 0
213 200 0 0
213 201 0 0
213 206 0 0
213 208 0 0
213 209 0 0
213 216 0 0
213 217 0 0
213 218 0 0
213 219 0 0
213 221 0 0
213 222 0 0
214 305 0 0
214 207 0 0
214 208 0 0
214 209 0 0
214 306 0 0
214 215 0 0
214 216 0 0
214 217 0 0
214 218 0 0
215 217 0 0
215 214 0 0
216 210 0 0
216 212 0 0
216 213 0 0
216 214 0 0
216 217 0 0
216 218 0 0
217 293 0 0
217 295 0 0
217 202 0 0
217 236 0 0
217 301 0 0
217 302 0 0
217 303 0 0
217 304 0 0
217 306 0 0
217 213 0 0
217 214 0 0
217 215 0 0
217 216 0 0
217 253 0 0
217 254 0 0
218 195 0 0
218 202 0 0
218 203 0 0
218 236 0 0
218 237 0 0
218 301 0 0
218 306 0 0
218 213 0 0
218 214 0 0
218 216 0 0
218 303 0 0
218 253 0 0
219 220 0 0
219 210 0 0
219 212 0 0
219 213 0 0
220 208 0 0
220 219 0 0
220 207 0 0
221 208 0 0
221 213 0 0
222 207 0 0
222 208 0 0
222 209 0 0
222 210 0 0
222 307 0 0
222 212 0 0
222 213 0 0
226 140 0 0
227 139 0 0
227 140 0 0
227 142 0 0
227 287 0 0
228 137 0 0
228 138 0 0
228 229 0 0
228 309 0 0
229 228 0 0
229 188 0 0
229 309 0 0
229 230 0 0
230 229 0 0
231 233 0 0
231 234 0 0
232 233 0 0
232 234 0 0
233 232 0 0
233 234 0 0
233 231 0 0
234 231 0 0
234 232 0 0
234 233 0 0
234 235 0 0
234 236 0 0
234 237 0 0
235 234 0 0
235 236 0 0
235 237 0 0
235 310 0 0
236 160 0 0
236 161 0 0
236 134 0 0
236 168 0 0
236 169 0 0
236 234 0 0
236 235 0 0
236 238 0 0
236 217 0 0
236 218 0 0
237 160 0 0
237 161 0 0
237 134 0 0
237 168 0 0
237 169 0 0
237 234 0 0
237 235 0 0
237 238 0 0
237 218 0 0
238 312 0 0
238 236 0 0
238 237 0 0
239 314 0 0
239 179 0 0
239 180 0 0
239 181 0 0
241 183 0 0
241 245 0 0
241 247 0 0
241 316 0 0
241 317 0 0
241 318 0 0
242 182 0 0
242 247 0 0
242 243 0 0
242 244 0 0
242 245 0 0
242 246 0 0
242 183 0 0
242 316 0 0
242 317 0 0
242 318 0 0
243 242 0 0
243 245 0 0
243 318 0 0
243 247 0 0
244 242 0 0
244 318 0 0
244 245 0 0
244 247 0 0
244 316 0 0
244 157 0 0
244 158 0 0
244 319 0 0
245 248 0 0
245 241 0 0
245 242 0 0
245 243 0 0
245 244 0 0
246 242 0 0
247 248 0 0
247 241 0 0
247 242 0 0
247 243 0 0
247 244 0 0
248 245 0 0
248 247 0 0
249 149 0 0
249 150 0 0
250 149 0 0
250 150 0 0
252 253 0 0
252 255 0 0
253 217 0 0
253 218 0 0
253 252 0 0
254 217 0 0
254 255 0 0
255 202 0 0
255 203 0 0
255 252 0 0
255 254 0 0
256 280 0 0
257 128 0 0
257 274 0 0
257 282 0 0
257 125 0 0
258 312 0 0
258 259 0 0
259 258 0 0
259 261 0 0
259 262 0 0
260 130 0 0
261 259 0 0
261 133 0 0
261 134 0 0
262 264 0 0
262 259 0 0
262 132 0 0
262 133 0 0
262 134 0 0
264 133 0 0
264 262 0 0
265 275 0 0
274 257 0 0
274 155 0 0
274 125 0 0
275 160 0 0
275 161 0 0
275 162 0 0
275 167 0 0
275 265 0 0
275 276 0 0
275 278 0 0
275 279 0 0
275 282 0 0
275 283 0 0
276 160 0 0
276 161 0 0
276 162 0 0
276 275 0 0
276 279 0 0
276 281 0 0
277 169 0 0
277 171 0 0
277 165 0 0
277 166 0 0
278 283 0 0
278 275 0 0
279 280 0 0
279 281 0 0
279 275 0 0
279 276 0 0
280 256 0 0
280 279 0 0
281 283 0 0
281 276 0 0
281 279 0 0
282 257 0 0
282 178 0 0
282 275 0 0
282 125 0 0
282 126 0 0
282 159 0 0
283 281 0 0
283 275 0 0
283 278 0 0
284 285 0 0
284 317 0 0
285 284 0 0
285 180 0 0
285 317 0 0
285 182 0 0
285 316 0 0
286 317 0 0
286 182 0 0
287 227 0 0
289 187 0 0
289 188 0 0
290 199 0 0
291 200 0 0
291 201 0 0
291 202 0 0
293 304 0 0
293 217 0 0
293 300 0 0
293 301 0 0
293 303 0 0
294 299 0 0
294 207 0 0
295 304 0 0
295 299 0 0
295 303 0 0
295 208 0 0
295 209 0 0
295 306 0 0
295 217 0 0
296 299 0 0
296 300 0 0
297 300 0 0
299 296 0 0
299 294 0 0
299 295 0 0
300 296 0 0
300 297 0 0
300 293 0 0
301 304 0 0
301 293 0 0
301 208 0 0
301 306 0 0
301 217 0 0
301 218 0 0
302 304 0 0
302 217 0 0
302 303 0 0
303 293 0 0
303 295 0 0
303 302 0 0
303 304 0 0
303 217 0 0
303 218 0 0
304 293 0 0
304 295 0 0
304 301 0 0
304 302 0 0
304 303 0 0
304 306 0 0
304 308 0 0
304 213 0 0
304 217 0 0
305 214 0 0
306 295 0 0
306 301 0 0
306 304 0 0
306 210 0 0
306 214 0 0
306 217 0 0
306 218 0 0
307 222 0 0
308 304 0 0
309 228 0 0
309 229 0 0
310 312 0 0
310 235 0 0
310 311 0 0
311 312 0 0
311 310 0 0
312 258 0 0
312 310 0 0
312 238 0 0
312 311 0 0
313 316 0 0
314 315 0 0
314 239 0 0
315 314 0 0
316 285 0 0
316 241 0 0
316 242 0 0
316 244 0 0
316 313 0 0
316 317 0 0
317 316 0 0
317 241 0 0
317 242 0 0
317 284 0 0
317 285 0 0
317 286 0 0
318 241 0 0
318 242 0 0
318 243 0 0
318 244 0 0
319 244 0 0
