#GRAPH (#nodes #edges id uu vv ww xx yy zz):
#121 296 geo(0,{100,40,5,0.200,0.250,75.000}) 40
#
VERTICES (index name u v w x y z):
530 530 0 0
552 552 0 0
553 553 0 0
554 554 0 0
556 556 0 0
557 557 0 0
60 60 0 0
91 91 0 0
108 108 0 0
109 109 0 0
112 112 0 0
113 113 0 0
-397 -397 0 0
-396 -396 0 0
-394 -394 0 0
-393 -393 0 0
-391 -391 0 0
-384 -384 0 0
-378 -378 0 0
-364 -364 0 0
-359 -359 0 0
-355 -355 0 0
115 115 0 0
-323 -323 0 0
190 190 0 0
191 191 0 0
-320 -320 0 0
118 118 0 0
-310 -310 0 0
-300 -300 0 0
-296 -296 0 0
-288 -288 0 0
-283 -283 0 0
230 230 0 0
-281 -281 0 0
-278 -278 0 0
-276 -276 0 0
-274 -274 0 0
-272 -272 0 0
-271 -271 0 0
-270 -270 0 0
-267 -267 0 0
249 249 0 0
262 262 0 0
471 471 0 0
-242 -242 0 0
472 472 0 0
-236 -236 0 0
-233 -233 0 0
-218 -218 0 0
-214 -214 0 0
-209 -209 0 0
-198 -198 0 0
-197 -197 0 0
-196 -196 0 0
-192 -192 0 0
-191 -191 0 0
-190 -190 0 0
-180 -180 0 0
-175 -175 0 0
-174 -174 0 0
-159 -159 0 0
-156 -156 0 0
-155 -155 0 0
-151 -151 0 0
-150 -150 0 0
-142 -142 0 0
-129 -129 0 0
-110 -110 0 0
-106 -106 0 0
-105 -105 0 0
-98 -98 0 0
-93 -93 0 0
497 497 0 0
-84 -84 0 0
-83 -83 0 0
-81 -81 0 0
-76 -76 0 0
-74 -74 0 0
-73 -73 0 0
-72 -72 0 0
-71 -71 0 0
-63 -63 0 0
-61 -61 0 0
-57 -57 0 0
456 456 0 0
-51 -51 0 0
462 462 0 0
463 463 0 0
464 464 0 0
465 465 0 0
466 466 0 0
467 467 0 0
468 468 0 0
469 469 0 0
470 470 0 0
-41 -41 0 0
-40 -40 0 0
473 473 0 0
-38 -38 0 0
-37 -37 0 0
-36 -36 0 0
-35 -35 0 0
480 480 0 0
482 482 0 0
483 483 0 0
-25 -25 0 0
-23 -23 0 0
490 490 0 0
-21 -21 0 0
-20 -20 0 0
493 493 0 0
496 496 0 0
-15 -15 0 0
498 498 0 0
500 500 0 0
-11 -11 0 0
-10 -10 0 0
-5 -5 0 0
-4 -4 0 0
-2 -2 0 0
#
EDGES (from-node to-node length a b):
530 462 0 0
530 463 0 0
552 472 0 0
552 -23 0 0
552 230 0 0
553 472 0 0
553 -23 0 0
553 230 0 0
554 472 0 0
554 -23 0 0
554 230 0 0
556 472 0 0
557 472 0 0
60 -61 0 0
60 -278 0 0
60 112 0 0
60 -105 0 0
60 472 0 0
60 -359 0 0
60 -150 0 0
91 262 0 0
91 -23 0 0
91 -150 0 0
91 112 0 0
91 472 0 0
91 -38 0 0
108 -61 0 0
108 -23 0 0
108 -278 0 0
108 112 0 0
108 -106 0 0
108 -105 0 0
108 472 0 0
108 -38 0 0
109 -23 0 0
109 112 0 0
109 -106 0 0
109 472 0 0
109 -359 0 0
109 -38 0 0
112 -384 0 0
112 230 0 0
112 -397 0 0
112 -25 0 0
112 108 0 0
112 109 0 0
112 113 0 0
112 466 0 0
112 115 0 0
112 468 0 0
112 118 0 0
112 471 0 0
112 472 0 0
112 -76 0 0
112 91 0 0
112 60 0 0
112 -296 0 0
112 190 0 0
112 191 0 0
113 -61 0 0
113 262 0 0
113 -23 0 0
113 -278 0 0
113 112 0 0
113 -106 0 0
113 -105 0 0
113 472 0 0
113 -359 0 0
113 -150 0 0
115 -23 0 0
115 -278 0 0
115 112 0 0
115 -106 0 0
115 -105 0 0
115 472 0 0
115 -150 0 0
190 -61 0 0
190 -23 0 0
190 -278 0 0
190 112 0 0
190 -106 0 0
190 -105 0 0
190 472 0 0
190 -38 0 0
191 112 0 0
191 472 0 0
191 -106 0 0
191 -23 0 0
118 112 0 0
230 -25 0 0
230 456 0 0
230 553 0 0
230 554 0 0
230 112 0 0
230 552 0 0
230 467 0 0
230 -106 0 0
230 471 0 0
230 -359 0 0
230 249 0 0
230 -38 0 0
230 -37 0 0
230 -150 0 0
249 472 0 0
249 230 0 0
262 -25 0 0
262 113 0 0
262 466 0 0
262 91 0 0
262 471 0 0
471 -61 0 0
471 230 0 0
471 262 0 0
471 456 0 0
471 -150 0 0
471 -106 0 0
471 112 0 0
471 -142 0 0
471 469 0 0
471 470 0 0
471 -105 0 0
471 -359 0 0
471 -38 0 0
472 -378 0 0
472 -242 0 0
472 -37 0 0
472 552 0 0
472 553 0 0
472 554 0 0
472 556 0 0
472 557 0 0
472 60 0 0
472 190 0 0
472 191 0 0
472 456 0 0
472 466 0 0
472 467 0 0
472 -300 0 0
472 -40 0 0
472 91 0 0
472 108 0 0
472 109 0 0
472 112 0 0
472 113 0 0
472 115 0 0
472 249 0 0
472 -129 0 0
497 493 0 0
497 462 0 0
456 480 0 0
456 482 0 0
456 -15 0 0
456 -155 0 0
456 230 0 0
456 -57 0 0
456 -23 0 0
456 -214 0 0
456 -25 0 0
456 463 0 0
456 465 0 0
456 -300 0 0
456 -10 0 0
456 471 0 0
456 472 0 0
456 473 0 0
456 -198 0 0
456 -76 0 0
456 -36 0 0
456 -35 0 0
462 490 0 0
462 498 0 0
462 463 0 0
462 496 0 0
462 497 0 0
462 530 0 0
462 -364 0 0
463 -378 0 0
463 -63 0 0
463 -41 0 0
463 -242 0 0
463 530 0 0
463 -236 0 0
463 -233 0 0
463 -81 0 0
463 -110 0 0
463 -84 0 0
463 -83 0 0
463 -209 0 0
463 -98 0 0
463 -74 0 0
463 -73 0 0
463 -72 0 0
463 500 0 0
463 -197 0 0
463 -196 0 0
463 -192 0 0
463 -191 0 0
463 -190 0 0
463 456 0 0
463 -180 0 0
463 -51 0 0
463 462 0 0
463 -300 0 0
463 -71 0 0
463 473 0 0
463 -288 0 0
463 -159 0 0
463 483 0 0
463 -156 0 0
463 -283 0 0
463 -281 0 0
463 -151 0 0
463 -276 0 0
463 493 0 0
463 -274 0 0
463 -272 0 0
463 -271 0 0
463 -270 0 0
463 -396 0 0
463 -11 0 0
463 -393 0 0
463 -391 0 0
463 -5 0 0
463 -4 0 0
464 -175 0 0
464 493 0 0
465 456 0 0
465 -300 0 0
465 -242 0 0
465 -378 0 0
465 -129 0 0
466 262 0 0
466 -23 0 0
466 -20 0 0
466 112 0 0
466 -15 0 0
466 469 0 0
466 470 0 0
466 472 0 0
467 472 0 0
467 -93 0 0
467 230 0 0
468 -61 0 0
468 -218 0 0
468 -278 0 0
468 -20 0 0
468 -35 0 0
468 112 0 0
468 -15 0 0
468 -106 0 0
468 -105 0 0
468 -38 0 0
468 -150 0 0
468 -2 0 0
469 -25 0 0
469 -310 0 0
469 -21 0 0
469 466 0 0
469 471 0 0
469 -355 0 0
470 466 0 0
470 -25 0 0
470 -174 0 0
470 471 0 0
473 -320 0 0
473 456 0 0
473 -242 0 0
473 463 0 0
473 -300 0 0
473 -267 0 0
473 -394 0 0
473 -323 0 0
473 -129 0 0
480 456 0 0
480 -300 0 0
480 -242 0 0
480 -129 0 0
482 456 0 0
482 -175 0 0
482 -300 0 0
482 -242 0 0
482 -378 0 0
483 463 0 0
490 498 0 0
490 462 0 0
493 464 0 0
493 496 0 0
493 498 0 0
493 497 0 0
493 463 0 0
496 493 0 0
496 462 0 0
498 490 0 0
498 493 0 0
498 462 0 0
500 463 0 0
