#GRAPH (#nodes #edges id uu vv ww xx yy zz):
#40 61 geo(0,{100,40,5,0.200,0.250,75.000}) 40
#
VERTICES (index name u v w x y z):
0 0 0 0
1 1 0 0
2 2 0 0
3 3 0 0
4 4 0 0
5 5 0 0
6 6 0 0
7 7 0 0
8 8 0 0
9 9 0 0
10 10 0 0
11 11 0 0
12 12 0 0
13 13 0 0
14 14 0 0
15 15 0 0
16 16 0 0
17 17 0 0
18 18 0 0
19 19 0 0
20 20 0 0
21 21 0 0
22 22 0 0
23 23 0 0
24 24 0 0
25 25 0 0
26 26 0 0
27 27 0 0
28 28 0 0
29 29 0 0
30 30 0 0
31 31 0 0
32 32 0 0
33 33 0 0
34 34 0 0
35 35 0 0
36 36 0 0
37 37 0 0
38 38 0 0
39 39 0 0
#
EDGES (from-node to-node length a b):
0 1 0 0
0 2 0 0
0 4 0 0
0 34 0 0
0 30 0 0
1 33 0 0
2 32 0 0
2 35 0 0
2 36 0 0
2 38 0 0
2 4 0 0
2 31 0 0
3 10 0 0
3 19 0 0
3 4 0 0
3 5 0 0
3 30 0 0
4 5 0 0
4 6 0 0
4 8 0 0
4 16 0 0
4 17 0 0
4 29 0 0
4 31 0 0
5 23 0 0
6 7 0 0
7 8 0 0
7 25 0 0
7 34 0 0
8 25 0 0
8 9 0 0
9 25 0 0
9 18 0 0
9 29 0 0
9 15 0 0
11 13 0 0
12 14 0 0
12 20 0 0
12 13 0 0
12 22 0 0
12 15 0 0
13 14 0 0
13 22 0 0
15 29 0 0
16 34 0 0
17 30 0 0
21 27 0 0
22 26 0 0
22 27 0 0
22 23 0 0
23 29 0 0
24 25 0 0
24 34 0 0
27 28 0 0
28 29 0 0
30 39 0 0
32 34 0 0
33 34 0 0
35 36 0 0
36 37 0 0
38 39 0 0
