GRAPH (#nodes #edges id uu vv ww xx yy zz):
12 30 geo(0,{100,40,5,0.200,0.250,75.000}) 40

VERTICES (index name u v w x y z):
0 0 0 0
1 1 0 0
2 2 0 0
3 3 0 0
4 4 0 0
5 5 0 0
6 6 0 0
7 7 0 0
8 8 0 0
9 9 0 0
10 10 0 0
11 11 0 0

EDGES (from-node to-node length a b):
0 4 0 0
0 7 0 0
1 2 0 0
1 7 0 0
1 11 0 0
1 8 0 0
2 1 0 0
2 5 0 0
3 9 0 0
3 4 0 0
4 0 0 0
4 9 0 0
4 3 0 0
5 2 0 0
5 10 0 0
6 9 0 0
6 7 0 0
6 8 0 0
7 0 0 0
7 1 0 0
7 6 0 0
8 1 0 0
8 10 0 0
8 6 0 0
9 3 0 0
9 4 0 0
9 6 0 0
10 5 0 0
10 8 0 0
11 1 0 0
